2019/9/23	5.04	5.04	4.92	4.94	8177002	40557824
2019/9/20	5.11	5.2	5.04	5.06	16947713	86567928
2019/9/19	4.88	4.97	4.86	4.96	4784900	23539498
2019/9/18	4.9	4.94	4.87	4.89	3428636	16815820
2019/9/17	4.99	4.99	4.85	4.87	4739216	23238946
2019/9/16	5.05	5.06	4.98	4.99	5713700	28608056
2019/9/12	4.94	5.04	4.91	5.02	9009017	44904652
2019/9/11	4.94	4.95	4.9	4.91	5327339	26268090
2019/9/10	4.93	4.94	4.88	4.93	5802219	28474116
2019/9/9	4.93	4.95	4.89	4.93	6761100	33221716
2019/9/6	4.93	4.94	4.83	4.89	8142326	39676856
2019/9/5	5.05	5.1	4.92	4.92	14380270	71617184
2019/9/4	4.84	4.98	4.84	4.97	12660200	62414048
2019/9/3	4.78	4.87	4.78	4.86	5428653	26135056
2019/9/2	4.66	4.87	4.66	4.84	7751955	37127788
2019/8/30	4.77	4.77	4.67	4.67	4422740	20848166
2019/8/29	4.76	4.78	4.72	4.74	3106498	14758734
2019/8/28	4.85	4.86	4.74	4.76	5129100	24497114
2019/8/27	4.86	4.9	4.82	4.85	6166037	29977648
2019/8/26	4.67	4.8	4.58	4.8	4460062	21007544
2019/8/23	4.76	4.83	4.72	4.75	3649477	17397370
2019/8/22	4.79	4.81	4.71	4.76	3861488	18327764
2019/8/21	4.85	4.87	4.76	4.79	6279273	30247588
2019/8/20	4.71	5.03	4.71	4.9	12693762	62101212
2019/8/19	4.61	4.72	4.6	4.7	4875300	22744334
2019/8/16	4.56	4.64	4.54	4.58	3541700	16280036
2019/8/15	4.47	4.59	4.42	4.59	4820077	21812544
2019/8/14	4.62	4.65	4.56	4.57	3897084	17922484
2019/8/13	4.66	4.66	4.53	4.59	3270672	14974704
2019/8/12	4.61	4.67	4.58	4.67	3130480	14436320
2019/8/9	4.72	4.72	4.59	4.6	3528632	16377662
2019/8/8	4.69	4.72	4.68	4.68	2586000	12144937
2019/8/7	4.78	4.78	4.68	4.69	3119097	14692538
2019/8/6	4.88	4.88	4.63	4.73	6173302	29282776
2019/8/5	4.94	4.98	4.89	4.91	4665600	23055278
2019/8/2	4.89	4.94	4.85	4.9	5321055	26041350
2019/8/1	5.04	5.05	4.99	5	3292851	16484273
2019/7/31	5.07	5.08	5	5.04	3508932	17676460
2019/7/30	5.06	5.13	5.04	5.09	4877369	24843718
2019/7/29	5.07	5.08	5.02	5.04	3098038	15630418
2019/7/26	5.04	5.07	5.01	5.07	3403900	17159948
2019/7/25	5.05	5.08	5.02	5.04	3369400	16990712
2019/7/24	4.98	5.11	4.98	5.05	4588513	23244038
2019/7/23	4.99	5.05	4.96	5.02	4710709	23602644
2019/7/22	5.08	5.11	4.98	4.99	4912340	24674346
2019/7/19	5.05	5.14	5.03	5.05	3910636	19850448
2019/7/18	5.1	5.13	5.01	5.01	3810946	19256454
2019/7/17	5.12	5.13	5.08	5.11	3662216	18716270
2019/7/16	5.07	5.1	5.04	5.1	5605132	28440790
2019/7/15	5.1	5.1	4.91	5.06	15292229	76436216
2019/7/12	5.25	5.29	5.08	5.1	12407677	63824520
2019/7/11	5.29	5.34	5.24	5.25	3463833	18323296
2019/7/10	5.25	5.36	5.23	5.26	3821033	20208748
2019/7/9	5.31	5.38	5.26	5.3	3874502	20568136
2019/7/8	5.5	5.52	5.32	5.35	6030402	32539142
2019/7/5	5.4	5.54	5.38	5.53	9049246	49721400
2019/7/4	5.34	5.49	5.3	5.42	7362568	39851692
2019/7/3	5.39	5.4	5.31	5.33	3452010	18424640
2019/7/2	5.38	5.41	5.36	5.39	3299600	17770696
2019/7/1	5.45	5.45	5.37	5.4	4853716	26202652
2019/6/28	5.4	5.42	5.28	5.31	3876692	20623232
2019/6/27	5.39	5.44	5.38	5.4	3742419	20233318
2019/6/26	5.42	5.45	5.38	5.39	3439824	18627594
2019/6/25	5.46	5.49	5.33	5.42	5812100	31463676
2019/6/24	5.44	5.54	5.44	5.47	3437600	18833120
2019/6/21	5.48	5.56	5.48	5.51	5845900	32220176
2019/6/20	5.52	5.53	5.44	5.48	7329580	40201044
2019/6/19	5.73	5.75	5.54	5.57	8225400	46055712
2019/6/18	5.42	5.62	5.37	5.61	13563550	74781744
2019/6/17	5.4	5.44	5.29	5.43	6388897	34288468
2019/6/14	5.5	5.5	5.28	5.32	7179563	38723036
2019/6/13	5.49	5.49	5.39	5.46	9435170	51314852
2019/6/12	5.37	5.54	5.32	5.5	20446829	111844768
2019/6/11	5.09	5.37	5.08	5.37	15702900	83070520
2019/6/10	4.93	5.05	4.44	5.04	8553800	42089508
2019/6/6	5.09	5.09	4.9	4.93	6081200	30362448
2019/6/5	5.13	5.14	5.06	5.08	3713110	18934908
2019/6/4	5.11	5.15	5.07	5.08	5008800	25564044
2019/6/3	5.19	5.24	5.1	5.11	5175900	26601304
2019/5/31	5.19	5.24	5.16	5.19	4204796	21854998
2019/5/30	5.2	5.22	5.12	5.19	5574701	28765306
2019/5/29	5.2	5.27	5.18	5.23	5179893	27075674
2019/5/28	5.19	5.27	5.18	5.19	5406000	28269436
2019/5/27	5.14	5.24	5.11	5.21	5916168	30668190
2019/5/24	5.15	5.19	5.11	5.12	4346094	22355580
2019/5/23	5.25	5.27	5.15	5.15	5461001	28396298
2019/5/22	5.37	5.39	5.21	5.23	6554011	34654636
2019/5/21	5.3	5.39	5.25	5.36	7730992	41292432
2019/5/20	5.25	5.4	5.15	5.32	8521442	44826304
2019/5/17	5.47	5.49	5.22	5.26	10809102	58031172
2019/5/16	5.42	5.54	5.4	5.49	9633379	52787708
2019/5/15	5.42	5.46	5.38	5.44	8876001	48128532
2019/5/14	5.42	5.52	5.36	5.37	10599334	57779808
2019/5/13	5.45	5.52	5.4	5.42	9061300	49423624
2019/5/10	5.38	5.52	5.11	5.5	13632101	73813304
2019/5/9	5.3	5.41	5.3	5.35	6404400	34351456
2019/5/8	5.37	5.5	5.32	5.37	10227701	55325208
2019/5/7	5.5	5.63	5.42	5.52	9826500	54280492
2019/5/6	5.86	5.86	5.42	5.5	17515592	98596768
2019/4/30	5.94	6.06	5.92	6.02	8670448	52104752
2019/4/29	6.03	6.12	5.97	5.97	15204900	91991168
2019/4/26	6.2	6.25	6.02	6.02	22832600	139665856
2019/4/25	6.28	6.77	6.18	6.32	34672306	222745360
2019/4/24	6.28	6.33	6.18	6.32	13720137	85778112
2019/4/23	6.47	6.48	6.16	6.26	25114001	157854464
2019/4/22	6.63	6.66	6.45	6.51	26988093	176303264
2019/4/19	6.39	6.76	6.38	6.68	49597076	328559008
2019/4/18	6.36	6.47	6.32	6.39	19991453	127823376
2019/4/17	6.38	6.43	6.31	6.38	23702699	150676384
2019/4/16	6.17	6.53	6.13	6.41	29554522	188055600
2019/4/15	6.31	6.38	6.16	6.17	16208388	101843080
2019/4/12	6.26	6.32	6.12	6.24	19740901	122460952
2019/4/11	6.2	6.45	6.15	6.2	27672340	173694192
2019/4/10	6.35	6.35	6.16	6.22	23584348	147021248
2019/4/9	6.24	6.5	6.12	6.4	37154368	234501072
2019/4/8	6.39	6.41	6.22	6.34	22329536	141316320
2019/4/4	6.36	6.4	6.24	6.32	24147557	152623632
2019/4/3	6.19	6.54	6.16	6.37	34047591	216887728
2019/4/2	6.27	6.33	6.18	6.24	22006686	137414736
2019/4/1	6.11	6.25	6.11	6.23	22242710	138073648
2019/3/29	5.94	6.1	5.86	6.08	17198908	103196272
2019/3/28	5.98	6.06	5.91	5.94	11826500	70716448
2019/3/27	6.11	6.11	5.91	6.01	13225105	79061616
2019/3/26	6.24	6.24	6.01	6.02	17295011	105866664
2019/3/25	6.18	6.29	6.13	6.17	17447100	108487776
2019/3/22	6.35	6.37	6.19	6.32	23541681	147497568
2019/3/21	6.29	6.51	6.24	6.37	47178869	301705952
2019/3/20	6.3	6.37	6.15	6.24	27490687	171570128
2019/3/19	6.4	6.54	6.22	6.34	44691376	283688256
2019/3/18	6.09	6.38	6.05	6.34	46305670	290538944
2019/3/15	5.97	6.16	5.91	6.09	27924454	168531648
2019/3/14	6.05	6.07	5.78	5.88	24030811	141979392
2019/3/13	5.96	6.4	5.89	6.14	39113201	240464640
2019/3/12	5.93	5.99	5.81	5.95	22554181	133608128
2019/3/11	5.67	5.87	5.67	5.87	18154472	104993040
2019/3/8	6.09	6.09	5.67	5.67	32047984	188320912
2019/3/7	6.13	6.26	6.1	6.17	36581427	225713712
2019/3/6	6.13	6.15	6.02	6.13	33391203	203370240
2019/3/5	6.1	6.23	6.02	6.15	34032167	208064416
2019/3/4	5.98	6.44	5.94	6.14	50000443	306314368
2019/3/1	5.9	6.13	5.84	6	33397489	199871120
2019/2/28	5.92	6.06	5.83	5.9	25469206	150839504
2019/2/27	5.97	6.06	5.81	5.91	44493717	264424672
2019/2/26	5.78	6.35	5.69	6.12	67093522	414176000
2019/2/25	5.52	5.84	5.49	5.77	38730154	219389008
2019/2/22	5.43	5.49	5.39	5.48	18774625	102110120
2019/2/21	5.55	5.64	5.45	5.47	25261523	140254272
2019/2/20	5.49	5.55	5.42	5.55	16614252	91236544
2019/2/19	5.5	5.59	5.39	5.48	19876490	109017664
2019/2/18	5.46	5.54	5.43	5.54	18559797	101957616
2019/2/15	5.42	5.58	5.39	5.39	15938330	87198400
2019/2/14	5.42	5.49	5.38	5.44	12186300	66179296
2019/2/13	5.38	5.45	5.33	5.45	16395301	88585880
2019/2/12	5.32	5.45	5.29	5.39	13102480	70334104
2019/2/11	5.17	5.33	5.17	5.32	9371600	49369752
2019/2/1	5.1	5.19	5.05	5.19	7136637	36595468
2019/1/31	5.13	5.18	5.02	5.04	7763800	39634616
2019/1/30	5.14	5.19	5.1	5.13	5978163	30836492
2019/1/29	5.26	5.27	5.06	5.14	9970501	51262988
2019/1/28	5.34	5.37	5.26	5.27	7362300	39116524
2019/1/25	5.34	5.37	5.31	5.32	8547304	45657636
2019/1/24	5.42	5.42	5.27	5.33	13966239	74677440
2019/1/23	5.39	5.46	5.38	5.43	7574711	41032520
2019/1/22	5.47	5.47	5.38	5.41	10363901	56156676
2019/1/21	5.49	5.61	5.43	5.5	15209000	83578400
2019/1/18	5.36	5.52	5.36	5.49	17588743	96252800
2019/1/17	5.42	5.46	5.36	5.39	10387100	56076336
2019/1/16	5.54	5.55	5.4	5.41	14934754	81451624
2019/1/15	5.4	5.55	5.37	5.52	23672009	130075632
2019/1/14	5.46	5.47	5.31	5.33	15306700	82263064
2019/1/11	5.4	5.52	5.4	5.47	15677345	85480568
2019/1/10	5.49	5.53	5.39	5.43	21775355	118886632
2019/1/9	5.55	5.65	5.45	5.47	29975645	166953136
2019/1/8	5.57	5.77	5.43	5.56	35237499	197194912
2019/1/7	5.6	5.79	5.51	5.55	45502017	256049744
2019/1/4	5.11	5.65	5.07	5.52	42395745	229414592
2019/1/3	5.2	5.27	5.13	5.2	20971174	108785752
2019/1/2	5.11	5.45	5.1	5.27	31626251	165963776
2018/12/28	5.01	5.15	5	5.06	18172949	92198112
2018/12/27	5.37	5.4	5	5.01	26148156	135521520
2018/12/26	5.28	5.33	5.2	5.28	19055634	100384776
2018/12/25	5.32	5.33	5.09	5.29	27324644	142325248
2018/12/24	5.39	5.45	5.33	5.4	21093932	113713944
2018/12/21	5.48	5.53	5.23	5.38	34662735	186842352
2018/12/20	5.47	5.6	5.41	5.56	31069786	170831168
2018/12/19	5.58	5.68	5.44	5.57	38685221	214697840
2018/12/18	5.74	5.79	5.49	5.51	52980938	298597984
2018/12/17	5.61	6.15	5.56	5.9	80943880	471537056
2018/12/14	5.58	5.94	5.42	5.69	94334407	531690624
2018/12/13	4.9	5.4	4.89	5.4	28034913	149156400
2018/12/12	4.89	4.94	4.85	4.91	6867400	33595972
2018/12/11	4.92	4.95	4.85	4.87	7339600	35896544
2018/12/10	4.97	4.98	4.91	4.92	5603700	27695618
2018/12/7	4.91	5.04	4.9	4.98	8621000	42929548
2018/12/6	4.92	5.05	4.92	4.94	9393119	46652068
2018/12/5	4.97	5.03	4.91	4.95	8842800	43847512
2018/12/4	5.02	5.09	4.96	5.05	10831400	54285932
2018/12/3	5	5.06	4.91	5.01	13109847	65382420
2018/11/30	4.84	4.9	4.73	4.85	10653220	51446876
2018/11/29	5.04	5.11	4.84	4.85	14517857	72575776
2018/11/28	4.92	5.09	4.81	5.06	15827320	78606392
2018/11/27	4.92	4.96	4.89	4.92	6628500	32580540
2018/11/26	4.92	4.99	4.83	4.89	8824300	43179740
2018/11/23	5.14	5.22	4.9	4.92	17178900	86605032
2018/11/22	5.21	5.26	5.14	5.17	11401200	59192908
2018/11/21	5.12	5.33	5.09	5.18	16643030	86616128
2018/11/20	5.26	5.53	5.21	5.22	28250138	151925360
2018/11/19	5.29	5.35	5.2	5.34	18398107	96882648
2018/11/16	5.35	5.39	5.26	5.31	22380107	119053088
2018/11/15	5.24	5.41	5.2	5.4	25318744	134067192
2018/11/14	5.32	5.64	5.3	5.37	45229115	246836464
2018/11/13	5.16	5.36	5.13	5.34	29264421	153744352
2018/11/12	5.1	5.29	4.99	5.27	24970572	129918224
2018/11/9	5.2	5.34	5.14	5.14	28545040	149704656
2018/11/8	5.29	5.33	5.14	5.21	30530345	159645808
2018/11/7	5.52	5.52	5.26	5.27	49504437	264718080
2018/11/6	4.97	5.52	4.95	5.52	64737892	344131136
2018/11/5	5.07	5.07	4.96	5.02	21529841	107896952
2018/11/2	5.05	5.11	5	5.09	29257378	148130080
2018/11/1	5.11	5.16	5	5.06	35955763	182284448
2018/10/31	4.99	5.2	4.94	5.01	45003595	229156976
2018/10/30	4.75	5.06	4.62	5.01	32742169	159993040
2018/10/29	4.72	4.89	4.61	4.73	15499811	73665112
2018/10/26	4.9	4.95	4.66	4.71	20468623	98478416
2018/10/25	4.81	4.93	4.75	4.87	19442309	94165152
2018/10/24	4.9	5.08	4.73	5.02	32369626	160035168
2018/10/23	5.01	5.08	4.88	4.94	30190578	150022096
2018/10/22	4.82	5.2	4.81	5.09	44025581	219544096
2018/10/19	4.59	4.91	4.29	4.8	37045637	175089120
2018/10/18	4.8	5.07	4.66	4.72	50506794	244492352
2018/10/17	4.43	4.81	4.33	4.81	39388384	179959712
2018/10/16	4.51	4.59	4.29	4.37	22624727	100045832
2018/10/15	4.69	4.78	4.5	4.53	20714889	95569120
2018/10/12	4.64	4.82	4.43	4.72	28937492	133534656
2018/10/11	4.7	5	4.46	4.72	42648842	204618016
2018/10/10	5	5.07	4.75	4.85	36234390	177471968
2018/10/9	5.13	5.18	4.98	5.07	34491953	175260928
2018/10/8	5.04	5.23	4.95	5.03	38566773	196949872
2018/9/28	5.16	5.34	5.02	5.18	53148959	273747648
2018/9/27	5.06	5.59	4.96	5.22	77992049	410471232
2018/9/26	5.01	5.25	4.91	5.14	56793817	287509088
2018/9/25	5	5.29	4.91	5.08	60727572	306929024
2018/9/21	5.03	5.61	4.95	5.1	91871056	481356288
2018/9/20	4.71	5.17	4.51	5.17	75940696	366803968
2018/9/19	4.51	4.7	4.42	4.7	56325362	260842624
2018/9/18	3.92	4.27	3.85	4.27	17688418	72788688
2018/9/17	3.98	4	3.86	3.88	6807505	26541402
2018/9/14	4.02	4.09	4	4	7492215	30331056
2018/9/13	4.05	4.08	3.97	4.05	8182400	32927768
2018/9/12	4.08	4.1	4.01	4.04	7838025	31755790
2018/9/11	4.15	4.18	3.86	4.06	13936039	56269752
2018/9/10	4.16	4.46	4.1	4.21	29400380	125803992
2018/9/7	3.88	4.27	3.87	4.27	31093026	130701520
2018/9/6	3.87	3.94	3.85	3.88	4891615	19057298
2018/9/5	3.95	4.04	3.92	3.93	6269337	24891620
2018/9/4	3.93	3.98	3.9	3.97	5829716	22991238
2018/9/3	3.9	3.96	3.85	3.96	6594002	25781588
2018/8/31	3.92	3.92	3.81	3.89	7297512	28241978
2018/8/30	4.02	4.06	3.91	3.91	9159437	36313836
2018/8/29	4.11	4.15	4.01	4.03	7357700	30000880
2018/8/28	4.11	4.17	4.08	4.11	9172008	37723588
2018/8/27	4.15	4.2	4.03	4.17	8620700	35590904
2018/8/24	4.22	4.25	4.13	4.15	6472194	27061208
2018/8/23	4.18	4.22	4.07	4.17	6494232	26911586
2018/8/22	4.21	4.26	4.15	4.18	6912603	28957088
2018/8/21	4.18	4.32	4.11	4.26	10734382	45584800
2018/8/20	4.17	4.26	4.06	4.2	8850232	36935660
2018/8/17	4.4	4.47	4.18	4.19	13344514	57152676
2018/8/16	4.66	4.68	4.32	4.37	22903229	102109472
2018/8/15	4.73	4.98	4.68	4.8	20801938	100948360
2018/8/14	4.76	4.97	4.72	4.8	16906610	81854312
2018/8/13	4.8	4.9	4.72	4.9	16206932	77681672
2018/8/10	4.9	5.05	4.87	4.9	21303426	105382008
2018/8/9	4.75	4.95	4.65	4.85	21677635	104731672
2018/8/8	4.84	5.08	4.78	4.82	32455269	158984928
2018/8/7	4.62	5.06	4.52	4.91	36010387	173344688
2018/8/6	4.6	4.85	4.45	4.71	28445553	132315192
2018/8/3	4.98	4.99	4.62	4.62	39439569	188473520
2018/8/2	4.8	5.23	4.65	5.13	66907593	330163168
2018/8/1	4.5	4.84	4.47	4.84	45398058	214086272
2018/7/31	4.51	4.61	4.3	4.4	26207502	117079672
2018/7/30	4.57	4.72	4.41	4.6	27248143	124692616
2018/7/27	4.85	5.05	4.56	4.64	41920314	202517168
2018/7/26	4.93	5.33	4.89	5.05	65097580	329655680
2018/7/25	4.93	4.93	4.93	4.93	4056529	19998688
2018/7/24	4.28	4.48	4.28	4.48	8794338	39097052
2018/7/23	3.79	4.19	3.74	4.07	20213005	81257536
2018/7/20	3.69	3.9	3.66	3.81	6616405	24816872
2018/7/19	3.8	3.8	3.69	3.73	3502200	13117135
2018/7/18	3.87	3.88	3.81	3.83	3510100	13481142
2018/7/17	3.84	3.88	3.8	3.87	2894101	11091669
2018/7/16	3.78	3.87	3.77	3.84	6249600	23900952
2018/7/13	3.74	3.84	3.73	3.81	8875228	33519122
2018/7/12	3.62	3.72	3.6	3.7	7809902	28805314
2018/7/11	3.77	3.77	3.6	3.6	10681330	39318528
2018/7/10	3.89	3.89	3.75	3.78	17746836	67497088
2018/7/9	3.94	4.05	3.94	4.01	7396770	29531400
2018/7/6	4.04	4.07	3.92	3.96	6261223	24957560
2018/7/5	4.16	4.18	4.03	4.05	2804662	11484645
2018/7/4	4.24	4.24	4.15	4.17	2501500	10476746
2018/7/3	4.2	4.25	4.18	4.24	2708802	11429123
2018/7/2	4.27	4.27	4.15	4.2	2556100	10768044
2018/6/29	4.22	4.27	4.2	4.26	3575901	15205034
2018/6/28	4.22	4.26	4.19	4.2	2588037	10923491
2018/6/27	4.29	4.31	4.23	4.25	2125700	9081651
2018/6/26	4.27	4.3	4.17	4.29	2231710	9487829
2018/6/25	4.37	4.4	4.31	4.32	2224800	9684520
2018/6/22	4.31	4.36	4.25	4.36	2239501	9677382
2018/6/21	4.33	4.44	4.3	4.33	4231658	18412040
2018/6/20	4.34	4.38	4.22	4.36	3593976	15564257
2018/6/19	4.74	4.74	4.32	4.34	5700788	25668640
2018/6/15	5.07	5.07	4.7	4.8	6599356	32019204
2018/6/14	5.12	5.14	4.99	5.05	3139100	15895098
2018/6/13	5.23	5.23	5.08	5.09	2863100	14747974
2018/6/12	5.23	5.25	5.17	5.21	2496424	12972745
2018/6/11	5.28	5.28	5.15	5.23	4247100	22117332
2018/6/8	5.21	5.47	5.14	5.32	7395523	39072220
2018/6/7	5.2	5.22	5.17	5.21	2430018	12623405
2018/6/6	5.24	5.25	5.17	5.19	2272337	11835225
2018/6/5	5.23	5.28	5.23	5.25	2134660	11217299
2018/6/4	5.23	5.27	5.21	5.23	2548801	13339152
2018/6/1	5.26	5.32	5.2	5.21	3015545	15831100
2018/5/31	5.35	5.38	5.22	5.32	3453308	18304264
2018/5/30	5.46	5.5	5.31	5.32	4038114	21855496
2018/5/29	5.6	5.6	5.51	5.56	2612037	14507843
2018/5/28	5.53	5.62	5.39	5.6	6256711	34406440
2018/5/25	5.6	5.6	5.52	5.54	2096900	11629874
2018/5/24	5.64	5.64	5.57	5.59	1886077	10545954
2018/5/23	5.69	5.71	5.62	5.62	2526600	14300764
2018/5/22	5.72	5.73	5.65	5.7	2987118	16989076
2018/5/21	5.68	5.76	5.66	5.72	4091670	23388940
2018/5/18	5.61	5.66	5.6	5.66	1885529	10609776
2018/5/17	5.65	5.65	5.59	5.6	1841871	10325365
2018/5/16	5.61	5.67	5.58	5.63	2902924	16362299
2018/5/15	5.58	5.63	5.53	5.62	2669051	14890782
2018/5/14	5.64	5.65	5.56	5.58	3126743	17494976
2018/5/11	5.73	5.74	5.61	5.63	4243612	24008198
2018/5/10	5.74	5.76	5.68	5.71	3281496	18743588
2018/5/9	5.65	5.72	5.64	5.71	3653922	20770080
2018/5/8	5.67	5.68	5.64	5.66	3364402	19029716
2018/5/7	5.64	5.68	5.61	5.67	3406661	19259318
2018/5/4	5.67	5.67	5.6	5.62	2746207	15451368
2018/5/3	5.6	5.69	5.51	5.65	3858759	21564708
2018/5/2	5.61	5.69	5.56	5.6	2496643	14005143
2018/4/27	5.66	5.69	5.51	5.61	2085900	11725526
2018/4/26	5.84	5.84	5.6	5.61	4801700	27398218
2018/4/25	5.8	5.9	5.8	5.83	2322300	13566047
2018/4/24	5.75	5.92	5.73	5.86	2917900	17047596
2018/4/23	5.79	5.84	5.7	5.73	2842310	16382146
2018/4/20	5.91	5.95	5.76	5.78	3339787	19543376
2018/4/19	5.95	6.02	5.9	5.95	2332968	13923617
2018/4/18	5.94	5.97	5.85	5.93	2951143	17461588
2018/4/17	6.01	6.06	5.89	5.89	3480400	20739434
2018/4/16	6.14	6.14	6.02	6.02	2479102	15026032
2018/4/13	6.12	6.21	6.11	6.13	2247830	13839813
2018/4/12	6.2	6.2	6.09	6.1	2427989	14889941
2018/4/11	6.23	6.25	6.17	6.2	2848696	17666256
2018/4/10	6.19	6.25	6.15	6.21	3140904	19459648
2018/4/9	6.05	6.37	5.96	6.2	4947900	30211988
2018/4/4	6.25	6.25	6.06	6.07	6463677	39629436
2018/4/3	6.36	6.38	6.19	6.25	8555555	53820784
2018/4/2	6.09	6.35	6.08	6.35	8496397	52968316
2018/3/30	6.12	6.12	6.06	6.1	2566769	15629706
2018/3/29	6.05	6.1	6.01	6.09	2998367	18164630
2018/3/28	6.13	6.13	6.01	6.05	3224550	19531534
2018/3/27	6.11	6.16	6.1	6.14	2802870	17190494
2018/3/26	5.99	6.1	5.85	6.08	3815380	22763550
2018/3/23	6.27	6.27	5.93	6.01	8438920	51677136
2018/3/22	6.37	6.42	6.34	6.37	2627738	16728062
2018/3/21	6.4	6.44	6.35	6.39	4068658	26067408
2018/3/20	6.39	6.41	6.31	6.41	3415610	21704904
2018/3/19	6.46	6.47	6.4	6.42	3320900	21350600
2018/3/16	6.44	6.49	6.44	6.44	2318917	14982750
2018/3/15	6.5	6.52	6.43	6.45	4033736	26090672
2018/3/14	6.58	6.59	6.51	6.52	4082580	26736088
2018/3/13	6.58	6.68	6.55	6.6	5883182	38852744
2018/3/12	6.51	6.62	6.51	6.6	6452159	42336384
2018/3/9	6.46	6.53	6.45	6.53	4598648	29855162
2018/3/8	6.45	6.5	6.44	6.49	3667372	23743176
2018/3/7	6.57	6.57	6.46	6.48	3685701	24004366
2018/3/6	6.54	6.57	6.48	6.56	3289661	21469588
2018/3/5	6.53	6.56	6.48	6.52	2644477	17219952
2018/3/2	6.58	6.59	6.52	6.53	4415381	28930280
2018/3/1	6.45	6.58	6.42	6.57	4994669	32456180
2018/2/28	6.46	6.5	6.4	6.48	3959715	25551518
2018/2/27	6.58	6.6	6.48	6.5	4197674	27443532
2018/2/26	6.47	6.54	6.42	6.54	4323700	28064156
2018/2/23	6.45	6.53	6.37	6.44	3974670	25575124
2018/2/22	6.47	6.47	6.41	6.45	2336681	15049682
2018/2/14	6.41	6.41	6.3	6.38	1545691	9831204
2018/2/13	6.41	6.45	6.36	6.38	2602839	16641802
2018/2/12	6.3	6.42	6.27	6.37	3024919	19204752
2018/2/9	6.56	6.56	6.2	6.25	6368581	40755236
2018/2/8	6.58	6.68	6.56	6.66	3947922	26236018
2018/2/7	6.56	6.68	6.43	6.58	4692105	30865012
2018/2/6	6.63	6.66	6.46	6.46	5146641	33685232
2018/2/5	6.5	6.71	6.48	6.68	4211660	27985962
2018/2/2	6.56	6.65	6.46	6.62	3478975	22861202
2018/2/1	6.67	6.71	6.5	6.56	5448890	35999604
2018/1/31	6.85	6.85	6.61	6.67	6180229	41432756
2018/1/30	6.78	6.87	6.78	6.85	3203629	21918610
2018/1/29	6.84	6.92	6.76	6.82	4194372	28707882
2018/1/26	6.81	6.93	6.8	6.87	5166587	35523856
2018/1/25	6.89	6.94	6.8	6.82	6852837	47144860
2018/1/24	6.94	6.98	6.87	6.89	5392811	37212592
2018/1/23	6.88	6.97	6.86	6.91	5184012	35773808
2018/1/22	6.9	6.92	6.82	6.89	5065396	34821072
2018/1/19	6.84	6.96	6.78	6.93	10369801	71175792
2018/1/18	6.62	6.85	6.59	6.82	9383710	63061164
2018/1/17	6.71	6.74	6.48	6.63	12323965	80958280
2018/1/16	6.54	6.62	6.54	6.61	3702751	24380584
2018/1/15	6.76	6.76	6.5	6.52	6019290	39821988
2018/1/12	6.82	6.84	6.73	6.76	4325991	29287194
2018/1/11	6.76	6.82	6.72	6.81	5231016	35509276
2018/1/10	6.89	6.91	6.7	6.78	9329760	63343420
2018/1/9	6.98	7	6.83	6.88	9964037	68712344
2018/1/8	7.08	7.08	6.92	7.02	10934747	76270424
2018/1/5	7.05	7.18	7.05	7.09	10871434	77164864
2018/1/4	6.89	7.55	6.8	7.19	19859425	141876992
2018/1/3	6.9	6.92	6.78	6.91	9960216	68243688
2018/1/2	6.69	6.92	6.69	6.85	9158850	62647928
2017/12/29	6.66	6.74	6.66	6.68	5465840	36625464
2017/12/28	6.66	6.76	6.64	6.67	5357507	35852768
2017/12/27	6.57	6.71	6.57	6.64	6723400	44718408
2017/12/26	6.5	6.73	6.5	6.65	10266871	68130320
2017/12/25	6.38	6.45	6.37	6.42	4070259	26045092
2017/12/22	6.38	6.45	6.37	6.38	3552827	22792256
2017/12/21	6.39	6.4	6.32	6.37	3775382	24023368
2017/12/20	6.42	6.45	6.37	6.39	4235512	27135968
2017/12/19	6.4	6.53	6.38	6.44	7371508	47416924
2017/12/18	6.41	6.51	6.37	6.4	8208891	52753604
2017/12/15	6.68	6.73	6.51	6.56	5968857	39393456
2017/12/14	6.63	6.73	6.61	6.68	6673404	44537176
2017/12/13	6.63	6.66	6.53	6.61	6126044	40350392
2017/12/12	6.77	6.78	6.66	6.67	6507190	43554268
2017/12/11	6.77	6.83	6.67	6.77	8014821	53974980
2017/12/8	6.55	6.98	6.51	6.77	14265131	96273216
2017/12/7	6.53	6.56	6.45	6.47	4458141	28925206
2017/12/6	6.4	6.56	6.37	6.56	7010524	45230948
2017/12/5	6.49	6.54	6.37	6.4	5164312	33327264
2017/12/4	6.69	6.71	6.5	6.52	6751070	44347872
2017/12/1	6.65	6.73	6.61	6.68	5050578	33655288
2017/11/30	6.6	6.87	6.56	6.65	9542557	63982504
2017/11/29	6.49	6.66	6.49	6.62	8381534	55234652
2017/11/28	6.37	6.53	6.36	6.51	5388415	34864268
2017/11/27	6.56	6.56	6.4	6.4	5412705	35046304
2017/11/24	6.57	6.61	6.4	6.56	7855137	51063772
2017/11/23	6.58	6.66	6.51	6.56	6221608	41001192
2017/11/22	6.74	6.77	6.51	6.57	11022455	73013368
2017/11/21	6.89	6.95	6.7	6.74	6933096	47119200
2017/11/20	6.9	6.95	6.66	6.92	6161410	41694896
2017/11/17	7.18	7.2	6.86	6.86	7826147	54788800
2017/11/16	7.41	7.41	7.11	7.17	7299979	52717036
2017/11/15	7.4	7.44	7.35	7.38	5394801	39955172
2017/11/14	7.46	7.5	7.38	7.41	4893264	36267272
2017/11/13	7.37	7.45	7.32	7.43	6887004	51022304
2017/11/10	7.33	7.42	7.28	7.31	5862696	43116072
2017/11/9	7.44	7.46	7.36	7.38	4643238	34392000
2017/11/8	7.41	7.47	7.37	7.44	4956256	36832912
2017/11/7	7.41	7.42	7.33	7.38	6031574	44463356
2017/11/6	7.35	7.45	7.21	7.43	5719124	42008712
2017/11/3	7.43	7.43	7.29	7.33	5209341	38306776
2017/11/2	7.57	7.62	7.38	7.39	6810917	50744196
2017/11/1	7.68	7.68	7.5	7.57	8469195	64099660
2017/10/31	7.53	7.71	7.53	7.68	6509637	49687256
2017/10/30	7.81	7.84	7.46	7.51	8513245	64783500
2017/10/27	7.83	7.9	7.8	7.85	5001241	39291212
2017/10/26	7.85	7.87	7.76	7.85	4461994	34868800
2017/10/25	7.77	7.84	7.75	7.84	5253383	40995776
2017/10/24	7.75	7.79	7.69	7.78	4625122	35864732
2017/10/23	7.85	7.89	7.71	7.73	7306918	56577900
2017/10/20	7.79	7.88	7.72	7.87	3445008	26934956
2017/10/19	8.02	8.02	7.75	7.77	5682799	44627508
2017/10/18	8.22	8.25	7.93	7.95	6586797	53359908
2017/10/17	8.27	8.28	8.2	8.21	3948388	32524646
2017/10/16	8.27	8.32	8.19	8.27	5336977	44055068
2017/10/13	8.31	8.31	8.19	8.26	5187851	42678748
2017/10/12	8.4	8.48	8.17	8.31	14373926	118624304
2017/10/11	8.52	8.6	8.46	8.53	7818020	66730312
2017/10/10	8.23	8.54	8.23	8.52	7502452	62926756
2017/10/9	8.39	8.41	8.19	8.3	5550717	45889808
2017/9/29	8.23	8.32	8.18	8.25	4283220	35321744
2017/9/28	8.45	8.45	8.21	8.22	4581934	37961980
2017/9/27	8.34	8.43	8.27	8.42	4032868	33720196
2017/9/26	8.2	8.32	8.11	8.31	5483357	45179592
2017/9/25	8.22	8.32	8.12	8.19	6106683	50239936
2017/9/22	8.54	8.59	8.17	8.23	10230562	85055392
2017/9/21	8.66	8.8	8.53	8.53	7314781	63358116
2017/9/20	8.55	8.74	8.48	8.67	9605551	83181808
2017/9/19	8.63	8.63	8.49	8.58	10542303	90246232
2017/9/18	8.27	8.68	8.2	8.59	18442437	157859712
2017/9/15	8.15	8.26	8.14	8.18	4419966	36304916
2017/9/14	8.34	8.34	8.13	8.16	5004604	41092892
2017/9/13	8.35	8.35	8.22	8.28	4495880	37115724
2017/9/12	8.31	8.37	8.26	8.36	7395284	61640164
2017/9/11	8.21	8.3	8.17	8.28	5289185	43671156
2017/9/8	8.16	8.26	8.13	8.17	4697332	38463972
2017/9/7	8.29	8.34	8.18	8.18	4539477	37530164
2017/9/6	8.2	8.33	8.1	8.32	6140026	50622120
2017/9/5	8.33	8.34	8.2	8.2	5815468	47987060
2017/9/4	8.38	8.41	8.27	8.32	7716102	64443784
2017/9/1	8.3	8.38	8.23	8.35	9144608	76202368
2017/8/31	8.4	8.43	8.19	8.28	7209786	59802052
2017/8/30	8.38	8.41	8.24	8.26	8702728	72490336
2017/8/29	8.33	8.42	8.26	8.34	9299831	77447520
2017/8/28	8.17	8.34	8.14	8.32	11625796	96177048
2017/8/25	8.18	8.21	8.03	8.17	8713334	71038848
2017/8/24	8.12	8.24	8.03	8.1	7735612	62788300
2017/8/23	8.12	8.2	8.04	8.06	8760900	71263176
2017/8/22	8.22	8.37	8.02	8.09	17056278	139837808
2017/8/21	7.79	8.13	7.76	8.13	15565644	125255712
2017/8/18	8	8	7.7	7.8	12869233	100755184
2017/8/17	8.01	8.23	7.91	8.06	13559406	109330912
2017/8/16	8	8	7.94	7.95	318800	2538916
2017/8/15	7.9	8.05	7.82	8	8644043	68801440
2017/8/14	7.78	7.87	7.71	7.86	4767535	37280636
2017/8/11	7.8	7.87	7.58	7.74	9919874	76861592
2017/8/10	7.8	7.89	7.74	7.83	7165200	56101776
2017/8/9	7.74	7.86	7.73	7.83	6567299	51381720
2017/8/8	7.8	7.85	7.73	7.76	5558067	43216368
2017/8/7	7.77	7.86	7.69	7.8	7595039	59139232
2017/8/4	7.77	7.86	7.7	7.71	13090629	101762496
2017/8/3	7.96	8	7.72	7.78	15002912	117337744
2017/8/2	8.11	8.19	7.9	7.93	14649202	117246664
2017/8/1	8.25	8.28	8.08	8.11	8759073	71329552
2017/7/31	8.22	8.31	8.09	8.28	11921467	97252400
2017/7/28	8.09	8.35	8.07	8.22	8540683	70096008
2017/7/27	8.11	8.26	8.05	8.07	8614264	69974328
2017/7/26	8.21	8.34	8.01	8.12	12072287	98473216
2017/7/25	8.26	8.35	8.08	8.12	11395366	92999736
2017/7/24	8.26	8.56	8.26	8.35	15926125	134475952
2017/7/21	8.25	8.37	8.21	8.25	11675320	96707944
2017/7/20	8.35	8.45	8.18	8.3	17729735	146600064
2017/7/19	8.18	8.54	8.1	8.38	30904159	260286176
2017/7/18	7.81	8.28	7.77	8.23	27908248	224813344
2017/7/17	7.85	8.08	7.5	7.9	30254955	236541120
2017/7/14	7.78	7.95	7.74	7.79	19196202	150327472
2017/7/13	7.7	8.05	7.63	7.89	39213903	308573088
2017/7/12	7.51	7.95	7.51	7.84	48678709	383810336
2017/7/11	7.19	7.35	7.18	7.23	11186512	81145480
2017/7/10	7.15	7.19	7.11	7.18	6814104	48790512
2017/7/7	7.2	7.23	7.06	7.13	11978978	85638896
2017/7/6	7.15	7.25	7.14	7.2	7294995	52572368
2017/7/5	7.12	7.16	7.07	7.15	3093257	22033680
2017/7/4	7.15	7.16	7.08	7.12	2997848	21347488
2017/7/3	7.16	7.21	7.08	7.15	4536659	32279356
2017/6/30	7.02	7.21	7	7.15	6850869	48862152
2017/6/29	6.98	7.09	6.98	7.02	2982237	21000718
2017/6/28	7.11	7.11	6.98	7	3548400	24906018
2017/6/27	7.2	7.25	7.1	7.11	4551480	32563308
2017/6/26	6.98	7.08	6.94	7.07	4789029	33701608
2017/6/23	6.98	7	6.88	6.97	2660527	18456858
2017/6/22	7.07	7.08	7	7	3558192	25046540
2017/6/21	7.09	7.13	7.03	7.08	4522707	32040852
2017/6/20	7.17	7.19	7.04	7.07	4362571	31029016
2017/6/19	7.16	7.22	7.07	7.13	4444376	31704180
2017/6/16	6.96	7.13	6.96	7.11	5374348	38005224
2017/6/15	6.85	7.04	6.84	6.99	6435680	44798172
2017/6/14	6.85	6.89	6.81	6.84	3030374	20745714
2017/6/13	6.8	6.93	6.77	6.89	3573425	24524710
2017/6/12	7	7	6.8	6.8	5863054	40446276
2017/6/9	7.1	7.14	6.93	7.05	8475756	59540864
2017/6/8	6.88	7.49	6.81	7.16	15364043	110470752
2017/6/7	6.67	6.85	6.67	6.81	5544106	37640876
2017/6/6	6.68	6.77	6.65	6.72	2930608	19646386
2017/6/5	6.59	6.72	6.59	6.7	2862254	19090196
2017/6/2	6.45	6.67	6.44	6.64	3829696	25104404
2017/6/1	6.73	6.75	6.49	6.5	4828804	32086238
2017/5/31	6.81	6.89	6.66	6.72	3215886	21777884
2017/5/26	6.84	6.84	6.72	6.75	3136000	21226328
2017/5/25	6.66	6.83	6.62	6.8	6069085	40942816
2017/5/24	6.68	6.68	6.4	6.64	3860257	25372962
2017/5/23	6.89	6.97	6.59	6.64	6020392	40866180
2017/5/22	7.1	7.12	6.9	6.9	4276061	29972828
2017/5/19	7.23	7.27	7.12	7.13	3867820	27806902
2017/5/18	7.23	7.32	7.17	7.26	4976465	36114164
2017/5/17	7.2	7.32	7.2	7.29	6970153	50670060
2017/5/16	7.23	7.26	6.94	7.26	9114679	64574864
2017/5/15	7.29	7.37	7.2	7.23	5545190	40084204
2017/5/12	7.2	7.37	7.2	7.28	5867800	42782952
2017/5/11	7	7.18	6.84	7.14	5903031	41443344
2017/5/10	7.33	7.38	7.03	7.07	4595777	33102308
2017/5/9	7.14	7.31	7.12	7.28	4798551	34644756
2017/5/8	7.54	7.54	7	7.14	9337759	68285776
2017/5/5	7.65	7.72	7.52	7.54	3662571	27869290
2017/5/4	7.74	7.76	7.62	7.72	3756392	28938514
2017/5/3	7.6	7.8	7.6	7.72	5787241	44621580
2017/5/2	7.5	7.77	7.48	7.66	9114356	69745272
2017/4/28	7.47	7.59	7.4	7.5	5798723	43465868
2017/4/27	7.52	7.53	7.19	7.48	9478774	69879328
2017/4/26	7.58	7.58	7.49	7.51	2687395	20211594
2017/4/25	7.55	7.75	7.5	7.5	5468870	41548992
2017/4/24	7.84	7.84	7.42	7.5	7971178	60748256
2017/4/21	7.9	7.99	7.81	7.83	3873892	30560066
2017/4/20	8.02	8.04	7.85	7.9	5470739	43430384
2017/4/19	8.22	8.27	7.83	7.99	11891812	95221656
2017/4/18	8.38	8.42	8.21	8.23	10630975	88511720
2017/4/17	8.25	8.45	8.25	8.4	13237050	110746592
2017/4/14	8.33	8.36	8.25	8.25	7184186	59621936
2017/4/13	8.36	8.44	8.32	8.34	8270725	69266752
2017/4/12	8.48	8.51	8.36	8.37	8649056	72865992
2017/4/11	8.36	8.49	8.3	8.48	11224470	94157688
2017/4/10	8.7	8.7	8.35	8.39	14966709	127115128
2017/4/7	8.71	8.78	8.65	8.7	12452318	108240592
2017/4/6	8.55	8.88	8.5	8.8	25687871	224469664
2017/4/5	8.3	8.54	8.3	8.54	9780253	82847880
2017/3/31	8.39	8.47	8.28	8.3	7164092	59847812
2017/3/30	8.48	8.51	8.28	8.37	11197076	93994544
2017/3/29	8.4	8.68	8.22	8.55	18227447	154181712
2017/3/28	8.4	8.63	8.33	8.4	16683053	141531792
2017/3/27	8.76	8.84	8.67	8.76	9986272	87166256
2017/3/24	8.6	8.79	8.52	8.74	13518859	117209760
2017/3/23	8.78	8.8	8.52	8.6	10235081	88779632
2017/3/22	8.64	8.86	8.57	8.76	15931932	139574576
2017/3/21	8.69	8.76	8.63	8.68	8533664	74195400
2017/3/20	8.5	8.69	8.46	8.68	12056504	103483464
2017/3/17	8.48	8.54	8.38	8.49	7435074	62833744
2017/3/16	8.31	8.55	8.31	8.48	11466147	97157560
2017/3/15	8.36	8.4	8.2	8.27	6149707	51055000
2017/3/14	8.39	8.48	8.36	8.4	5187144	43685844
2017/3/13	8.31	8.42	8.12	8.38	8600937	71324720
2017/3/10	8.39	8.44	8.35	8.35	6729973	56349128
2017/3/9	8.54	8.54	8.4	8.43	6721496	56668848
2017/3/8	8.55	8.58	8.48	8.55	11286229	96286576
2017/3/7	8.43	8.47	8.34	8.46	9571007	80512832
2017/3/6	8.41	8.52	8.39	8.44	8358824	70594272
2017/3/3	8.53	8.55	8.38	8.41	11509316	96961728
2017/3/2	8.71	8.74	8.56	8.57	7328067	63311396
2017/3/1	8.69	8.76	8.64	8.72	8548653	74535392
2017/2/28	8.6	8.69	8.56	8.69	6119172	52797856
2017/2/27	8.68	8.77	8.55	8.6	9653838	83368632
2017/2/24	8.72	8.82	8.66	8.78	9354992	81730688
2017/2/23	8.99	9.09	8.7	8.8	15549617	138188640
2017/2/22	8.91	9.04	8.85	8.98	17303926	154709776
2017/2/21	8.92	8.98	8.82	8.89	11835344	105003352
2017/2/20	8.63	8.95	8.6	8.94	19843697	175370288
2017/2/17	8.8	8.83	8.62	8.68	10506227	91538128
2017/2/16	8.64	8.85	8.64	8.79	14314433	125751304
2017/2/15	9	9	8.67	8.73	20518379	180683168
2017/2/14	9.03	9.1	8.93	9.03	17797966	160165056
2017/2/13	9.02	9.17	8.87	9.11	29078356	261516848
2017/2/10	8.62	9.46	8.53	9.06	40744959	362665344
2017/2/9	8.42	8.6	8.41	8.6	16654915	141947360
2017/2/8	8.28	8.47	8.19	8.46	12323585	102799552
2017/2/7	8.24	8.34	8.21	8.28	9166784	75824136
2017/2/6	8.2	8.28	8.18	8.24	10429729	85607336
2017/2/3	8.32	8.35	8.15	8.18	6113455	50203600
2017/1/26	8.26	8.42	8.25	8.32	8197505	68330664
2017/1/25	8.43	8.43	8.22	8.29	9757609	80851520
2017/1/24	8.44	8.49	8.37	8.41	6270000	52793680
2017/1/23	8.35	8.52	8.32	8.39	7802033	65765044
2017/1/20	8.26	8.48	8.24	8.34	6840089	57244576
2017/1/19	8.3	8.37	8.12	8.25	5942095	49156712
2017/1/18	8.1	8.48	8.09	8.39	10790530	89967832
2017/1/17	8.2	8.24	7.95	8.13	7658418	61959448
2017/1/16	8.4	8.4	7.64	8.12	12320338	100535912
2017/1/13	8.2	8.32	8.16	8.29	7913641	65239336
2017/1/12	8.44	8.48	8.18	8.2	13015660	108038360
2017/1/11	8.5	8.57	8.31	8.35	11129863	93281152
2017/1/10	8.64	8.66	8.5	8.5	9501148	81369336
2017/1/9	8.55	8.85	8.54	8.66	16257072	141790432
2017/1/6	8.49	8.68	8.41	8.52	15388133	131351448
2017/1/5	8.68	8.75	8.4	8.55	17746636	150988928
2017/1/4	8.22	8.6	8.18	8.57	30648248	258850288
2017/1/3	7.95	8.14	7.95	8.14	8461283	68468672
2016/12/30	7.97	8.03	7.9	7.93	8691275	69334440
2016/12/29	7.97	8.02	7.86	7.9	4774258	37896816
2016/12/28	8.08	8.08	7.91	7.94	8038542	63988892
2016/12/27	8.11	8.34	8	8.06	16449029	134572208
2016/12/26	8.18	8.18	7.86	8.02	11405820	90856632
2016/12/23	8.26	8.33	8.1	8.12	10336334	84406792
2016/12/22	8.09	8.33	8.05	8.31	16146046	133208512
2016/12/21	8.12	8.17	8.01	8.13	10618716	85692744
2016/12/20	8	8.38	7.99	8.09	17808669	144655648
2016/12/19	7.76	7.87	7.7	7.84	7740900	60397756
2016/12/16	7.63	7.73	7.63	7.69	5285007	40568136
2016/12/15	7.61	7.79	7.61	7.67	8391091	64523884
2016/12/14	7.65	7.8	7.48	7.65	7892895	60310624
2016/12/13	7.55	7.68	7.42	7.65	7430043	56293436
2016/12/12	7.96	7.98	7.56	7.58	12936370	100223168
2016/12/9	8.05	8.14	7.91	7.99	9345067	75090640
2016/12/8	8.11	8.19	7.98	8.05	12434087	100166568
2016/12/7	7.77	8.2	7.77	8.11	21113495	169514928
2016/12/6	7.81	7.9	7.74	7.81	8700630	67840040
2016/12/5	7.8	7.93	7.78	7.81	9241044	72310400
2016/12/2	8.09	8.16	7.92	7.93	12583179	100989952
2016/12/1	8.38	8.4	8	8.14	23995220	195333248
2016/11/30	8.57	8.6	8.21	8.3	21069003	175625360
2016/11/29	8.9	9.1	8.53	8.63	34324783	301314080
2016/11/28	8.28	8.86	8.16	8.86	34005468	290350560
2016/11/25	7.92	8.34	7.92	8.28	25985038	212644304
2016/11/24	7.88	8.1	7.82	7.95	10449834	83099712
2016/11/23	7.82	8.07	7.8	7.92	12672941	100908208
2016/11/22	7.81	7.87	7.7	7.82	7787196	60551764
2016/11/21	7.77	7.94	7.67	7.83	11452847	89660576
2016/11/18	7.86	8.06	7.78	7.79	11915506	94659864
2016/11/17	7.86	7.9	7.66	7.85	8936362	69580408
2016/11/16	7.81	7.97	7.75	7.81	7941695	62345760
2016/11/15	7.9	8.05	7.75	7.81	15809222	124491000
2016/11/14	7.66	8.11	7.62	7.94	26905223	214182416
2016/11/11	7.43	7.84	7.38	7.67	32943521	252734688
2016/11/10	7.28	7.52	7.28	7.38	14810760	109774320
2016/11/9	7.3	7.34	7.1	7.23	10650227	77119504
2016/11/8	7.21	7.29	7.2	7.29	9277589	67313616
2016/11/7	7.11	7.25	7.1	7.21	11031359	79336320
2016/11/4	7.14	7.2	7.1	7.11	7744674	55336892
2016/11/3	7.05	7.26	7.03	7.17	13894491	99335536
2016/11/2	7.23	7.23	7.1	7.12	7303251	52113624
2016/11/1	7.15	7.24	7.12	7.23	5590186	40218128
2016/10/31	7.18	7.2	7.06	7.15	7318372	52111484
2016/10/28	7.39	7.41	7.2	7.2	12032034	87788312
2016/10/27	7.4	7.44	7.33	7.38	6819156	50256960
2016/10/26	7.37	7.42	7.32	7.39	8368289	61660936
2016/10/25	7.44	7.45	7.32	7.35	16096667	118503640
2016/10/24	7.12	7.62	7.12	7.46	34138007	254816944
2016/10/21	7.16	7.22	7.04	7.11	8823520	62869944
2016/10/20	7.2	7.26	7.1	7.15	9386098	67188824
2016/10/19	7.25	7.26	7.14	7.21	10001849	71986824
2016/10/18	7.02	7.22	7.02	7.22	14591557	104523952
2016/10/17	7.1	7.13	6.92	6.98	6106161	43004908
2016/10/14	7.11	7.11	7.03	7.1	4209554	29787644
2016/10/13	7.05	7.1	7.02	7.07	5158472	36479600
2016/10/12	7.12	7.12	7	7.04	7056557	49670260
2016/10/11	7.04	7.13	7.01	7.11	7073323	50204460
2016/10/10	6.95	7.05	6.91	7.03	6651407	46518328
2016/9/30	6.83	6.9	6.8	6.88	3603109	24687536
2016/9/29	6.85	6.9	6.81	6.82	3759932	25814072
2016/9/28	6.9	6.94	6.81	6.85	2922879	20080654
2016/9/27	6.81	6.94	6.81	6.9	5245254	36008216
2016/9/26	7.03	7.04	6.77	6.8	6784482	46765680
2016/9/23	7.1	7.15	6.98	7.07	6977386	49283884
2016/9/22	7.11	7.16	7.04	7.06	5964622	42372960
2016/9/21	7.07	7.11	7.01	7.07	4918126	34719484
2016/9/20	6.92	7.19	6.88	7.12	10510702	74192264
2016/9/19	6.88	6.93	6.84	6.9	3839467	26458550
2016/9/14	6.78	6.94	6.72	6.87	6853352	46985008
2016/9/13	6.83	6.87	6.8	6.84	6432406	43963332
2016/9/12	6.9	6.93	6.75	6.76	9537097	65184968
2016/9/9	7.14	7.17	7.04	7.05	7561849	53661064
2016/9/8	7.25	7.25	7.03	7.13	15463435	110134632
2016/9/7	6.94	7.29	6.9	7.24	24508355	175093248
2016/9/6	6.97	6.97	6.71	6.96	17422112	118594712
2016/9/5	7.08	7.11	6.9	6.93	12329245	86385168
2016/9/2	7.07	7.11	7	7.03	4331757	30518394
2016/9/1	7.13	7.21	7.06	7.06	11170659	79356800
2016/8/31	7.21	7.37	7.15	7.18	11120715	80401048
2016/8/30	7.35	7.37	7.18	7.2	8709600	63081544
2016/8/29	7.22	7.42	7.14	7.35	14218450	103985408
2016/8/26	7.12	7.23	7.08	7.21	10665510	76416384
2016/8/25	7.11	7.26	7.06	7.14	12775980	91196112
2016/8/24	7.16	7.24	7.04	7.08	7710419	54831668
2016/8/23	7.1	7.23	7.08	7.16	6012146	42970176
2016/8/22	7.34	7.39	7.12	7.14	8626303	62103192
2016/8/19	7.33	7.39	7.25	7.33	7109673	52084972
2016/8/18	7.44	7.44	7.21	7.33	11644755	85272976
2016/8/17	7.6	7.6	7.36	7.44	9918791	73702512
2016/8/16	7.31	7.78	7.26	7.51	20745185	155872304
2016/8/15	7.14	7.34	7.14	7.29	13688393	99688488
2016/8/12	7.18	7.22	7.06	7.14	7742406	55263844
2016/8/11	7.25	7.38	7.1	7.19	12017622	86558520
2016/8/10	7.3	7.6	7.16	7.17	24794783	183238688
2016/8/9	6.95	7.41	6.93	7.26	27702419	199260608
2016/8/8	6.79	7.03	6.65	7	11667679	80097488
2016/8/5	6.97	7.01	6.83	6.84	13285841	91657600
2016/8/4	7.01	7.28	6.84	7.04	28586819	200821168
2016/8/3	6.68	6.87	6.68	6.76	14086158	95478800
2016/8/2	6.67	6.7	6.6	6.67	7660792	50897616
2016/8/1	6.6	6.7	6.41	6.68	12798156	84272016
2016/7/29	6.38	6.65	6.38	6.59	13587627	89562456
2016/7/28	6.38	6.47	6.31	6.41	6041745	38671216
2016/7/27	6.56	6.59	6.1	6.44	12221365	78664912
2016/7/26	6.4	6.58	6.39	6.56	7513615	49067644
2016/7/25	6.37	6.44	6.36	6.4	5942510	38047624
2016/7/22	6.53	6.53	6.35	6.37	7320127	47000300
2016/7/21	6.48	6.54	6.46	6.52	6528677	42507160
2016/7/20	6.59	6.61	6.48	6.5	10056220	65662640
2016/7/19	6.65	6.68	6.51	6.58	8937027	58671580
2016/7/18	6.64	6.75	6.6	6.67	12849076	85592856
2016/7/15	6.5	6.79	6.5	6.59	14868408	99095792
2016/7/14	6.5	6.59	6.42	6.54	11945630	77503880
2016/7/13	6.7	6.88	6.51	6.54	25832877	172368864
2016/7/12	6.3	6.66	6.26	6.6	31046342	201347600
2016/7/11	6.18	6.47	6.18	6.27	24286557	152930336
2016/7/8	6.04	6.1	6.01	6.09	10555354	64049532
2016/7/7	6.05	6.08	5.98	6.04	9761016	58844168
2016/7/6	6	6.1	5.98	6.04	9873731	59708844
2016/7/5	6.04	6.04	5.98	6	12937653	77757760
2016/7/4	6.11	6.24	5.9	6	21286123	128239608
2016/6/17	5.82	5.88	5.73	5.76	8915802	51705992
2016/6/16	5.83	5.89	5.78	5.82	6374730	37167344
2016/6/15	5.65	5.86	5.6	5.84	6719561	38935204
2016/6/14	5.72	5.75	5.66	5.72	5795199	33015082
2016/6/13	5.92	5.92	5.66	5.67	7242840	42055492
2016/6/8	6.01	6.01	5.9	5.96	6771910	40285172
2016/6/7	6.05	6.08	5.93	6	6006130	35950240
2016/6/6	6.11	6.11	6.02	6.06	6315747	38216764
2016/6/3	6.07	6.17	6.05	6.08	11333401	69086640
2016/6/2	5.88	6.18	5.86	6.13	16761448	100541840
2016/6/1	5.9	5.95	5.86	5.89	10407532	61459676
2016/5/31	5.71	5.91	5.7	5.91	14757058	86198488
2016/5/30	5.78	5.78	5.69	5.71	5096227	29145440
2016/5/27	5.76	5.81	5.74	5.78	6248946	36131628
2016/5/26	5.75	5.83	5.62	5.8	8366830	47907524
2016/5/25	5.85	5.87	5.72	5.76	7267410	42202284
2016/5/24	5.84	5.86	5.72	5.75	6059083	34914892
2016/5/23	5.8	5.88	5.79	5.86	8178695	47791424
2016/5/20	5.7	5.82	5.62	5.8	8643077	49474988
2016/5/19	5.74	5.88	5.73	5.76	8047774	46696388
2016/5/18	5.91	5.93	5.7	5.74	13404430	78097504
2016/5/17	6.02	6.3	6	6.03	28076878	171235536
2016/5/16	5.68	5.82	5.68	5.8	8154167	46970800
2016/5/13	5.71	5.85	5.66	5.74	8939450	51592036
2016/5/12	5.77	5.77	5.55	5.71	10125711	57246088
2016/5/11	5.95	5.99	5.77	5.83	10492434	61603708
2016/5/10	5.99	6.06	5.87	5.91	9722577	57780508
2016/5/9	6.2	6.24	5.94	5.95	18997504	115135824
2016/5/6	6.7	6.74	6.33	6.34	29279678	191927056
2016/5/5	7.08	7.08	6.64	6.69	57018763	386496096
2016/5/4	6.68	6.93	6.68	6.93	20357065	140436720
2016/5/3	6.38	6.4	6	6.3	21294188	132456192
2016/4/1	6.45	6.55	6.3	6.4	14077891	90049816
2016/3/31	6.29	6.5	6.26	6.49	28582332	183067360
2016/3/30	6.16	6.28	6.12	6.28	12766553	79185640
2016/3/29	6.21	6.27	6.08	6.13	9194694	56619260
2016/3/28	6.28	6.44	6.18	6.23	15712686	99362720
2016/3/25	6.11	6.19	6.05	6.18	8166255	50007696
2016/3/24	6.25	6.25	6.12	6.12	11879262	73230336
2016/3/23	6.24	6.3	6.21	6.28	11233826	70258312
2016/3/22	6.37	6.37	6.21	6.24	18353365	115042088
2016/3/21	6.18	6.5	6.13	6.4	36524801	231047648
2016/3/18	6.1	6.24	6.05	6.17	32916969	202705072
2016/3/17	5.72	6.06	5.72	6.03	24151923	141991856
2016/3/16	5.74	5.8	5.63	5.69	6810776	38941356
2016/3/15	5.72	5.76	5.62	5.7	8471167	48228160
2016/3/14	5.58	5.81	5.58	5.74	12128224	69478632
2016/3/11	5.5	5.56	5.43	5.52	7113355	39174160
2016/3/10	5.77	5.84	5.48	5.55	11195514	63185432
2016/3/9	5.84	5.9	5.73	5.77	9205502	53482800
2016/3/8	5.9	5.94	5.62	5.93	15240429	88251392
2016/3/7	5.91	6.03	5.8	5.91	15672818	92780768
2016/3/4	5.99	6.15	5.75	5.89	28079290	167954224
2016/3/3	5.73	5.89	5.72	5.77	16334264	95012400
2016/3/2	5.44	5.74	5.44	5.74	15276092	86040536
2016/3/1	5.39	5.49	5.3	5.47	8475707	45794744
2016/2/29	5.7	5.7	5.16	5.32	12868120	69081624
2016/2/26	5.69	5.77	5.51	5.72	12653165	71773592
2016/2/25	6.23	6.28	5.63	5.63	19914551	117459960
2016/2/24	6.17	6.26	6.06	6.25	14618492	90077120
2016/2/23	6.27	6.36	6.11	6.19	15812569	98587720
2016/2/22	6.22	6.29	6.17	6.27	16300117	101722160
2016/2/19	6.08	6.15	6.05	6.14	12501898	76319856
2016/2/18	6.26	6.3	6.13	6.15	18936879	117323824
2016/2/17	6	6.36	5.95	6.25	24065206	149726144
2016/2/16	5.95	6.15	5.95	6.11	21268068	129120592
2016/2/15	5.6	5.81	5.54	5.75	8887001	50711972
2016/2/5	5.87	5.9	5.81	5.85	11084361	64906368
2016/2/4	5.75	5.95	5.75	5.86	16031187	93936288
2016/2/3	5.67	5.81	5.58	5.77	16195282	92475792
2016/2/2	5.51	5.76	5.5	5.7	14255184	80946744
2016/2/1	5.72	5.79	5.38	5.5	16074461	90139968
2016/1/29	5.51	5.88	5.48	5.77	19379633	110277960
2016/1/28	6	6.04	5.5	5.54	18940689	110271136
2016/1/27	6.49	6.49	5.76	6.1	28998860	175614544
2016/1/26	6.95	7.2	6.3	6.35	33828578	233273664
2016/1/25	7.07	7.1	6.85	6.95	19909639	139186288
2016/1/22	7.23	7.3	6.67	7.03	29268161	204557968
2016/1/21	7.59	7.76	7.11	7.11	40501375	303655136
2016/1/20	8.32	8.39	7.73	7.82	54757894	444641344
2016/1/19	8.3	8.55	8.2	8.47	67537336	568380352
2016/1/18	7.82	8.45	7.73	8.4	81497486	668132224
2016/1/15	7.58	8.38	7.52	8.03	88018229	701945536
2016/1/14	7.02	7.8	7.01	7.7	54549172	405952512
2016/1/13	7.59	7.98	7.29	7.45	45757799	350376736
2016/1/12	8	8.24	7.2	7.69	56109351	434047872
2016/1/11	7.89	8.58	7.75	8	72237788	595085120
2016/1/8	8.06	8.38	7.11	8.2	65920871	525722240
2016/1/7	8.6	8.6	7.9	7.9	11097000	90628632
2016/1/6	8.71	9.1	8.59	8.78	68378408	598895552
2016/1/5	7.89	8.88	7.83	8.71	87117635	743844480
2016/1/4	8.7	9.24	8.2	8.24	37138551	321904128
2015/12/31	8.63	9.34	8.63	8.97	68788858	618694592
2015/12/30	8.33	8.88	8.22	8.72	54354328	467471744
2015/12/29	8.4	8.75	8.21	8.33	44544614	376738720
2015/12/28	8.56	8.91	8.1	8.67	53717141	457640320
2015/12/25	8.61	8.83	8.35	8.56	39524315	337637824
2015/12/24	8.48	8.98	8.26	8.61	53050463	457714688
2015/12/23	8.19	8.8	8.06	8.47	49352233	414089824
2015/12/22	7.91	8.35	7.82	8.18	42252558	342305984
2015/12/21	7.6	8.28	7.55	7.91	42422907	332737920
2015/12/18	7.71	7.71	7.52	7.6	22181648	168990544
2015/12/17	7.45	7.77	7.38	7.74	40409561	306718240
2015/12/16	7.52	7.82	7.51	7.53	52207691	397813632
2015/12/15	7.07	7.25	6.95	7.19	19670122	140713136
2015/12/14	6.71	7.1	6.63	7	9387436	64004876
2015/12/11	6.81	6.84	6.63	6.7	7632250	51326876
2015/12/10	6.88	6.95	6.78	6.82	6381469	43862820
2015/12/9	6.89	6.99	6.84	6.91	5952252	41183492
2015/12/8	7.14	7.16	6.89	6.91	10502640	73829528
2015/12/7	7.1	7.22	7.07	7.19	14460614	103482456
2015/12/4	7.11	7.18	7.06	7.12	9251732	65901024
2015/12/3	7	7.18	6.97	7.16	11840351	83805528
2015/12/2	6.93	7.1	6.81	7.08	12829098	89547760
2015/12/1	6.96	7.08	6.8	6.94	11402223	79222512
2015/11/30	6.98	7.06	6.45	6.85	14843706	101259944
2015/11/27	7.33	7.49	6.8	6.97	28586818	208771040
2015/11/26	7.43	7.48	7.27	7.28	16376971	120553392
2015/11/25	7.32	7.41	7.29	7.4	16334029	120016664
2015/11/24	7.28	7.31	7.17	7.31	10129599	73248152
2015/11/23	7.48	7.49	7.27	7.3	16766591	124208984
2015/11/20	7.35	7.54	7.3	7.42	26003257	192958944
2015/11/19	7.17	7.49	7.09	7.41	22306382	162399312
2015/11/18	7.18	7.3	7.12	7.14	19508081	141224192
2015/11/17	7.24	7.27	7.12	7.14	16648546	120076320
2015/11/16	6.97	7.2	6.9	7.19	12768465	90660400
2015/11/13	7.19	7.22	7.06	7.07	13997330	99787624
2015/11/12	7.32	7.32	7.17	7.23	13563892	98045624
2015/11/11	7.25	7.34	7.17	7.3	17202001	124641480
2015/11/10	7.3	7.43	7.1	7.26	28603499	208210944
2015/11/9	7.22	7.6	7.15	7.37	30051907	219901408
2015/11/6	7.24	7.45	7.16	7.29	27958903	203766160
2015/11/5	7.29	7.5	7.13	7.21	48119718	351177952
2015/11/4	6.76	7.27	6.72	7.14	30524183	213989248
2015/11/3	6.7	6.8	6.63	6.73	10366523	69609120
2015/11/2	6.8	6.98	6.68	6.7	16446430	111891984
2015/10/30	6.75	7.05	6.56	6.9	25041896	171144128
2015/10/29	6.65	6.79	6.59	6.74	15479947	103819032
2015/10/28	6.67	6.78	6.57	6.61	13670695	91453344
2015/10/27	6.72	6.73	6.39	6.69	14825254	97394528
2015/10/26	6.78	6.85	6.58	6.72	14103842	94806000
2015/10/23	6.56	6.71	6.49	6.66	15459849	101955608
2015/10/22	6.33	6.52	6.26	6.51	13366112	85863192
2015/10/21	6.8	6.95	6.21	6.34	21033498	140191952
2015/10/20	6.65	6.81	6.63	6.81	15437708	103981336
2015/10/19	6.72	6.74	6.56	6.64	13674646	91200248
2015/10/16	6.75	6.82	6.53	6.7	17180211	115089216
2015/10/15	6.42	6.65	6.39	6.65	16610570	108861296
2015/10/14	6.51	6.63	6.41	6.44	14456679	93753280
2015/10/13	6.36	6.67	6.29	6.6	20642557	134690752
2015/10/12	6.18	6.53	6.17	6.36	22537214	143362624
2015/10/9	6.1	6.26	6.06	6.18	9424107	58075816
2015/10/8	6.13	6.18	6.04	6.13	10287107	62926460
2015/9/30	5.78	5.9	5.73	5.87	5616232	32728562
2015/9/29	5.8	5.84	5.68	5.71	6467727	37159548
2015/9/28	5.88	5.93	5.78	5.91	5568167	32662178
2015/9/25	6.06	6.09	5.76	5.84	8397504	49618084
2015/9/24	5.97	6.12	5.97	6.06	6941350	41967020
2015/9/23	6.06	6.11	5.91	5.98	10115575	60769528
2015/9/22	6.14	6.28	6.05	6.18	13402799	82885432
2015/9/21	5.88	6.2	5.8	6.17	11567848	70008680
2015/9/18	5.82	6.1	5.82	5.98	12381161	73818984
2015/9/17	5.96	6.18	5.74	5.8	18006247	107296984
2015/9/16	5.52	5.94	5.4	5.94	13598705	76818528
2015/9/15	5.7	5.94	5.35	5.4	15657582	87991352
2015/9/14	6.62	6.83	5.94	5.94	21714968	138652752
2015/9/11	6.63	6.68	6.31	6.6	13543266	88091256
2015/9/10	6.6	6.86	6.5	6.58	14758754	98747424
2015/9/9	6.35	6.86	6.34	6.74	23554373	157013968
2015/9/8	6	6.35	5.85	6.34	13647445	83508944
2015/9/7	5.72	6.16	5.72	5.92	11470139	68669184
2015/9/2	5.71	6.24	5.6	5.72	14895495	87559440
2015/9/1	6.74	6.74	6.05	6.06	18096724	114320312
2015/8/31	6.81	7.08	6.6	6.72	24531466	167141408
2015/8/28	6.45	6.9	6.34	6.88	24238134	158774848
2015/8/27	6.12	6.35	5.9	6.3	17371446	107131592
2015/8/26	6.2	6.45	5.76	6	26663232	163235472
2015/8/25	6.01	6.3	6.01	6.01	31944495	193444784
2015/8/24	7	7.18	6.68	6.68	14697283	99537792
2015/8/21	7.99	8.1	7.4	7.42	24717128	191967920
2015/8/20	8.44	8.77	8.15	8.15	26085941	220618912
2015/8/19	7.99	8.9	7.68	8.8	39640498	328202624
2015/8/18	9.78	9.8	8.47	8.47	59110262	538340992
2015/8/17	8.6	9.41	8.56	9.41	61822421	561507392
2015/8/14	8.52	8.76	8.42	8.55	32864874	283593472
2015/8/13	8.19	8.42	8.1	8.41	21992879	181880768
2015/8/12	8.3	8.41	8.2	8.21	20421452	169234496
2015/8/11	8.6	8.65	8.23	8.39	36286996	306319968
2015/8/10	8.36	8.78	8.16	8.58	40556808	341566208
2015/8/7	8.1	8.24	7.9	8.19	38402432	310660224
2015/8/6	7.95	8.3	7.85	8.1	44803600	361727200
2015/8/5	7.73	7.94	7.57	7.75	22118101	171790464
2015/8/4	7.28	7.75	7.22	7.75	16561611	124094296
2015/8/3	7.4	7.65	7	7.19	13653904	99796936
2015/7/31	7.52	7.94	7.35	7.58	20228157	156482736
2015/7/30	7.64	7.98	7.5	7.64	28013506	215165488
2015/7/29	7.23	7.6	6.95	7.6	18812057	135955072
2015/7/28	6.8	7.7	6.65	7.03	25395373	177976752
2015/7/27	7.95	8.3	7.38	7.38	27132859	213209504
2015/7/24	8.6	8.71	8.01	8.2	36778399	311169248
2015/7/23	8.15	8.8	8.01	8.58	36062494	300411232
2015/7/22	8.22	8.54	7.9	8.19	32924141	269960672
2015/7/21	7.79	8.69	7.6	8.35	39476777	323961504
2015/7/20	7.8	8.19	7.51	8	37369831	296469184
2015/7/17	7.26	7.88	7.21	7.8	29765393	225441680
2015/7/16	6.36	7.47	6.35	7.18	30015114	211355920
2015/7/15	7.88	7.9	6.95	6.95	40667377	294307744
2015/7/14	7.72	7.72	7.48	7.72	23451096	180527200
2015/7/13	7.02	7.02	6.86	7.02	24276533	170049616
2015/7/10	6.37	6.38	6.06	6.38	9579901	60719772
2015/7/9	4.74	5.8	4.74	5.8	41794993	227666320
2015/7/8	5.27	5.27	5.27	5.27	3275500	17261884
2015/7/7	6.28	6.33	5.85	5.85	15519133	92992480
2015/7/6	7.65	7.65	6.26	6.5	34976892	239497312
2015/7/3	7.4	7.82	6.95	6.95	29115852	209409600
2015/7/2	8.59	8.8	7.72	7.72	32932565	268618912
2015/7/1	9.15	9.47	8.57	8.58	37057953	338656896
2015/6/30	8.4	9.19	7.62	9.18	38027613	320393792
2015/6/29	9.58	9.81	8.47	8.47	33866046	302886592
2015/6/26	9.73	10.19	9.41	9.41	27413982	265289792
2015/6/25	11.4	11.4	10.35	10.45	28996205	319854944
2015/6/24	11.27	11.6	10.86	11.43	32611728	369453440
2015/6/23	11.1	11.69	10.36	11.15	31220659	338758112
2015/6/19	12.45	12.6	11.51	11.51	27700280	329377504
2015/6/18	13.1	13.68	12.33	12.79	41257448	543457984
2015/6/17	13.49	13.49	12.3	13.21	61896265	801019840
2015/6/16	12.35	13.65	12	13.65	73154549	953315200
2015/6/15	12.07	12.75	12	12.41	43193033	536492512
2015/6/12	12.06	12.55	11.88	12.07	44279184	540672384
2015/6/11	11.56	12.32	11.35	12.05	48955710	581887232
2015/6/10	10.73	11.74	10.43	11.56	48894767	545999232
2015/6/9	11.11	11.3	10.56	10.72	49726358	541897856
2015/6/8	10.35	11.1	10.21	10.99	70182612	758588416
2015/6/5	9.66	10.35	9.51	10.2	69689381	690469376
2015/6/4	9.82	9.88	9.02	9.55	41381691	393145664
2015/6/3	9.36	9.8	9.2	9.75	53952305	514370080
2015/6/2	9.25	9.4	8.99	9.34	36729649	336798112
2015/6/1	8.7	9.22	8.56	9.12	31700945	283498624
2015/5/29	8.57	8.86	8.08	8.5	38616894	329186528
2015/5/28	9.27	9.88	8.34	8.67	70165565	658698240
2015/5/27	9.45	9.5	9.1	9.26	40796243	377765696
2015/5/26	9.49	9.5	9	9.44	49805791	465981984
2015/5/25	9.3	9.64	9.3	9.49	42669400	403099648
2015/5/22	9.42	9.59	9.15	9.23	35430740	327774432
2015/5/21	9.18	9.5	9.06	9.37	41211457	380393824
2015/5/20	9.14	9.43	8.94	9.18	52129682	475116672
2015/5/19	8.57	9.35	8.41	9.17	61463695	551580800
2015/5/18	8.23	8.8	8.19	8.67	58502178	501844128
2015/5/15	8.2	8.29	7.82	8.19	44697005	359756160
2015/5/14	8.65	8.65	8.2	8.33	57688929	483083808
2015/5/13	7.79	8.57	7.79	8.57	88952537	746829632
2015/5/12	7.79	7.99	7.71	7.79	29646620	231664960
2015/5/11	7.84	7.84	7.61	7.79	25525526	198289296
2015/5/8	7.12	7.5	7.12	7.49	20378359	148029360
2015/5/7	7.39	7.39	6.96	7.04	19545826	139645296
2015/5/6	7.87	8.06	7.22	7.42	20329599	157344304
2015/5/5	8.16	8.26	7.81	7.87	22798686	183882992
2015/5/4	8.15	8.26	8.08	8.2	22712839	185797856
2015/4/30	8.2	8.48	8.16	8.16	38154222	317039904
2015/4/29	7.7	8.2	7.55	8.19	37660644	300719552
2015/4/28	8.07	8.07	7.69	7.77	29420736	230971040
2015/4/27	8.14	8.18	7.96	8.07	26274090	212326704
2015/4/24	8	8.08	7.84	8.04	29714000	236908816
2015/4/23	8.33	8.36	8.11	8.16	34403217	281434976
2015/4/22	8.25	8.48	8.22	8.32	37413004	312634176
2015/4/21	8.1	8.25	7.88	8.24	37766741	304591136
2015/4/20	8.37	8.64	8.15	8.19	62287008	523425472
2015/4/17	8.09	8.68	8	8.43	64529307	538117760
2015/4/16	8	8.47	7.75	8.06	47117875	381945248
2015/4/15	7.74	8.57	7.5	8.19	69659495	556441088
2015/4/14	7.49	8.1	7.39	7.79	53990880	420457280
2015/4/13	7.44	7.52	7.31	7.49	39153477	291610176
2015/4/10	7.09	7.31	7.05	7.27	26172099	189462032
2015/4/9	7.36	7.36	6.98	7.15	30788809	219406224
2015/4/8	7.6	7.66	7.18	7.36	42869319	317396064
2015/4/7	7.29	7.65	7.28	7.6	50992186	383999712
2015/4/3	7.2	7.29	7.11	7.29	38099937	275255040
2015/4/2	7.18	7.33	7.12	7.21	36724143	264985168
2015/4/1	7.06	7.15	7.02	7.11	25086009	177522368
2015/3/31	7.37	7.4	7.05	7.06	38751572	277948128
2015/3/30	7.17	7.54	7.16	7.25	58954788	431831616
2015/3/27	6.99	7.09	6.93	7.08	25992345	182705104
2015/3/26	6.98	7.13	6.85	7.02	28751088	201714080
2015/3/25	7	7.02	6.85	6.98	28802828	199859696
2015/3/24	7.22	7.22	6.75	7.07	63829033	445799360
2015/3/23	6.93	7.35	6.93	7.22	49136639	349692864
2015/3/20	7.04	7.04	6.88	6.92	42533330	294442880
2015/3/19	7	7.2	6.95	7.04	56979588	401370464
2015/3/18	6.84	7.38	6.81	7.21	97750053	690193088
2015/3/17	6.18	6.77	6.17	6.77	48422909	314412736
2015/3/16	6.08	6.16	6.05	6.15	22758173	139187920
2015/3/13	5.99	6.1	5.96	6.05	11492587	69380048
2015/3/12	6.07	6.1	5.98	6	10716301	64530288
2015/3/11	6.02	6.15	5.99	6.08	14093845	85418128
2015/3/10	5.93	6.07	5.89	6.05	13949229	83752920
2015/3/9	5.85	5.94	5.76	5.94	10100435	59008184
2015/3/6	5.91	5.95	5.83	5.88	9100473	53613000
2015/3/5	6.08	6.08	5.86	5.92	16854972	100285280
2015/3/4	6	6.14	6	6.09	16188835	98417616
2015/3/3	6.1	6.12	5.93	5.95	18984447	114474608
2015/3/2	6.12	6.18	6.08	6.14	18763476	114986384
2015/2/27	6.06	6.06	5.94	6.05	16267567	97341248
2015/2/26	5.88	6.08	5.84	6.04	19608431	117217552
2015/2/25	5.84	6.05	5.83	5.91	17390325	103398256
2015/2/17	5.77	5.84	5.74	5.82	12643131	73302160
2015/2/16	5.82	5.84	5.7	5.75	14318013	82451272
2015/2/13	5.77	5.89	5.72	5.78	14865739	86123656
2015/2/12	5.53	6	5.53	5.77	28456483	165336784
2015/2/11	5.66	5.66	5.49	5.5	11228029	62322996
2015/2/10	5.47	5.62	5.44	5.62	10210650	56591468
2015/2/9	5.58	5.64	5.42	5.54	10376921	57565412
2015/2/6	5.84	5.84	5.45	5.58	18651944	105176984
2015/2/5	5.99	6	5.82	5.87	17675605	104050872
2015/2/4	5.94	6.02	5.87	5.92	18645066	110570776
2015/2/3	5.82	6	5.81	5.99	19852168	117353664
2015/2/2	5.91	6	5.72	5.86	23062079	135587760
2015/1/30	6.32	6.48	6	6.02	47670487	296131520
2015/1/29	6.3	6.44	6.01	6.2	61585771	385525568
2015/1/28	6	6.5	5.85	6.5	94435415	598051200
2015/1/27	5.45	5.91	5.45	5.91	50216830	284516288
2015/1/26	5.28	5.38	5.22	5.37	13028653	69192312
2015/1/23	5.44	5.45	5.33	5.35	15585948	83802504
2015/1/22	5.4	5.48	5.3	5.48	23958115	128933832
2015/1/21	5.27	5.65	5.25	5.47	32988751	181630976
2015/1/20	5.03	5.36	5.03	5.34	33861575	177322608
2015/1/19	5.3	5.32	4.95	5.02	31448679	161331280
2015/1/16	5.33	5.59	5.28	5.5	37594212	203222608
2015/1/15	6	6.17	5.41	5.61	80231760	464612160
2015/1/14	5.6	5.61	5.37	5.61	15882292	88648840
2015/1/13	5	5.1	4.8	5.1	13482642	67766656
2014/9/30	4.6	4.65	4.59	4.64	8547911	39444856
2014/9/29	4.6	4.62	4.56	4.6	8177401	37507968
2014/9/26	4.56	4.59	4.54	4.58	9470220	43268472
2014/9/25	4.54	4.58	4.5	4.54	10562941	47895432
2014/9/24	4.54	4.58	4.51	4.54	9034698	40994180
2014/9/23	4.45	4.5	4.43	4.49	7689772	34381560
2014/9/22	4.53	4.54	4.42	4.46	8789597	39254392
2014/9/19	4.66	4.66	4.53	4.56	8629931	39455400
2014/9/18	4.58	4.72	4.53	4.62	15598894	72170728
2014/9/17	4.44	4.64	4.4	4.6	15765863	71641032
2014/9/16	4.47	4.72	4.46	4.47	25436502	116564360
2014/9/15	4.44	4.53	4.43	4.47	12211353	54567544
2014/9/12	4.33	4.45	4.31	4.44	17308921	76388152
2014/9/11	4.33	4.4	4.31	4.35	10175104	44310200
2014/9/10	4.34	4.36	4.28	4.34	7589616	32764436
2014/9/9	4.37	4.43	4.34	4.35	10579427	46262508
2014/9/5	4.31	4.44	4.29	4.37	16398874	71619152
2014/9/4	4.32	4.33	4.27	4.3	8154883	35010796
2014/9/3	4.33	4.33	4.25	4.3	10525524	45125608
2014/9/2	4.33	4.36	4.24	4.28	10679270	45815848
2014/9/1	4.17	4.29	4.17	4.26	9565708	40612436
2014/8/29	4.07	4.13	4.06	4.13	2499343	10250601
2014/8/28	4.13	4.17	4.07	4.08	3386026	13922029
2014/8/27	4.17	4.19	4.11	4.14	4385283	18164472
2014/8/26	4.26	4.26	4.15	4.17	5351456	22435946
2014/8/25	4.22	4.3	4.2	4.28	10313916	43980320
2014/8/22	4.18	4.22	4.17	4.2	4409525	18506210
2014/8/21	4.22	4.22	4.16	4.19	5210220	21813930
2014/8/20	4.2	4.23	4.18	4.23	6014693	25341370
2014/8/19	4.25	4.25	4.17	4.21	9861676	41479668
2014/8/18	4.25	4.27	4.21	4.25	7443475	31579222
2014/8/15	4.24	4.28	4.18	4.24	7788967	32920672
2014/8/14	4.37	4.44	4.2	4.23	20651858	89138344
2014/8/13	4.36	4.48	4.27	4.36	24358628	106598648
2014/8/12	4.34	4.36	4.26	4.33	11572932	49905440
2014/8/11	4.26	4.4	4.2	4.34	20366380	87060728
2014/8/8	4.02	4.41	3.98	4.28	44275457	188619504
2014/8/7	3.9	4.16	3.88	4.02	25073626	100624576
2014/8/6	3.89	3.92	3.87	3.9	6885062	26799690
2014/8/5	3.86	3.91	3.85	3.9	7932958	30809906
2014/8/4	3.82	3.87	3.8	3.87	4799341	18445128
2014/8/1	3.85	3.89	3.81	3.81	6523071	25076684
2014/7/31	3.87	3.91	3.84	3.86	7021659	27168954
2014/7/30	3.83	3.85	3.81	3.81	5548900	21208068
2014/7/29	3.83	3.89	3.82	3.85	7539143	29018330
2014/7/28	3.79	3.85	3.79	3.83	7102910	27164354
2014/7/25	3.77	3.8	3.74	3.8	3952629	14920661
2014/7/24	3.73	3.78	3.72	3.78	4256992	15947255
2014/7/23	3.74	3.82	3.74	3.74	6005138	22610872
2014/7/22	3.7	3.73	3.68	3.71	3522904	13062045
2014/7/21	3.71	3.73	3.69	3.7	2007700	7447183.5
2014/7/18	3.69	3.72	3.67	3.71	2039148	7548531.5
2014/7/17	3.73	3.74	3.66	3.69	2487607	9184530
2014/7/16	3.75	3.76	3.71	3.74	3444569	12886132
2014/7/15	3.73	3.75	3.7	3.74	3009766	11210871
2014/7/14	3.7	3.74	3.68	3.73	3183139	11804259
2014/7/11	3.67	3.72	3.65	3.68	3263970	12057688
2014/7/10	3.67	3.7	3.64	3.69	4128065	15137323
2014/7/9	3.74	3.76	3.68	3.68	7777465	28837810
2014/7/8	3.72	3.94	3.71	3.77	16330396	62384428
2014/7/7	3.63	3.65	3.59	3.65	3739533	13515386
2014/7/4	3.65	3.68	3.62	3.62	2949081	10732529
2014/7/3	3.7	3.71	3.66	3.66	3856771	14185599
2014/7/2	3.67	3.71	3.65	3.7	2945543	10869046
2014/7/1	3.63	3.68	3.61	3.65	2804515	10237328
2014/6/30	3.61	3.63	3.59	3.6	2045079	7379804.5
2014/6/27	3.56	3.62	3.54	3.61	2944468	10599554
2014/6/26	3.53	3.57	3.51	3.56	2870867	10163113
2014/6/25	3.58	3.58	3.5	3.51	2593088	9175179
2014/6/24	3.55	3.58	3.55	3.57	1335004	4762072
2014/6/23	3.53	3.58	3.53	3.58	1661196	5894202
2014/6/20	3.58	3.59	3.5	3.53	2575915	9089122
2014/6/19	3.71	3.71	3.58	3.59	2186920	7966169
2014/6/18	3.71	3.73	3.68	3.71	2026107	7509127.5
2014/6/17	3.73	3.74	3.7	3.71	1292777	4805845
2014/6/16	3.72	3.73	3.71	3.73	1582514	5885263
2014/6/13	3.7	3.74	3.7	3.72	1707031	6350330.5
2014/6/12	3.73	3.73	3.69	3.69	1736228	6439093
2014/6/11	3.73	3.76	3.69	3.74	1639970	6126357
2014/6/10	3.73	3.75	3.67	3.73	1154736	4292059.5
2014/6/9	3.72	3.75	3.7	3.71	1228799	4580989.5
2014/6/6	3.7	3.72	3.67	3.72	1243630	4595717
2014/6/5	3.65	3.7	3.65	3.7	922467	3388355
2014/6/4	3.71	3.73	3.63	3.66	1481999	5443155.5
2014/6/3	3.64	3.73	3.62	3.72	2341099	8659578
2014/5/30	3.68	3.69	3.62	3.64	1833548	6691488
2014/5/29	3.73	3.74	3.67	3.68	1119336	4142887.5
2014/5/28	3.73	3.74	3.7	3.73	1308864	4867758
2014/5/27	3.76	3.77	3.72	3.72	974275	3646008
2014/5/26	3.73	3.77	3.73	3.76	1672218	6265963.5
2014/5/23	3.68	3.74	3.68	3.73	955262	3549096.5
2014/5/22	3.69	3.76	3.69	3.69	1603063	5967261.5
2014/5/21	3.66	3.68	3.64	3.68	751428	2752432.5
2014/5/20	3.69	3.71	3.65	3.66	792620	2910839
2014/5/19	3.71	3.71	3.66	3.67	834543	3063444.5
2014/5/16	3.69	3.72	3.67	3.71	981152	3620564.75
2014/5/15	3.76	3.77	3.68	3.71	1345918	4997705
2014/5/14	3.75	3.78	3.75	3.76	858647	3233090.75
2014/5/13	3.77	3.78	3.74	3.76	935360	3507372.5
2014/5/12	3.7	3.77	3.69	3.77	1785969	6682315
2014/5/9	3.7	3.71	3.66	3.68	1056278	3889618.25
2014/5/8	3.69	3.74	3.66	3.7	1056246	3910792.75
2014/5/7	3.78	3.78	3.69	3.69	1279397	4776299
2014/5/6	3.74	3.77	3.73	3.74	874924	3279913
2014/5/5	3.72	3.76	3.69	3.75	1623452	6033760
2014/4/30	3.72	3.74	3.7	3.72	1011399	3765417.5
2014/4/29	3.67	3.73	3.67	3.72	1204226	4454913.5
2014/4/28	3.76	3.78	3.65	3.67	1692200	6283631
2014/4/25	3.85	3.87	3.76	3.77	2563563	9799793
2014/4/24	3.88	3.89	3.85	3.86	1584177	6118835.5
2014/4/23	3.92	3.93	3.87	3.88	1803600	7018700
2014/4/22	3.93	3.93	3.89	3.92	2311484	9029474
2014/4/21	3.98	3.98	3.92	3.92	1659200	6550346
2014/4/18	4	4.01	3.97	3.99	1709721	6812225
2014/4/17	3.97	3.99	3.95	3.98	1619609	6437739
2014/4/16	3.96	3.99	3.94	3.98	2349041	9301653
2014/4/15	3.99	3.99	3.93	3.95	2714213	10721560
2014/4/14	3.98	4.01	3.95	4	2090575	8314013.5
2014/4/11	4.04	4.04	3.96	3.98	3165237	12604533
2014/4/10	4.05	4.06	4.02	4.05	2486269	10038921
2014/4/9	4.07	4.07	4.01	4.05	3236039	13085610
2014/4/8	3.99	4.15	3.97	4.08	9635134	39324468
2014/4/4	3.92	4.02	3.9	4.02	4371507	17315974
2014/4/3	3.97	3.98	3.9	3.92	2282527	8988079
2014/4/2	3.97	3.99	3.94	3.96	1431751	5670321.5
2014/4/1	3.9	3.98	3.9	3.98	1705952	6733321
2014/3/31	3.9	3.94	3.9	3.92	1204335	4719602
2014/3/28	3.95	3.97	3.9	3.9	2173058	8537993
2014/3/27	4	4	3.95	3.96	2285858	9090183
2014/3/26	4.01	4.03	3.97	4.02	2638673	10534880
2014/3/25	4.01	4.05	4	4.01	2376683	9566615
2014/3/24	3.99	4.03	3.96	4.02	2581795	10329965
2014/3/21	3.92	4	3.87	3.99	3086732	12171691
2014/3/20	4	4	3.91	3.92	2044800	8095796
2014/3/19	4.02	4.02	3.95	3.99	2230102	8877896
2014/3/18	3.97	4.02	3.95	4	2365710	9407296
2014/3/17	3.92	3.98	3.92	3.96	2199043	8683492
2014/3/14	3.93	3.95	3.9	3.94	1764924	6931796
2014/3/13	3.92	3.95	3.9	3.93	1775574	6975906
2014/3/12	3.9	3.95	3.89	3.92	1707294	6690998.5
2014/3/11	3.91	3.94	3.89	3.91	1919490	7513178.5
2014/3/10	4.02	4.02	3.91	3.92	3336516	13235249
2014/3/7	4.04	4.05	4	4.02	1928852	7774101
2014/3/6	4.06	4.06	4	4.04	2365158	9514319
2014/3/5	4.09	4.11	4.05	4.05	2180748	8868623
2014/3/4	4.06	4.11	4.05	4.1	2437609	9934615
2014/3/3	4.07	4.09	4.03	4.09	2584471	10509333
2014/2/28	4.03	4.07	3.99	4.06	2352956	9461551
2014/2/27	4.09	4.11	4	4.03	2507732	10182057
2014/2/26	4.05	4.06	4	4.06	1931788	7779134
2014/2/25	4.08	4.1	4.01	4.02	3243002	13157316
2014/2/24	4.12	4.14	4.05	4.08	3546789	14455528
2014/2/21	4.25	4.25	4.13	4.14	4293851	17933236
2014/2/20	4.28	4.29	4.22	4.23	4237382	17998970
2014/2/19	4.25	4.28	4.22	4.27	4023681	17120014
2014/2/18	4.28	4.28	4.22	4.23	4416777	18716628
2014/2/17	4.28	4.34	4.25	4.28	6411284	27459950
2014/2/14	4.28	4.31	4.23	4.28	4962828	21234270
2014/2/13	4.29	4.3	4.2	4.23	4986019	21154148
2014/2/12	4.21	4.39	4.21	4.29	13762183	59009892
2014/2/11	4.15	4.17	4.11	4.16	3750600	15545388
2014/2/10	4.1	4.16	4.08	4.15	3333038	13785179
2014/2/7	4.03	4.09	4.01	4.08	1814989	7374072
2014/1/30	4.11	4.13	4.01	4.06	2559892	10395494
2014/1/29	4.12	4.14	4.11	4.11	1695401	6989729
2014/1/28	4.15	4.18	4.13	4.14	1862013	7719318
2014/1/27	4.17	4.17	4.1	4.12	2268017	9368793
2014/1/24	4.18	4.24	4.16	4.18	3002061	12562755
2014/1/23	4.17	4.18	4.15	4.16	5346501	22281846
2014/1/22	4.07	4.3	4.07	4.21	6565932	27166514
2014/1/21	4.06	4.14	4.05	4.08	2601207	10664224
2014/1/20	4.09	4.09	4.03	4.04	1253876	5080904.5
2014/1/17	4.06	4.12	4.01	4.11	2229622	9017386
2014/1/16	4.13	4.13	4.06	4.06	2571890	10516320
2014/1/15	4.16	4.18	4.12	4.13	2731274	11337714
2014/1/14	4.08	4.15	4.08	4.12	2048326	8420832
2014/1/13	4.16	4.16	4.09	4.11	2174933	8995509
2014/1/10	4.12	4.16	4.03	4.14	2525468	10277822
2014/1/9	4.18	4.2	4.12	4.16	3957415	16529757
2014/1/8	4.16	4.19	4.14	4.16	1417574	5893120.5
2014/1/7	4.16	4.21	4.14	4.16	1757647	7318160.5
2014/1/6	4.21	4.26	4.15	4.22	4837591	20469180
2014/1/3	4.26	4.29	4.12	4.26	3715687	15574262
2014/1/2	4.06	4.33	4.04	4.28	4216550	17479754
2013/12/31	4.03	4.05	3.99	4.04	1780310	7168451.5
2013/12/30	4.09	4.1	4.02	4.03	1687809	6839774.5
2013/12/27	4.03	4.09	4.01	4.07	1607490	6513521.5
2013/12/26	4.12	4.12	4.02	4.02	1784855	7250874.5
2013/12/25	4.1	4.12	4.06	4.12	1582604	6475543
2013/12/24	4.07	4.12	4.05	4.1	1465516	5991413.5
2013/12/23	4.12	4.14	4.05	4.06	1719399	7007877.5
2013/12/20	4.12	4.16	4.07	4.1	2215470	9117869
2013/12/19	4.23	4.28	4.16	4.16	2592149	10919727
2013/12/18	4.22	4.25	4.2	4.23	1980751	8353404.5
2013/12/17	4.26	4.33	4.2	4.24	2734575	11639771
2013/12/16	4.26	4.41	4.25	4.29	6053380	26253002
2013/12/13	4.21	4.25	4.18	4.22	2548843	10773227
2013/12/12	4.23	4.26	4.2	4.22	3537041	14937865
2013/12/11	4.32	4.34	4.22	4.24	4457099	18965874
2013/12/10	4.38	4.42	4.32	4.36	4396017	19179868
2013/12/9	4.4	4.45	4.33	4.35	4779696	20878184
2013/12/6	4.33	4.43	4.32	4.42	6711073	29312276
2013/12/5	4.54	4.59	4.39	4.4	12944137	57784196
2013/12/4	4.7	4.9	4.57	4.6	24383831	114391080
2013/12/3	4.45	4.46	4.31	4.46	7107231	31507994
2013/11/11	4	4.08	4	4.05	2076358	8418494
2013/11/8	4.03	4.07	3.93	3.97	2438985	9709056
2013/11/7	4.08	4.12	4.02	4.06	2044287	8325234
2013/11/6	4.12	4.18	4.11	4.11	2226792	9230338
2013/11/5	4.1	4.14	4.05	4.12	1960170	8031228.5
2013/11/4	4.12	4.14	4.09	4.13	1722415	7102264.5
2013/11/1	4.15	4.16	4.08	4.12	2119789	8732693
2013/10/31	4.13	4.17	4.1	4.15	2864482	11862755
2013/10/30	4.13	4.19	4.07	4.17	3006866	12444922
2013/10/29	4.36	4.42	4.02	4.15	5437639	22714618
2013/10/28	4.34	4.44	4.3	4.39	2930962	12842102
2013/10/25	4.58	4.61	4.29	4.33	5388658	23844330
2013/10/24	4.6	4.7	4.56	4.58	5545114	25662176
2013/10/23	4.59	4.79	4.54	4.6	8660678	40128172
2013/10/22	4.55	4.62	4.47	4.59	7138977	32442602
2013/10/21	4.52	4.56	4.46	4.56	3985992	18002502
2013/10/18	4.47	4.53	4.44	4.51	2368807	10652548
2013/10/17	4.52	4.55	4.46	4.46	3659336	16433137
2013/10/16	4.61	4.61	4.47	4.48	5185306	23503650
2013/10/15	4.6	4.68	4.59	4.61	6444559	29743706
2013/10/14	4.59	4.6	4.5	4.55	5095964	23146692
2013/10/11	4.54	4.58	4.48	4.58	4872808	22069962
2013/10/10	4.67	4.68	4.51	4.53	6203800	28353790
2013/10/9	4.64	4.77	4.62	4.68	7102914	33265940
2013/10/8	4.55	4.65	4.45	4.62	5855873	26741346
2013/9/30	4.55	4.59	4.44	4.55	5433808	24376310
2013/9/27	4.69	4.69	4.52	4.55	6902964	31655246
2013/9/26	4.58	4.86	4.58	4.73	17739528	83852152
2013/9/25	4.85	4.85	4.56	4.62	20912217	97705104
2013/9/24	4.4	4.8	4.37	4.8	21779463	102457120
2013/9/23	4.26	4.36	4.24	4.36	4502574	19397352
2013/9/18	4.28	4.3	4.25	4.27	2356675	10055831
2013/9/17	4.28	4.4	4.24	4.28	5270540	22755520
2013/9/16	4.31	4.36	4.24	4.26	4841724	20694584
2013/9/13	4.44	4.57	4.34	4.37	8445907	37523372
2013/9/12	4.32	4.47	4.29	4.39	7641656	33619668
2013/9/11	4.33	4.42	4.24	4.34	8536296	36877344
2013/9/10	4.27	4.32	4.24	4.31	6235801	26746930
2013/9/9	4.18	4.27	4.17	4.23	4848049	20471978
2013/9/6	4.18	4.21	4.15	4.2	3683598	15416111
2013/9/5	4.28	4.29	4.18	4.18	3919637	16530829
2013/9/4	4.26	4.29	4.2	4.27	6159802	26131872
2013/9/3	4.3	4.31	4.23	4.27	4789288	20462816
2013/9/2	4.46	4.48	4.25	4.31	8330085	35992440
2013/8/30	4.22	4.6	4.2	4.45	17366410	76328184
2013/8/29	4.05	4.32	4.05	4.22	9064263	37994120
2013/8/28	4.07	4.1	4.02	4.06	3639621	14799977
2013/8/27	4.07	4.13	4.07	4.11	3530378	14462456
2013/8/26	3.99	4.05	3.97	4.05	2373983	9542072
2013/8/23	4.04	4.06	3.92	3.98	3294624	13169327
2013/8/22	4.03	4.06	4.01	4.03	2593235	10435156
2013/8/21	4.01	4.09	4.01	4.04	2402401	9727528
2013/8/20	4.07	4.08	4.02	4.03	1995466	8085309
2013/8/19	4.04	4.07	3.98	4.06	2605988	10515843
2013/8/16	4.08	4.19	4.03	4.05	4265751	17468354
2013/8/15	4.14	4.15	4.08	4.09	3379638	13892271
2013/8/14	4.27	4.27	4.15	4.15	4774208	19981282
2013/8/13	4.11	4.31	4.08	4.25	7090582	29989342
2013/8/12	4.07	4.14	4.06	4.14	4414640	18134340
2013/8/9	4.06	4.06	3.99	4.05	2743354	11048427
2013/8/8	4.05	4.06	4.01	4.04	2093147	8450925
2013/8/7	4.11	4.12	4.02	4.03	3513799	14288138
2013/8/6	4.08	4.12	4.05	4.12	3309933	13544513
2013/8/5	4.03	4.12	4.01	4.1	3899210	15881078
2013/8/2	3.97	4.09	3.97	4.03	6180089	24938134
2013/8/1	3.85	3.93	3.84	3.92	3194201	12435033
2013/7/31	3.85	3.92	3.82	3.83	2243641	8651511
2013/7/30	3.9	3.96	3.8	3.84	2746473	10646234
2013/7/29	4.02	4.02	3.88	3.89	2820507	11068328
2013/7/26	3.93	4.04	3.91	4.02	5330731	21210784
2013/7/25	3.9	3.94	3.86	3.88	2542695	9925687
2013/7/24	3.97	3.98	3.85	3.89	3277433	12785644
2013/7/23	3.88	4.01	3.88	3.97	3693049	14612678
2013/7/22	3.85	3.9	3.76	3.89	2611932	10055687
2013/7/19	4.07	4.12	3.89	3.89	4188750	16779938
2013/7/18	4.13	4.18	4.06	4.06	3754476	15412550
2013/7/17	4.24	4.29	4.15	4.17	5755710	24419838
2013/7/16	4.21	4.28	4.17	4.26	5169965	21793722
2013/7/15	4.18	4.23	4.15	4.18	4087031	17091134
2013/7/12	4.38	4.38	4.13	4.15	6357391	26796210
2013/7/11	4.12	4.32	4.09	4.25	8140880	34239900
2013/7/10	3.99	4.2	3.99	4.12	6665576	27504618
2013/7/9	3.94	4.06	3.94	3.94	4645259	18503866
2013/7/8	4.04	4.25	4.02	4.05	12300830	50435820
2013/7/5	3.93	3.97	3.91	3.93	2840197	11200635
2013/7/4	3.86	3.96	3.8	3.93	3160510	12281738
2013/7/3	3.95	3.99	3.82	3.9	2760492	10753480
2013/7/2	3.87	4.06	3.84	3.95	3891473	15413013
2013/7/1	3.77	3.88	3.77	3.87	2724405	10416140
2013/6/28	3.8	3.88	3.66	3.78	3018392	11446980
2013/6/27	3.96	4.01	3.78	3.81	4265664	16796722
2013/6/26	4.03	4.07	3.9	3.97	3693104	14667542
2013/6/25	4	4.05	3.71	4.01	7395931	28717482
2013/6/24	4.57	4.59	4.12	4.12	7071122	30105990
2013/6/21	4.79	4.79	4.41	4.58	7091563	32280028
2013/6/20	4.84	4.96	4.8	4.82	3420607	16639039
2013/6/19	4.9	5.08	4.85	4.93	5353357	26607578
2013/6/18	4.84	4.89	4.8	4.84	2618675	12667899
2013/6/17	4.91	4.96	4.83	4.85	2972803	14523733
2013/6/14	4.95	4.99	4.87	4.92	3670164	18089540
2013/6/13	5.09	5.1	4.8	4.87	4671296	22795708
2013/6/7	5.24	5.27	5.11	5.13	4321559	22374398
2013/6/6	5.35	5.35	5.2	5.2	4875866	25605162
2013/6/5	5.34	5.48	5.32	5.36	7129351	38404952
2013/6/4	5.35	5.41	5.19	5.24	8265682	43469504
2013/6/3	5.58	5.68	5.41	5.43	10152404	55997928
2013/5/31	5.49	5.55	5.36	5.37	8159147	44286420
2013/5/30	5.45	5.63	5.43	5.53	10544064	58370876
2013/5/29	5.46	5.5	5.39	5.46	8627839	47022892
2013/5/28	5.25	5.51	5.22	5.44	12472762	67577832
2013/5/27	5.3	5.31	5.23	5.25	4895915	25763396
2013/5/24	5.22	5.32	5.2	5.3	6297503	33205322
2013/5/23	5.25	5.26	5.16	5.22	6928709	36065228
2013/5/22	5.29	5.3	5.21	5.27	7476508	39251444
2013/5/21	5.36	5.39	5.26	5.28	7974412	42331108
2013/5/20	5.35	5.38	5.32	5.36	7449236	39834908
2013/5/17	5.3	5.38	5.27	5.35	7353945	39089880
2013/5/16	5.26	5.32	5.17	5.31	7950420	41612096
2013/5/15	5.36	5.39	5.2	5.25	7934407	41772488
2013/5/14	5.49	5.52	5.3	5.34	7234181	38765104
2013/5/13	5.54	5.55	5.46	5.49	4969413	27332358
2013/5/10	5.62	5.63	5.46	5.5	7741202	42879716
2013/5/9	5.48	5.66	5.44	5.66	9924912	55168528
2013/5/8	5.5	5.6	5.41	5.47	7793270	42807360
2013/5/7	5.7	5.7	5.38	5.54	13876030	76541528
2013/5/6	5.95	6.2	5.77	5.77	21583452	128267216
2013/5/2	5.93	5.93	5.63	5.77	5737797	33151762
2013/4/26	5.9	5.98	5.85	5.93	8134805	48193100
2013/4/25	5.84	5.96	5.84	5.89	9565424	56435560
2013/4/24	5.75	5.96	5.75	5.89	9937218	58357208
2013/4/23	5.85	5.9	5.72	5.75	11008481	63798000
2013/4/22	5.77	5.97	5.65	5.92	21171013	123897592
2013/4/19	5.43	5.69	5.43	5.69	13304887	75397128
2013/4/18	5.38	5.47	5.29	5.42	5329419	28738684
2013/4/17	5.52	5.53	5.41	5.42	3723191	20294810
2013/4/16	5.58	5.58	5.34	5.52	6318908	34327708
2013/4/15	5.54	5.65	5.51	5.62	4830595	26958912
2013/4/12	5.67	5.7	5.53	5.56	4608629	25844426
2013/4/11	5.65	5.73	5.6	5.66	5036901	28546632
2013/4/10	5.71	5.78	5.56	5.65	6169246	34884604
2013/4/9	5.54	5.75	5.51	5.66	6112918	34581396
2013/4/8	5.36	5.57	5.25	5.56	5532874	29927232
2013/4/3	5.34	5.43	5.25	5.43	4168711	22302528
2013/4/2	5.4	5.49	5.26	5.32	4600460	24777182
2013/4/1	5.4	5.5	5.37	5.41	3817352	20742116
2013/3/29	5.41	5.59	5.38	5.46	6000780	33026840
2013/3/28	5.58	5.58	5.33	5.37	6205267	33641996
2013/3/27	5.55	5.66	5.54	5.6	4342589	24273810
2013/3/26	5.67	5.72	5.51	5.53	6436430	35827592
2013/3/25	5.66	5.81	5.6	5.7	6466252	36848604
2013/3/22	5.5	5.71	5.5	5.64	8149291	45665112
2013/3/21	5.51	5.73	5.47	5.59	11909309	67102832
2013/3/20	5.23	5.47	5.2	5.47	9122225	49124804
2013/3/19	5.29	5.3	5.06	5.21	10790520	55567048
2013/3/18	5.51	5.6	5.33	5.33	8958946	48306556
2013/3/15	5.64	5.76	5.56	5.61	6497755	36831988
2013/3/14	5.52	5.72	5.46	5.68	7242984	40731496
2013/3/13	5.68	5.73	5.46	5.52	6310775	35231064
2013/3/12	5.75	5.93	5.58	5.68	9341479	53947744
2013/3/11	5.75	5.87	5.68	5.75	5727470	33070920
2013/3/8	5.84	5.94	5.72	5.73	8425595	49033372
2013/3/7	6.08	6.22	5.83	5.87	16406343	97741040
2013/3/6	6.21	6.39	6.12	6.14	14280699	88534072
2013/3/5	5.99	6.34	5.83	6.21	18258879	111585376
2013/3/4	6.12	6.25	5.82	6.05	29443937	178650944
2013/3/1	5.7	5.97	5.7	5.97	22447259	132987480
2013/2/28	5.4	5.69	5.37	5.69	24702529	137754768
2013/2/27	5.13	5.42	5.12	5.42	19774599	106260248
2013/2/26	5.12	5.31	5.11	5.16	9581274	49871456
2013/2/25	5.35	5.41	5.1	5.15	11695477	60784492
2013/2/22	5.42	5.5	5.32	5.37	8857235	47654144
2013/2/21	5.38	5.63	5.33	5.48	13410483	73581864
2013/2/20	5.3	5.46	5.3	5.38	16807626	90431688
2013/2/19	5.03	5.55	5.03	5.55	30919847	164262832
2013/2/18	5.29	5.29	5.29	5.29	2675800	14154982
2013/2/8	8	8	5.57	5.57	16498251	119065360

:						
000498   						
      	    	    	    	    	    	    