2019/9/23	4.3	4.3	4.18	4.27	25965171	110197536
2019/9/20	4.18	4.3	4.08	4.27	17646902	73912264
2019/9/19	4.21	4.22	4.15	4.17	6435247	26811936
2019/9/18	4.24	4.24	4.17	4.21	7463828	31328350
2019/9/17	4.3	4.3	4.15	4.21	11730893	49456396
2019/9/16	4.5	4.5	4.27	4.32	25186073	109759496
2019/9/12	4.26	4.3	4.22	4.29	9272340	39552204
2019/9/11	4.26	4.28	4.19	4.25	9935950	42055136
2019/9/10	4.27	4.28	4.12	4.24	14188487	59550596
2019/9/9	4.28	4.31	4.25	4.28	10929398	46787684
2019/9/6	4.26	4.32	4.23	4.28	11165024	47661240
2019/9/5	4.24	4.28	4.2	4.23	10198329	43156704
2019/9/4	4.16	4.22	4.13	4.22	7459022	31203614
2019/9/3	4.17	4.18	4.12	4.16	8853680	36737408
2019/9/2	4.19	4.21	4.13	4.2	6699037	28012564
2019/8/30	4.22	4.25	4.12	4.18	8794989	36840796
2019/8/29	4.28	4.28	4.16	4.21	10667462	44796284
2019/8/28	4.29	4.35	4.2	4.28	10474561	44596904
2019/8/27	4.3	4.36	4.24	4.28	10965106	46995960
2019/8/26	4.23	4.4	4.21	4.3	19171199	82370312
2019/8/23	4.25	4.35	4.17	4.32	25898834	110643704
2019/8/22	4.08	4.24	4.07	4.21	19288661	80357528
2019/8/21	3.99	4.13	3.95	4.13	21316320	87083488
2019/8/20	3.92	4	3.89	3.96	16393212	64551792
2019/8/19	3.96	3.99	3.87	3.92	23361266	91471760
2019/8/16	4.25	4.33	3.98	4	34445568	141682720
2019/8/15	4.05	4.17	3.99	4.16	16114560	66133460
2019/8/14	4.14	4.18	4.06	4.09	9991429	40871036
2019/8/13	4.09	4.19	4.03	4.07	18644734	76462512
2019/8/12	3.93	4.09	3.93	4.09	15890581	64002860
2019/8/9	3.83	4	3.79	3.95	20554884	80551744
2019/8/8	3.84	3.86	3.76	3.8	11668166	44375260
2019/8/7	3.82	3.95	3.8	3.84	10778300	41458880
2019/8/6	3.82	3.88	3.76	3.82	16883638	64381508
2019/8/5	3.87	3.96	3.85	3.87	23825751	92855504
2019/8/2	3.75	3.88	3.75	3.82	20181688	77020256
2019/8/1	3.88	3.94	3.85	3.89	14496278	56534308
2019/7/31	3.92	3.99	3.87	3.9	16700557	65509092
2019/7/30	3.99	4.07	3.93	3.96	17850000	71406144
2019/7/29	3.94	4	3.87	3.91	14260253	56101024
2019/7/26	3.88	3.93	3.85	3.91	13323222	52057764
2019/7/25	3.86	3.91	3.81	3.88	22847757	88513232
2019/7/24	3.75	3.92	3.75	3.83	27924133	107605648
2019/7/23	3.78	3.85	3.72	3.75	20397280	77146552
2019/7/22	3.65	3.93	3.58	3.78	31668316	118564464
2019/7/19	3.56	3.72	3.56	3.64	16405507	59977908
2019/7/18	3.56	3.59	3.51	3.54	11121454	39489596
2019/7/17	3.61	3.65	3.52	3.57	12381994	44431480
2019/7/16	3.52	3.62	3.49	3.58	15272683	54249808
2019/7/15	3.37	3.56	3.36	3.55	15152851	52562388
2019/7/12	3.33	3.37	3.3	3.36	3847985	12827297
2019/7/11	3.33	3.34	3.3	3.3	3859547	12832450
2019/7/10	3.34	3.36	3.3	3.31	4132419	13720851
2019/7/9	3.33	3.35	3.31	3.35	4232255	14114053
2019/7/8	3.44	3.45	3.32	3.32	8731864	29405948
2019/7/5	3.46	3.55	3.45	3.48	7581665	26420368
2019/7/4	3.42	3.5	3.41	3.43	5921995	20475252
2019/7/3	3.56	3.57	3.44	3.44	6908700	23994420
2019/7/2	3.48	3.56	3.47	3.54	8546679	30177080
2019/7/1	3.45	3.48	3.42	3.47	10400470	35928384
2019/6/28	3.5	3.5	3.34	3.43	12472700	42399836
2019/6/27	3.53	3.55	3.47	3.48	6838955	23993862
2019/6/26	3.52	3.56	3.5	3.51	5124693	18062754
2019/6/25	3.6	3.61	3.51	3.54	6434323	22787932
2019/6/24	3.62	3.63	3.57	3.58	6795076	24430156
2019/6/21	3.61	3.65	3.58	3.61	9417555	34077160
2019/6/20	3.6	3.62	3.54	3.59	8952950	32030650
2019/6/19	3.66	3.69	3.6	3.62	8284960	30060146
2019/6/18	3.59	3.65	3.58	3.6	5477299	19803858
2019/6/17	3.62	3.63	3.56	3.59	6327684	22704366
2019/6/14	3.61	3.68	3.58	3.59	11612942	42055832
2019/6/13	3.52	3.64	3.5	3.63	16958065	61051012
2019/6/12	3.4	3.51	3.4	3.5	9922182	34521012
2019/6/11	3.33	3.44	3.33	3.42	6797608	23072552
2019/6/10	3.26	3.34	3.25	3.33	4194773	13855787
2019/6/6	3.31	3.33	3.23	3.24	5556753	18225570
2019/6/5	3.41	3.42	3.3	3.32	5351401	17883270
2019/6/4	3.44	3.47	3.32	3.35	7960800	26876484
2019/6/3	3.43	3.51	3.43	3.44	6145001	21271542
2019/5/31	3.45	3.53	3.44	3.48	7554199	26340826
2019/5/30	3.49	3.51	3.43	3.46	8274552	28698802
2019/5/29	3.47	3.67	3.44	3.52	10377552	36876904
2019/5/28	3.5	3.52	3.46	3.47	5669515	19795438
2019/5/27	3.48	3.51	3.41	3.5	7505501	26054992
2019/5/24	3.4	3.53	3.38	3.45	9748999	33819216
2019/5/23	3.42	3.49	3.37	3.4	9628299	32911072
2019/5/22	3.54	3.54	3.43	3.47	15824564	54962896
2019/5/21	3.35	3.71	3.33	3.56	25615162	90260368
2019/5/20	3.35	3.37	3.18	3.37	18986610	61859216
2019/5/17	3.46	3.48	3.28	3.3	12812200	43408348
2019/5/16	3.46	3.5	3.42	3.45	9906301	34268348
2019/5/15	3.41	3.48	3.41	3.47	11818084	40692684
2019/5/14	3.37	3.44	3.35	3.41	8294387	28187470
2019/5/13	3.38	3.43	3.31	3.42	9394424	31853226
2019/5/10	3.33	3.41	3.25	3.4	17307953	58066404
2019/5/9	3.18	3.36	3.18	3.3	17898104	58890620
2019/5/8	3.16	3.29	3.13	3.24	10110872	32575694
2019/5/7	3.21	3.25	3.16	3.23	10978182	35194644
2019/5/6	3.32	3.32	3.13	3.2	19371886	62570352
2019/4/30	3.36	3.46	3.34	3.39	11481292	39162292
2019/4/29	3.58	3.59	3.24	3.36	24676487	83794656
2019/4/26	3.62	3.62	3.56	3.59	14149655	50846920
2019/4/25	3.81	3.81	3.63	3.63	15218800	56517688
2019/4/24	3.83	3.83	3.73	3.81	12290210	46557208
2019/4/23	3.93	3.93	3.73	3.81	22890577	88138472
2019/4/22	4.05	4.06	3.95	3.95	15047201	60080644
2019/4/19	4.02	4.07	4	4.03	12367052	49803904
2019/4/18	4.06	4.06	4	4.01	13675902	55029792
2019/4/17	4.05	4.07	4	4.05	18987692	76718872
2019/4/16	3.99	4.08	3.93	4.06	21606135	86717480
2019/4/15	4.06	4.14	4	4.04	24650451	100150264
2019/4/12	4.12	4.19	4.01	4.04	26543512	107983800
2019/4/11	4.12	4.32	4.08	4.14	34648766	144797504
2019/4/10	4.08	4.17	4.02	4.12	34748116	142571360
2019/4/9	4.03	4.26	3.99	4.14	48041780	198797952
2019/4/8	4.15	4.16	4	4.03	54705418	222713072
2019/4/4	4.5	4.5	4.19	4.2	103506670	446324768
2019/4/3	3.9	4.33	3.88	4.33	102505770	427515200
2019/4/2	4.02	4.04	3.9	3.94	55899430	221511424
2019/4/1	3.92	4.08	3.88	4.04	77845441	310838528
2019/3/29	3.88	4.17	3.78	3.95	109311803	437201568
2019/3/28	3.55	3.94	3.52	3.94	81718617	317519200
2019/3/27	3.52	3.59	3.48	3.58	16636863	58889788
2019/3/26	3.61	3.62	3.45	3.53	20835097	73736480
2019/3/25	3.57	3.63	3.54	3.58	16961142	60835016
2019/3/22	3.52	3.66	3.51	3.63	37888536	136956016
2019/3/21	3.49	3.54	3.46	3.52	18474743	64727984
2019/3/20	3.44	3.5	3.42	3.5	18232512	63313672
2019/3/19	3.45	3.48	3.43	3.46	12459398	43032256
2019/3/18	3.43	3.47	3.36	3.47	14432296	49327820
2019/3/15	3.41	3.46	3.37	3.41	16710965	57138604
2019/3/14	3.54	3.55	3.38	3.4	23938209	82321136
2019/3/13	3.61	3.63	3.52	3.54	21415255	76383736
2019/3/12	3.69	3.75	3.56	3.64	32509679	118303984
2019/3/11	3.48	3.65	3.45	3.65	27663427	99139336
2019/3/8	3.6	3.62	3.47	3.49	29005800	102805232
2019/3/7	3.54	3.66	3.5	3.64	32529268	117294280
2019/3/6	3.45	3.59	3.43	3.54	33879111	119564616
2019/3/5	3.41	3.46	3.38	3.45	16583789	56544864
2019/3/4	3.4	3.47	3.39	3.41	19983189	68500320
2019/3/1	3.42	3.44	3.35	3.4	12411697	41967492
2019/2/28	3.4	3.47	3.38	3.42	13122623	44980568
2019/2/27	3.39	3.53	3.34	3.42	25906054	89303672
2019/2/26	3.44	3.58	3.37	3.44	37588149	130325688
2019/2/25	3.31	3.44	3.31	3.43	30714529	103945944
2019/2/22	3.3	3.33	3.26	3.33	11938899	39426460
2019/2/21	3.32	3.37	3.25	3.3	18707362	61895028
2019/2/20	3.35	3.4	3.27	3.31	23306527	77372056
2019/2/19	3.15	3.49	3.13	3.41	46969163	155645600
2019/2/18	3.09	3.17	3.09	3.17	16970147	53357180
2019/2/15	3.07	3.18	3.05	3.12	11720759	36520088
2019/2/14	3.1	3.1	3.04	3.09	11235461	34498828
2019/2/13	3.11	3.13	3.05	3.12	11934726	36867004
2019/2/12	3.1	3.14	3.09	3.14	6047527	18909624
2019/2/11	3.06	3.13	3.05	3.12	4786128	14908740
2019/2/1	3.14	3.15	2.97	3.1	6451907	20007650
2019/1/31	3.15	3.18	3.08	3.09	10540700	33044412
2019/1/30	3.16	3.17	3.1	3.14	5911900	18504928
2019/1/29	3.12	3.14	3.01	3.13	8223342	25380506
2019/1/28	3.16	3.18	3.11	3.14	6201995	19500798
2019/1/25	3.14	3.16	3.11	3.15	8477256	26618612
2019/1/24	3.09	3.14	3.09	3.13	6522104	20316174
2019/1/23	3.07	3.13	3.06	3.1	4338540	13444822
2019/1/22	3.08	3.16	3.06	3.08	5475905	16923806
2019/1/21	3.09	3.2	3.04	3.09	11656323	36089040
2019/1/18	3.07	3.08	3.04	3.08	6361863	19500700
2019/1/17	3.07	3.1	3.04	3.06	7072702	21711338
2019/1/16	3.02	3.09	3	3.08	10329336	31491486
2019/1/15	2.98	3.02	2.96	3.02	5372127	16050360
2019/1/14	3.03	3.03	2.96	2.98	6622103	19803858
2019/1/11	3.02	3.06	3	3	4728531	14291909
2019/1/10	3.02	3.07	3.01	3.02	5603973	17064694
2019/1/9	3.05	3.09	3.04	3.04	12751502	39032460
2019/1/8	3.03	3.12	3	3.07	10082692	30841994
2019/1/7	3.04	3.12	3.02	3.11	10268430	31595444
2019/1/4	2.95	3.05	2.92	3.04	7182257	21552672
2019/1/3	2.95	2.97	2.93	2.95	3476452	10259165
2019/1/2	2.89	3	2.86	2.94	6553201	19233534
2018/12/28	2.86	2.89	2.83	2.88	3261542	9364006
2018/12/27	2.89	2.91	2.84	2.84	3737000	10737137
2018/12/26	2.88	2.89	2.85	2.86	2385328	6840371.5
2018/12/25	2.91	2.91	2.8	2.87	6152412	17614502
2018/12/24	2.94	2.94	2.9	2.93	5800601	16962850
2018/12/21	2.97	2.98	2.93	2.95	4654099	13741581
2018/12/20	2.99	3.02	2.93	3.02	6046200	18001052
2018/12/19	3.04	3.05	2.97	2.99	4247400	12783880
2018/12/18	2.97	3.02	2.97	3.01	4798751	14374811
2018/12/17	2.96	2.99	2.92	2.99	4696530	13891629
2018/12/14	3.02	3.03	2.95	2.96	6623102	19847208
2018/12/13	3.02	3.06	3	3.04	3969115	12054880
2018/12/12	3.04	3.06	3.01	3.02	2849400	8651490
2018/12/11	3.03	3.05	3.01	3.04	3437099	10421520
2018/12/10	3.01	3.03	2.99	3.03	3952535	11914452
2018/12/7	3.06	3.08	3.02	3.05	3886901	11836005
2018/12/6	3.07	3.12	3.05	3.06	6246266	19212352
2018/12/5	3.02	3.25	3	3.12	14676970	46016112
2018/12/4	3.03	3.1	3.02	3.07	8615300	26404268
2018/12/3	3.03	3.06	3.02	3.03	6544262	19886618
2018/11/30	2.95	2.98	2.9	2.96	5245801	15420761
2018/11/29	3.07	3.08	2.96	2.96	8773873	26446192
2018/11/28	3.03	3.07	3	3.07	4992872	15180741
2018/11/27	3.07	3.09	3.01	3.03	4822100	14709616
2018/11/26	3.03	3.07	3.02	3.05	3870463	11818353
2018/11/23	3.19	3.2	3.01	3.04	9479946	29225346
2018/11/22	3.2	3.2	3.15	3.19	5588742	17748136
2018/11/21	3.16	3.2	3.12	3.19	7609367	24059118
2018/11/20	3.27	3.29	3.18	3.18	10476049	33788684
2018/11/19	3.24	3.31	3.21	3.27	11036053	36004628
2018/11/16	3.25	3.26	3.19	3.24	9136594	29407890
2018/11/15	3.18	3.24	3.15	3.24	13057559	41711628
2018/11/14	3.21	3.36	3.18	3.23	23144078	75392024
2018/11/13	3.05	3.22	3.03	3.16	19888581	62530296
2018/11/12	3	3.08	2.99	3.08	12683829	38764092
2018/11/9	3.03	3.03	2.98	3.01	8468087	25398296
2018/11/8	3	3.05	3	3.05	8569123	25914792
2018/11/7	3	3.03	2.97	3	5076605	15238482
2018/11/6	2.99	3.01	2.97	3	5308684	15865534
2018/11/5	3.03	3.08	3	3.04	9613713	29193172
2018/11/2	3	3.03	2.97	3	7717868	23071558
2018/11/1	2.97	2.99	2.93	2.94	5463404	16202983
2018/10/31	2.95	2.98	2.92	2.96	5030303	14852818
2018/10/30	2.92	2.94	2.84	2.94	5812767	16840252
2018/10/29	2.95	2.97	2.89	2.91	5025701	14661562
2018/10/26	3	3.03	2.97	2.98	4345325	13025726
2018/10/25	2.98	3	2.92	3	6625262	19652718
2018/10/24	3.05	3.08	3.01	3.04	4525920	13758121
2018/10/23	3.09	3.12	3.01	3.05	6034102	18473116
2018/10/22	2.94	3.17	2.92	3.09	9998076	30665748
2018/10/19	2.84	2.94	2.8	2.92	5745383	16573556
2018/10/18	2.98	2.99	2.84	2.86	5642660	16298445
2018/10/17	2.98	3.06	2.96	2.99	3504119	10493147
2018/10/16	2.97	3.03	2.96	2.97	4060776	12177682
2018/10/15	2.94	3.06	2.93	3	9655434	28996032
2018/10/12	2.87	2.98	2.76	2.94	10239777	29239602
2018/10/11	3.12	3.12	2.87	2.87	16953144	49900944
2018/10/10	3.28	3.29	3.16	3.19	7428523	23937266
2018/10/9	3.27	3.34	3.25	3.3	5794793	19090744
2018/10/8	3.3	3.31	3.26	3.26	5603677	18391834
2018/9/28	3.27	3.35	3.27	3.34	4705878	15641026
2018/9/27	3.36	3.37	3.28	3.29	6026838	20073834
2018/9/26	3.39	3.42	3.33	3.37	7052638	23763382
2018/9/25	3.39	3.43	3.36	3.39	6041544	20478784
2018/9/21	3.35	3.44	3.35	3.41	9245234	31535090
2018/9/20	3.37	3.41	3.33	3.35	6150978	20684174
2018/9/19	3.37	3.44	3.35	3.4	8566270	29139024
2018/9/18	3.34	3.38	3.28	3.37	7129635	23755684
2018/9/17	3.35	3.45	3.33	3.37	9955611	33670024
2018/9/14	3.28	3.36	3.27	3.35	7105446	23541156
2018/9/13	3.22	3.3	3.22	3.28	8261755	27040296
2018/9/12	3.21	3.23	3.19	3.21	3283500	10548143
2018/9/11	3.2	3.24	3.19	3.22	2801846	8997128
2018/9/10	3.25	3.26	3.18	3.2	3911064	12618723
2018/9/7	3.21	3.28	3.21	3.25	3348865	10858502
2018/9/6	3.24	3.28	3.21	3.21	3502900	11368060
2018/9/5	3.25	3.31	3.25	3.25	7034609	23060880
2018/9/4	3.22	3.3	3.22	3.26	6015378	19614794
2018/9/3	3.16	3.26	3.15	3.22	6471000	20843132
2018/8/31	3.21	3.24	3.16	3.17	6413941	20443762
2018/8/30	3.23	3.35	3.21	3.24	9005900	29581248
2018/8/29	3.29	3.29	3.2	3.2	6589272	21261524
2018/8/28	3.32	3.34	3.27	3.28	6796900	22372028
2018/8/27	3.3	3.33	3.28	3.33	4718201	15636801
2018/8/24	3.35	3.35	3.27	3.29	8973188	29613054
2018/8/23	3.36	3.39	3.32	3.35	7040362	23582756
2018/8/22	3.44	3.45	3.37	3.38	6611017	22463390
2018/8/21	3.37	3.45	3.36	3.44	9468063	32445184
2018/8/20	3.36	3.37	3.29	3.37	5804313	19351852
2018/8/17	3.41	3.44	3.33	3.33	7567596	25509268
2018/8/16	3.46	3.46	3.38	3.4	9744708	33371960
2018/8/15	3.43	3.47	3.33	3.47	12029472	40770480
2018/8/14	3.39	3.49	3.38	3.41	11480101	39534088
2018/8/13	3.37	3.45	3.28	3.39	15317200	51396044
2018/8/10	3.52	3.53	3.4	3.41	17016952	58430784
2018/8/9	3.49	3.57	3.42	3.5	21462746	74917000
2018/8/8	3.4	3.58	3.4	3.55	29884959	104542352
2018/8/7	3.33	3.65	3.33	3.48	37853737	132203656
2018/8/6	3.66	3.66	3.36	3.43	57786661	201945168
2018/8/3	3.26	3.71	3.26	3.71	66333623	237366368
2018/8/2	3.15	3.5	3.09	3.37	44315666	150324736
2018/8/1	3.12	3.31	3.1	3.18	12293501	39377500
2018/7/31	3.05	3.24	3.05	3.16	12211435	38523256
2018/7/30	3.12	3.16	3.06	3.06	7191500	22300048
2018/7/27	3.2	3.24	3.12	3.14	15593037	49346804
2018/7/26	3.08	3.39	3.05	3.27	27226936	89135784
2018/7/25	3.06	3.09	3.05	3.08	4960588	15213623
2018/7/24	3.01	3.11	2.99	3.07	8674188	26463328
2018/7/23	2.99	3.03	2.98	3.02	3797416	11413482
2018/7/20	3.01	3.02	2.95	3.01	3620836	10805256
2018/7/19	3.03	3.06	2.99	3.01	3104221	9378273
2018/7/18	3.04	3.09	3.02	3.05	4285033	13075434
2018/7/17	3.03	3.05	3.01	3.04	2620725	7929275.5
2018/7/16	3	3.03	2.99	3.03	4713925	14199996
2018/7/13	2.96	2.99	2.94	2.98	3932833	11659462
2018/7/12	2.88	2.97	2.87	2.95	4715899	13847796
2018/7/11	2.93	2.93	2.85	2.89	3334200	9640291
2018/7/10	2.94	2.99	2.92	2.96	4565849	13492476
2018/7/9	2.87	2.96	2.87	2.93	2586552	7553448.5
2018/7/6	2.87	2.93	2.77	2.86	4834470	13877832
2018/7/5	2.97	3	2.9	2.91	3415300	10086332
2018/7/4	3.01	3.03	2.97	2.98	3573100	10671838
2018/7/3	3	3.03	2.95	3.03	3460528	10364514
2018/7/2	3.03	3.05	2.97	3	7380344	22148914
2018/6/29	2.9	3.17	2.87	3.06	11369324	34815172
2018/6/28	2.87	2.94	2.87	2.88	5240270	15231849
2018/6/27	2.89	2.95	2.86	2.87	7652470	22173394
2018/6/26	2.99	2.99	2.82	2.92	18677396	54346060
2018/6/25	3.01	3.01	2.97	3.01	14699395	44232512
2018/6/22	2.65	2.75	2.61	2.74	6941541	18764638
2018/6/21	2.73	2.75	2.65	2.66	6059963	16400203
2018/6/20	2.72	2.76	2.66	2.73	7612550	20643976
2018/6/19	3.01	3.01	2.74	2.74	18034700	50662576
2018/6/15	3.13	3.14	3.03	3.04	6762622	20798414
2018/6/14	3.12	3.15	3.11	3.12	5352179	16761514
2018/6/13	3.16	3.19	3.12	3.12	5134402	16183332
2018/6/12	3.15	3.23	3.11	3.2	11710101	37122684
2018/6/11	3.38	3.38	3.26	3.27	6517702	21575730
2018/6/8	3.35	3.49	3.33	3.38	6976203	23571800
2018/6/7	3.41	3.44	3.36	3.36	4911900	16679552
2018/6/6	3.46	3.48	3.39	3.41	5979275	20567764
2018/6/5	3.43	3.46	3.4	3.44	5284201	18152898
2018/6/4	3.44	3.46	3.37	3.42	6418024	21929740
2018/6/1	3.52	3.54	3.41	3.44	10072402	34925520
2018/5/31	3.5	3.58	3.47	3.53	8160838	28897454
2018/5/30	3.48	3.57	3.43	3.5	13548144	47406324
2018/5/29	3.57	3.63	3.53	3.54	11071400	39781960
2018/5/28	3.54	3.62	3.45	3.59	11984000	42497944
2018/5/25	3.58	3.68	3.53	3.54	14638834	52589968
2018/5/24	3.6	3.61	3.52	3.58	18991891	67914360
2018/5/23	3.65	3.73	3.61	3.65	15922797	58132948
2018/5/22	3.55	3.72	3.55	3.64	26977606	98381208
2018/5/21	3.55	3.6	3.49	3.57	14852507	52841232
2018/5/18	3.54	3.57	3.5	3.53	15393875	54331600
2018/5/17	3.46	3.62	3.46	3.59	27260480	97435288
2018/5/16	3.43	3.5	3.4	3.45	12775608	44204504
2018/5/15	3.44	3.46	3.38	3.46	16224698	55514344
2018/5/14	3.28	3.64	3.28	3.47	34670044	119658168
2018/5/11	3.24	3.34	3.23	3.31	16941853	55766624
2018/5/10	3.21	3.25	3.2	3.24	7166115	23140686
2018/5/9	3.24	3.24	3.19	3.21	6596900	21152800
2018/5/8	3.22	3.25	3.2	3.24	7021180	22669936
2018/5/7	3.19	3.23	3.15	3.22	8002201	25629730
2018/5/4	3.18	3.19	3.15	3.18	4026500	12789203
2018/5/3	3.14	3.18	3.13	3.17	6202000	19583168
2018/5/2	3.2	3.23	3.14	3.16	7212824	22905662
2018/4/27	3.19	3.22	3.18	3.2	7666755	24559404
2018/4/26	3.3	3.31	3.18	3.18	8732255	28291084
2018/4/25	3.27	3.32	3.26	3.29	8973550	29475540
2018/4/24	3.21	3.35	3.21	3.31	12022903	39545176
2018/4/23	3.26	3.28	3.2	3.21	7186590	23288660
2018/4/20	3.28	3.37	3.23	3.26	10166800	33506254
2018/4/19	3.27	3.29	3.24	3.29	6832201	22372494
2018/4/18	3.27	3.3	3.16	3.27	10211425	33042908
2018/4/17	3.34	3.36	3.23	3.24	11908424	39074628
2018/4/16	3.31	3.43	3.29	3.33	17720221	59419156
2018/4/13	3.29	3.34	3.26	3.28	8122111	26793272
2018/4/12	3.3	3.32	3.28	3.29	9639401	31784578
2018/4/11	3.31	3.35	3.29	3.3	11779787	38971432
2018/4/10	3.29	3.39	3.26	3.32	15578177	51750004
2018/4/9	3.19	3.32	3.17	3.29	10957906	35607828
2018/4/4	3.28	3.3	3.22	3.22	6954985	22638068
2018/4/3	3.26	3.27	3.23	3.25	7439758	24181532
2018/4/2	3.34	3.37	3.29	3.3	8920176	29748736
2018/3/30	3.3	3.38	3.3	3.33	13721196	45644344
2018/3/29	3.25	3.31	3.25	3.3	11873876	39001560
2018/3/28	3.26	3.31	3.24	3.25	11463711	37481692
2018/3/27	3.25	3.33	3.25	3.29	13672865	45074548
2018/3/26	3.15	3.23	3.1	3.23	11757974	37481412
2018/3/23	3.41	3.45	3.16	3.2	21589629	71523984
2018/3/22	3.53	3.57	3.48	3.51	8238832	28991172
2018/3/21	3.56	3.63	3.51	3.53	12839489	45826056
2018/3/20	3.5	3.75	3.49	3.58	18101316	65492904
2018/3/19	3.53	3.58	3.44	3.53	12127264	42672336
2018/3/16	3.56	3.6	3.51	3.51	9320092	33155494
2018/3/15	3.54	3.58	3.49	3.56	14477510	51236708
2018/3/14	3.65	3.67	3.56	3.56	19261760	69285016
2018/3/13	3.65	3.78	3.64	3.67	27478300	102006736
2018/3/12	3.69	3.77	3.64	3.66	53240049	196666096
2018/3/9	3.41	3.74	3.38	3.74	63876658	235062816
2018/3/8	3.41	3.42	3.35	3.4	10541194	35698464
2018/3/7	3.34	3.6	3.33	3.42	20589668	70896872
2018/3/6	3.32	3.35	3.31	3.35	6464103	21529460
2018/3/5	3.32	3.34	3.31	3.33	4668700	15497510
2018/3/2	3.36	3.38	3.32	3.32	7675088	25685796
2018/3/1	3.31	3.4	3.3	3.38	11953183	40267620
2018/2/28	3.32	3.38	3.29	3.32	12313246	41021196
2018/2/27	3.28	3.41	3.27	3.34	19173227	63980708
2018/2/26	3.22	3.31	3.22	3.3	12227405	40069576
2018/2/23	3.23	3.26	3.2	3.22	7829631	25284356
2018/2/22	3.19	3.37	3.18	3.25	13038967	42328212
2018/2/14	3.17	3.19	3.13	3.18	6288205	19869960
2018/2/13	3.16	3.21	3.14	3.17	9831218	31215382
2018/2/12	3.1	3.23	3.08	3.16	11660416	36736268
2018/2/9	3.08	3.12	3.01	3.06	12097694	37118580
2018/2/8	3.15	3.23	3.12	3.17	8357911	26555124
2018/2/7	3.09	3.17	3.04	3.11	9898271	30768566
2018/2/6	3.21	3.28	3.05	3.06	11842392	37848352
2018/2/5	3.27	3.32	3.19	3.28	5498104	18024788
2018/2/2	3.41	3.41	3.17	3.29	9826645	32342742
2018/2/1	3.67	3.68	3.4	3.41	15770795	55613096
2018/1/31	3.86	3.86	3.65	3.69	15895079	59407352
2018/1/30	3.86	3.88	3.84	3.86	5944510	22941116
2018/1/29	3.92	3.92	3.84	3.85	10422230	40331476
2018/1/26	3.88	3.96	3.86	3.92	13796848	54108516
2018/1/25	3.87	3.94	3.83	3.89	14273058	55502772
2018/1/24	3.9	3.92	3.85	3.87	10222537	39630400
2018/1/23	3.91	3.93	3.87	3.9	8779000	34245348
2018/1/22	3.97	3.98	3.86	3.91	9954155	38900376
2018/1/19	4	4.01	3.97	3.97	6274300	25027268
2018/1/18	4	4.03	3.99	4.01	5388874	21570558
2018/1/17	4.04	4.07	3.97	4.02	6692466	26859816
2018/1/16	4.01	4.04	4	4.04	4382165	17612470
2018/1/15	4.13	4.13	4	4.01	7841058	31749634
2018/1/12	4.16	4.17	4.1	4.14	5918400	24493952
2018/1/11	4.12	4.17	4.1	4.16	7138976	29543090
2018/1/10	4.21	4.21	4.09	4.14	7521048	31182612
2018/1/9	4.17	4.22	4.15	4.2	9145124	38335900
2018/1/8	4.15	4.24	4.12	4.19	15461290	64631748
2018/1/5	4.09	4.34	4.08	4.16	18656641	78285984
2018/1/4	4.09	4.13	4.06	4.1	10541262	43269368
2018/1/3	4.06	4.1	4.03	4.09	8086557	32961906
2018/1/2	4.02	4.06	4.01	4.04	5027792	20290278
2017/12/29	4.01	4.02	3.98	4.02	3450757	13807474
2017/12/28	4.01	4.04	3.98	3.99	5121485	20507172
2017/12/27	4.02	4.06	4	4.01	5198208	20912266
2017/12/26	3.98	4.03	3.98	4.02	3964661	15872498
2017/12/25	4.07	4.07	3.97	3.98	4896891	19568180
2017/12/22	4	4.11	3.99	4.04	6509465	26440072
2017/12/21	4.05	4.06	3.96	4.02	5423573	21788360
2017/12/20	4.06	4.1	4.05	4.06	6817404	27750934
2017/12/19	4.05	4.09	4.05	4.06	4267826	17353880
2017/12/18	4.08	4.12	4.05	4.06	4972120	20266148
2017/12/15	4.08	4.13	4.06	4.1	8378793	34299036
2017/12/14	4.07	4.26	4.04	4.13	11798773	48883360
2017/12/13	4.03	4.09	4.03	4.07	6580860	26718842
2017/12/12	4.08	4.08	4.02	4.03	4494265	18199352
2017/12/11	4.07	4.1	4.05	4.08	6827689	27832622
2017/12/8	4.02	4.12	4.02	4.08	6357080	25940996
2017/12/7	4.03	4.11	4.01	4.03	7173528	29107432
2017/12/6	4.05	4.06	3.96	4.04	7737378	31095708
2017/12/5	4.2	4.2	4.02	4.05	13142385	53973228
2017/12/4	4.31	4.32	4.23	4.23	7438381	31784728
2017/12/1	4.28	4.33	4.27	4.32	5634196	24205622
2017/11/30	4.36	4.36	4.27	4.27	6478000	27970644
2017/11/29	4.42	4.45	4.32	4.36	5183860	22621808
2017/11/28	4.37	4.42	4.36	4.41	5887835	25896976
2017/11/27	4.44	4.46	4.39	4.4	5636500	24953702
2017/11/24	4.44	4.49	4.41	4.44	6841303	30435560
2017/11/23	4.5	4.58	4.44	4.45	6997125	31510296
2017/11/22	4.56	4.62	4.5	4.52	8426422	38380864
2017/11/21	4.48	4.63	4.46	4.57	12727488	57896984
2017/11/20	4.41	4.62	4.23	4.51	15498061	69158936
2017/11/17	4.58	4.59	4.37	4.41	13675655	61038292
2017/11/16	4.6	4.62	4.56	4.57	7428000	34059232
2017/11/15	4.7	4.71	4.56	4.6	12696677	58839436
2017/11/14	4.78	4.78	4.7	4.71	8029499	37987400
2017/11/13	4.79	4.83	4.78	4.78	6276050	30104982
2017/11/10	4.85	4.85	4.8	4.82	6034026	29077246
2017/11/9	4.84	4.88	4.83	4.85	6791912	32972078
2017/11/8	4.9	4.93	4.84	4.85	11557389	56364272
2017/11/7	4.81	5.06	4.81	4.93	14547551	72125144
2017/11/6	4.85	4.85	4.76	4.85	7427504	35732040
2017/11/3	4.93	4.94	4.73	4.85	13911435	67415752
2017/11/2	5	5	4.92	4.93	8683400	43070888
2017/11/1	5.08	5.08	4.99	5	7166433	35987324
2017/10/31	5.02	5.08	4.98	5.04	7812366	39328272
2017/10/30	5.17	5.18	4.97	5	13395369	67552624
2017/10/27	5.18	5.2	5.15	5.16	8174809	42295492
2017/10/26	5.2	5.22	5.13	5.18	11129197	57536024
2017/10/25	5.22	5.22	5.15	5.21	8762824	45428932
2017/10/24	5.37	5.38	5.17	5.22	23544746	123288072
2017/10/23	5.45	5.46	5.39	5.42	9296328	50329096
2017/10/20	5.31	5.49	5.31	5.45	19662521	106763352
2017/10/19	5.35	5.48	5.32	5.35	12329419	66462264
2017/10/18	5.46	5.47	5.31	5.31	11545978	62190180
2017/10/17	5.43	5.48	5.37	5.45	11187401	60873676
2017/10/16	5.43	5.49	5.4	5.47	22073016	120150848
2017/10/13	5.29	5.5	5.27	5.47	34273442	185224752
2017/10/12	5.27	5.28	5.2	5.25	5744939	30129486
2017/10/11	5.28	5.31	5.26	5.26	6790025	35852616
2017/10/10	5.26	5.29	5.22	5.28	6564448	34471096
2017/10/9	5.25	5.29	5.23	5.26	7891601	41553332
2017/9/29	5.16	5.23	5.16	5.22	6129875	31829178
2017/9/28	5.19	5.19	5.15	5.15	5323500	27506168
2017/9/27	5.13	5.21	5.12	5.19	8626575	44634420
2017/9/26	5.15	5.17	5.1	5.14	8888444	45694544
2017/9/25	5.22	5.22	5.13	5.14	9137010	47264800
2017/9/22	5.27	5.28	5.19	5.21	10796746	56298012
2017/9/21	5.37	5.37	5.28	5.28	13154000	70058744
2017/9/20	5.4	5.41	5.35	5.37	9711454	52252196
2017/9/19	5.42	5.44	5.38	5.4	6976216	37746048
2017/9/18	5.41	5.44	5.39	5.41	6601178	35738840
2017/9/15	5.43	5.44	5.39	5.41	7099653	38425972
2017/9/14	5.43	5.49	5.4	5.44	8890698	48362096
2017/9/13	5.41	5.46	5.4	5.43	7333133	39812724
2017/9/12	5.48	5.5	5.4	5.43	11986026	65291548
2017/9/11	5.48	5.53	5.47	5.48	7953500	43740520
2017/9/8	5.5	5.53	5.45	5.48	7556960	41497248
2017/9/7	5.54	5.6	5.49	5.5	13927094	76992848
2017/9/6	5.53	5.6	5.1	5.59	25765254	141107296
2017/9/5	5.68	5.73	5.65	5.67	7736653	43969524
2017/9/4	5.76	5.79	5.63	5.68	16214925	92363896
2017/9/1	5.81	5.81	5.76	5.8	8837059	51146796
2017/8/31	5.78	5.86	5.77	5.81	9047700	52584176
2017/8/30	5.8	5.82	5.77	5.77	7269303	42154888
2017/8/29	5.81	5.83	5.78	5.8	6259064	36325272
2017/8/28	5.8	5.82	5.76	5.81	7563002	43812704
2017/8/25	5.73	5.78	5.72	5.77	5923577	34091336
2017/8/24	5.76	5.79	5.72	5.73	6052426	34787224
2017/8/23	5.8	5.83	5.76	5.79	6971769	40380980
2017/8/22	5.88	5.9	5.76	5.78	9522324	55289556
2017/8/21	5.83	5.89	5.81	5.87	10303769	60379624
2017/8/18	5.77	5.84	5.75	5.84	9366293	54385908
2017/8/17	5.79	5.86	5.77	5.81	9851479	57296992
2017/8/16	5.7	5.83	5.67	5.8	10607190	61111152
2017/8/15	5.67	5.74	5.66	5.71	5420546	30896782
2017/8/14	5.63	5.68	5.6	5.68	4528555	25606400
2017/8/11	5.73	5.75	5.59	5.6	11987935	67891200
2017/8/10	5.77	5.9	5.75	5.78	14192225	82592920
2017/8/9	5.75	5.92	5.71	5.81	15120073	87791528
2017/8/8	5.7	5.78	5.68	5.75	9375135	53737412
2017/8/7	5.65	5.76	5.62	5.7	9755356	55683040
2017/8/4	5.75	5.78	5.69	5.69	9686668	55398720
2017/8/3	5.66	5.78	5.6	5.78	11839350	67326128
2017/8/2	5.74	5.76	5.66	5.66	6772000	38600296
2017/8/1	5.72	5.83	5.69	5.74	10143508	58492764
2017/7/31	5.7	5.76	5.68	5.71	5854275	33475314
2017/7/28	5.7	5.74	5.67	5.71	4164398	23775468
2017/7/27	5.66	5.75	5.62	5.7	7061840	40170484
2017/7/26	5.71	5.75	5.62	5.67	6156926	34911792
2017/7/25	5.85	5.85	5.7	5.73	11486347	66206988
2017/7/24	5.56	5.98	5.54	5.87	19551789	112729272
2017/7/21	5.53	5.65	5.53	5.58	6757959	37794124
2017/7/20	5.65	5.65	5.56	5.57	4540501	25421288
2017/7/19	5.53	5.6	5.51	5.59	5054177	28120888
2017/7/18	5.46	5.63	5.42	5.56	7953930	44102888
2017/7/17	5.74	5.77	5.33	5.41	15495967	84951320
2017/7/14	5.82	5.82	5.77	5.77	6060681	35085860
2017/7/13	5.79	5.89	5.75	5.84	9865028	57317524
2017/7/12	5.72	5.8	5.69	5.78	9066896	52180008
2017/7/11	5.81	5.82	5.72	5.72	8786700	50682360
2017/7/10	5.83	5.87	5.78	5.81	7501519	43630660
2017/7/7	5.95	5.96	5.82	5.84	11422190	66990484
2017/7/6	5.85	5.96	5.83	5.93	15642531	92090880
2017/7/5	5.85	5.89	5.82	5.88	6490206	37960220
2017/7/4	5.85	5.87	5.8	5.85	4848701	28266320
2017/7/3	5.79	5.87	5.79	5.84	5318151	31078030
2017/6/30	5.84	5.85	5.76	5.79	6945950	40250268
2017/6/29	5.84	5.9	5.82	5.86	5297702	31012940
2017/6/28	5.9	5.91	5.83	5.85	5635581	32998246
2017/6/27	5.94	5.97	5.89	5.9	6792302	40270368
2017/6/26	5.86	5.96	5.86	5.93	7749790	45906828
2017/6/23	5.91	6.03	5.82	5.91	9493782	56301168
2017/6/22	6.05	6.12	5.93	5.93	20864698	126068784
2017/6/21	5.86	6.45	5.86	6.17	41767405	259273440
2017/6/20	5.88	5.96	5.84	5.86	10847015	63796272
2017/6/19	5.97	5.99	5.76	5.94	13762051	81105928
2017/6/16	6.07	6.12	6.03	6.07	5158160	31289172
2017/6/15	6.04	6.12	6.03	6.08	8811774	53578828
2017/6/14	6.05	6.17	6.02	6.06	9962813	60698288
2017/6/13	5.95	6.04	5.94	6.02	4886294	29302876
2017/6/12	6.01	6.08	5.95	5.97	7294555	43931724
2017/6/9	5.9	6.17	5.9	6.06	13696087	82854808
2017/6/8	5.95	6.04	5.92	5.94	9713360	58098932
2017/6/7	5.86	6.08	5.8	5.97	16409786	97356264
2017/6/6	5.72	6.19	5.72	5.91	18427098	109640632
2017/6/5	5.65	5.75	5.65	5.71	10224869	58310904
2017/6/2	5.59	5.69	5.49	5.67	7249840	40628584
2017/6/1	5.68	5.77	5.58	5.6	6741601	38354416
2017/5/31	5.77	5.85	5.77	5.77	6728539	39064924
2017/5/26	5.78	5.83	5.75	5.76	6438106	37252576
2017/5/25	5.67	5.81	5.58	5.76	8105563	46247928
2017/5/24	5.65	5.67	5.47	5.66	8286211	46212352
2017/5/23	5.89	5.94	5.65	5.65	11650811	67083664
2017/5/22	6.08	6.12	5.88	5.91	7597245	45583856
2017/5/19	6.15	6.2	6.06	6.09	9929861	60786588
2017/5/18	6.17	6.25	6.07	6.15	8299843	51093548
2017/5/17	6.11	6.33	6.09	6.17	17538515	108798784
2017/5/16	6.3	6.3	6.03	6.12	26640291	163910592
2017/5/15	5.81	5.88	5.75	5.81	6958444	40491512
2017/5/12	5.92	6.03	5.72	5.81	12857185	75539424
2017/5/11	6.21	6.22	5.65	5.97	21396411	126696296
2017/5/10	6.29	6.34	6.2	6.21	7893500	49570784
2017/5/9	6.23	6.29	6.1	6.27	8115120	50333552
2017/5/8	6.29	6.33	6.21	6.25	7543661	47395084
2017/5/5	6.38	6.42	6.29	6.33	7850149	49858048
2017/5/4	6.34	6.47	6.21	6.37	9213200	58715592
2017/5/3	6.39	6.45	6.3	6.36	8285695	52778308
2017/5/2	6.52	6.59	6.35	6.41	15921405	103134808
2017/4/28	6.26	6.89	6.26	6.61	18441557	120287656
2017/4/27	6.36	6.39	6	6.32	14832928	92313008
2017/4/26	6.36	6.39	6.28	6.36	9637841	61099160
2017/4/25	6.32	6.45	6.28	6.33	10676744	67863264
2017/4/24	6.66	6.68	6.2	6.27	15798053	101291864
2017/4/21	6.68	6.78	6.58	6.67	16484220	110155672
2017/4/20	6.86	6.9	6.6	6.71	23983559	161842064
2017/4/19	7.53	7.53	6.79	6.84	50350024	350791392
2017/4/18	7.52	7.7	7.52	7.54	10801729	82104800
2017/4/17	7.69	7.77	7.46	7.52	17564665	133553064
2017/4/14	7.99	8.03	7.65	7.71	34105929	265758368
2017/4/13	8.01	8.09	7.97	8.03	13901792	111634408
2017/4/12	8.19	8.28	8.02	8.03	29328002	239034992
2017/4/11	8.21	8.65	8.11	8.18	45308128	374061248
2017/4/10	8.1	8.11	7.97	8.01	16372354	131182888
2017/4/7	8.11	8.15	8.07	8.1	17084457	138534976
2017/4/6	8.15	8.2	8.06	8.17	23041662	187520704
2017/4/5	8.08	8.14	8.03	8.11	16544914	133822824
2017/3/31	8.03	8.12	7.94	8.1	18383654	147060272
2017/3/30	8.2	8.3	7.98	8	36254027	293995136
2017/3/29	8.09	8.44	8.06	8.28	52720043	435803648
2017/3/28	8.07	8.09	7.97	8.08	12698211	101923656
2017/3/27	8.03	8.13	8.02	8.05	12488769	100768480
2017/3/24	8	8.07	7.98	8.05	11411725	91693424
2017/3/23	8.14	8.14	7.92	8	13624266	109139352
2017/3/22	7.99	8.19	7.98	8.05	19961201	161083024
2017/3/21	7.93	8.03	7.92	7.95	10760908	85769600
2017/3/20	7.86	8.01	7.86	7.95	14184467	112582176
2017/3/17	8.07	8.08	7.92	7.92	13916500	111105400
2017/3/16	7.98	8.08	7.98	8.03	11467239	92059432
2017/3/15	7.98	8.02	7.92	7.96	11264357	89843784
2017/3/14	8.05	8.12	8	8.03	13853912	111532096
2017/3/13	8.03	8.1	7.9	8.06	18058007	144745376
2017/3/10	8.17	8.25	8.07	8.09	26211920	213305008
2017/3/9	8.37	8.48	8.23	8.23	33426174	277794176
2017/3/8	7.98	8.48	7.97	8.37	61140069	504956864
2017/3/7	7.99	8.03	7.93	7.98	11355148	90596520
2017/3/6	7.9	8.06	7.9	7.99	18682242	149497712
2017/3/3	7.99	8.03	7.9	7.92	15248301	120982248
2017/3/2	8.02	8.06	7.99	8	11753058	94258656
2017/3/1	7.99	8.1	7.95	8.04	21839879	175329616
2017/2/28	7.94	7.97	7.89	7.9	12911997	102194616
2017/2/27	8	8.02	7.87	7.92	18423004	146356480
2017/2/24	8.02	8.08	7.99	8.04	12908348	103623656
2017/2/23	8.06	8.08	7.95	8.06	20567703	164702752
2017/2/22	8.09	8.18	8.06	8.08	23031869	186798464
2017/2/21	8.08	8.13	8.03	8.09	17634871	142300416
2017/2/20	8	8.08	7.9	8.08	22831030	182877536
2017/2/17	7.83	8.15	7.82	7.99	37691510	302309440
2017/2/16	7.82	7.9	7.79	7.86	14819987	116554040
2017/2/15	8.01	8.08	7.83	7.84	25273589	200910960
2017/2/14	8.13	8.16	8	8.01	20961301	168587840
2017/2/13	7.89	8.11	7.83	8.11	37327646	298676096
2017/2/10	7.9	7.98	7.84	7.89	18492314	146033856
2017/2/9	7.9	7.95	7.84	7.9	17558796	138554000
2017/2/8	7.85	7.93	7.76	7.91	23314401	183026944
2017/2/7	7.91	8.06	7.76	7.92	34834550	274907744
2017/2/6	7.72	8	7.7	7.95	30688927	241747776
2017/2/3	7.62	7.78	7.58	7.74	19830370	153049552
2017/1/26	7.55	7.64	7.5	7.6	15553114	117831864
2017/1/25	7.55	7.64	7.47	7.52	16211491	122365280
2017/1/24	7.61	7.73	7.53	7.54	19604128	149194224
2017/1/23	7.66	7.78	7.61	7.67	23188089	178478384
2017/1/20	7.53	7.77	7.5	7.66	29025865	221551216
2017/1/19	7.7	7.76	7.52	7.54	38795857	296229184
2017/1/18	7.7	8.14	7.6	7.85	63673674	503535776
2017/1/17	7.57	7.84	7.32	7.8	60887126	464086912
2017/1/16	7.75	8.19	7.07	7.54	87795689	684855616
2017/1/13	8.39	8.57	7.82	7.86	145052538	1184475776
2017/1/12	8.69	8.69	8.52	8.69	114371170	993432448
2016/12/28	7.93	8	7.82	7.9	31385103	248201824
2016/12/27	7.65	8.18	7.58	7.9	98179466	778376192
2016/12/26	7.22	7.73	7.21	7.71	52991126	399614336
2016/12/23	7.42	7.47	7.27	7.28	18673221	136927584
2016/12/22	7.44	7.53	7.39	7.44	16438944	122725280
2016/12/21	7.46	7.51	7.41	7.45	17958197	133819192
2016/12/20	7.53	7.64	7.39	7.42	28794332	216240336
2016/12/19	7.49	7.54	7.37	7.53	21569872	161082448
2016/12/16	7.6	7.6	7.4	7.49	33411172	250455536
2016/12/15	7.2	7.55	7.17	7.47	31431549	231552016
2016/12/14	7.04	7.64	7	7.29	42102144	308362880
2016/12/13	6.97	7.08	6.88	7.04	12987594	90752512
2016/12/12	7.31	7.36	6.95	6.98	24167837	171671328
2016/12/9	7.3	7.42	7.27	7.3	19887848	145954944
2016/12/8	7.19	7.38	7.19	7.33	26215818	191480752
2016/12/7	7.14	7.24	7.07	7.22	14933892	106856072
2016/12/6	7.08	7.22	7.08	7.16	14998330	107418432
2016/12/5	7.01	7.1	6.97	7.06	10835559	76415608
2016/12/2	7.17	7.17	7.04	7.05	15435953	109474376
2016/12/1	7.15	7.19	7.12	7.16	11925179	85298872
2016/11/30	7.2	7.24	7.11	7.13	16041671	114581488
2016/11/29	7.37	7.38	7.19	7.2	22039158	160492160
2016/11/28	7.3	7.48	7.27	7.39	23346936	172663344
2016/11/25	7.27	7.34	7.14	7.29	19579246	141956112
2016/11/24	7.38	7.39	7.25	7.26	21900773	160279872
2016/11/23	7.47	7.48	7.35	7.35	24791626	183505424
2016/11/22	7.44	7.51	7.42	7.48	23746839	177382192
2016/11/21	7.52	7.55	7.41	7.46	36209995	270368000
2016/11/18	7.58	7.74	7.52	7.56	88925842	678762944
2016/11/17	8.19	8.34	7.91	7.97	157314845	1282722816
2016/11/16	7.55	7.6	7.4	7.58	47701438	358491840
2016/11/15	7.32	7.48	7.31	7.46	34614085	255726048
2016/11/14	7.23	7.44	7.22	7.33	31090705	227910464
2016/11/11	7.22	7.28	7.16	7.22	23721887	170981312
2016/11/10	7.07	7.51	7.03	7.26	39104100	283640064
2016/11/9	7.12	7.15	6.91	7	20804008	146091936
2016/11/8	7.07	7.2	7.07	7.14	17918881	127864440
2016/11/7	7.05	7.09	7.02	7.05	11414382	80425968
2016/11/4	7.1	7.14	7.03	7.04	17533252	124105888
2016/11/3	7.03	7.18	7.02	7.12	19717777	140565792
2016/11/2	7.27	7.27	7.03	7.07	24665906	176727792
2016/11/1	7.2	7.3	7.2	7.29	16657527	120782816
2016/10/31	7.34	7.37	7.16	7.22	19573466	141369360
2016/10/28	7.36	7.47	7.35	7.36	21718278	160735264
2016/10/27	7.38	7.45	7.35	7.36	16540452	122163056
2016/10/26	7.44	7.49	7.39	7.42	22357742	166344624
2016/10/25	7.41	7.49	7.35	7.45	24289704	180124816
2016/10/24	7.33	7.5	7.3	7.43	29537847	218610288
2016/10/21	7.46	7.59	7.28	7.38	36469899	271160128
2016/10/20	7.42	7.51	7.37	7.48	31265774	232676400
2016/10/19	7.48	7.59	7.43	7.47	33752196	252539392
2016/10/18	7.4	7.51	7.35	7.49	35688309	265776880
2016/10/17	7.62	7.67	7.39	7.41	46585214	350839200
2016/10/14	7.7	7.7	7.48	7.55	75707578	573241728
2016/10/13	7.37	8.06	7.37	7.83	132143918	1029399936
2016/10/12	7.76	7.84	7.46	7.49	116927694	892453056
2016/10/11	7.1	7.52	7.1	7.52	44319381	328242400
2016/10/10	6.69	6.91	6.68	6.84	23690011	161994496
2016/9/30	6.63	6.69	6.62	6.67	13880935	92473512
2016/9/29	6.61	6.72	6.6	6.64	19223569	127987408
2016/9/28	6.67	6.69	6.6	6.64	15560029	103176872
2016/9/27	6.6	6.71	6.58	6.69	23633395	156751168
2016/9/26	6.95	6.95	6.65	6.67	39770297	270344288
2016/9/23	7.2	7.23	7.1	7.1	17541019	125523456
2016/9/22	7.25	7.37	7.2	7.22	35147708	254849680
2016/9/21	7.03	7.64	7.01	7.33	53868982	396514528
2016/9/20	7.11	7.12	7.03	7.04	12255965	86471112
2016/9/19	7.09	7.14	7.08	7.1	12825574	91044512
2016/9/14	7.09	7.14	7.04	7.08	17459998	123651608
2016/9/13	7.27	7.3	7.16	7.19	15541762	112044712
2016/9/12	7.4	7.43	7.22	7.23	24438125	179463024
2016/9/9	7.61	7.65	7.57	7.59	14705060	111793896
2016/9/8	7.64	7.68	7.59	7.63	13101751	99974856
2016/9/7	7.67	7.71	7.64	7.65	14490062	111203336
2016/9/6	7.61	7.7	7.53	7.69	19849832	151535648
2016/9/5	7.63	7.67	7.59	7.61	12876858	98232496
2016/9/2	7.65	7.69	7.59	7.61	15407690	117495312
2016/9/1	7.76	7.84	7.66	7.67	18731180	145162128
2016/8/31	7.75	7.82	7.72	7.75	13505263	104706864
2016/8/30	7.83	7.84	7.7	7.73	24845394	192672464
2016/8/29	7.7	8.05	7.64	7.87	40960856	322090400
2016/8/26	7.72	7.75	7.68	7.69	15070398	116173984
2016/8/25	7.81	7.81	7.62	7.7	20139265	154931824
2016/8/24	7.83	7.91	7.82	7.84	15059417	118279264
2016/8/23	7.88	7.91	7.81	7.84	18966390	149068432
2016/8/22	8.01	8.05	7.86	7.88	20983254	166973216
2016/8/19	8.07	8.1	7.98	8	24577378	197218432
2016/8/18	8.05	8.14	8.02	8.08	25368378	204706752
2016/8/17	8.1	8.16	8.01	8.07	31704571	255631312
2016/8/16	8.1	8.19	8.03	8.12	40696082	329816224
2016/8/15	7.97	8.36	7.54	8.21	93522587	742524096
2016/8/12	8.05	8.11	8.03	8.11	13099060	105678576
2016/8/11	8.14	8.16	8.04	8.05	17886373	144737232
2016/8/10	8.17	8.33	8.16	8.16	22340616	183866016
2016/8/9	8.12	8.18	8.09	8.17	18360736	149489680
2016/8/8	8.08	8.12	7.98	8.12	16719748	134776752
2016/8/5	8.13	8.17	8.09	8.1	12690805	103072816
2016/8/4	8.14	8.15	8.05	8.15	13342976	108290672
2016/8/3	8.11	8.19	8.07	8.13	13405109	108874888
2016/8/2	8.08	8.14	8.06	8.12	9562947	77467768
2016/8/1	8.24	8.26	8.02	8.08	17996778	145683424
2016/7/29	8.31	8.35	8.2	8.24	13529334	111802456
2016/7/28	8.34	8.4	8.15	8.34	27598430	228496432
2016/7/27	8.75	8.82	8.2	8.34	39725837	337934464
2016/7/26	8.7	8.78	8.68	8.74	16778175	146445072
2016/7/25	8.67	8.76	8.64	8.7	19602491	170397600
2016/7/22	8.74	8.98	8.74	8.76	26307778	232257024
2016/7/21	8.77	8.83	8.72	8.75	21842941	191593248
2016/7/20	8.85	8.87	8.78	8.79	20128604	177397712
2016/7/19	8.75	8.99	8.7	8.88	24820935	219847632
2016/7/18	9	9	8.75	8.8	35166420	310791264
2016/7/15	9.05	9.12	9.02	9.03	21889894	198365136
2016/7/14	9.1	9.17	9.01	9.08	31140078	282823552
2016/7/13	9.14	9.3	9.05	9.17	42020123	384580736
2016/7/12	9	9.17	8.98	9.12	33333931	302604640
2016/7/11	9.12	9.15	9.01	9.02	29582866	268251936
2016/7/8	9.12	9.28	9.06	9.12	29690579	271449952
2016/7/7	9.14	9.18	9.02	9.11	34960017	318152224
2016/7/6	9.34	9.36	9.12	9.18	48755978	449295904
2016/7/5	9.14	9.45	9.13	9.43	71095393	659782464
2016/7/4	9	9.14	8.97	9.12	35567641	323104864
2016/7/1	9.1	9.18	9.02	9.06	27357375	248285120
2016/6/30	9.05	9.17	8.95	9.03	34949959	315953920
2016/6/29	8.95	9.35	8.9	9.12	59880990	544157632
2016/6/28	8.99	9.43	8.99	9.03	72772168	666256000
2016/6/27	8.56	8.75	8.51	8.73	24018330	208469024
2016/6/24	8.8	8.88	8.15	8.59	36534214	315369248
2016/6/23	8.84	8.95	8.73	8.85	25514752	225695312
2016/6/22	8.77	8.85	8.68	8.83	19383222	169954704
2016/6/21	8.91	8.95	8.67	8.74	26193163	230735984
2016/6/20	8.97	9.02	8.7	8.85	23685852	209010560
2016/6/17	8.95	9.1	8.81	8.92	36605766	327815648
2016/6/16	8.69	9.59	8.66	9.01	66018751	607511744
2016/6/15	8.49	8.79	8.41	8.72	31708858	274964352
2016/6/14	8.6	8.68	8.45	8.58	27959544	239493312
2016/6/13	9	9.04	8.61	8.62	38855920	345632192
2016/6/8	9.14	9.21	9	9.19	35819538	326746112
2016/6/7	9.21	9.24	9.11	9.15	30871606	282589728
2016/6/6	9.33	9.35	9.19	9.26	30223985	279482208
2016/6/3	9.32	9.34	9.19	9.26	35125650	324611872
2016/6/2	9.18	9.3	9.15	9.28	37037764	342216832
2016/6/1	9.21	9.34	9.18	9.21	42704778	394541152
2016/5/31	8.92	9.32	8.92	9.26	48825404	446647360
2016/5/30	8.95	8.99	8.81	8.89	20997979	187152384
2016/5/27	8.97	9.13	8.87	9.04	31947136	287967936
2016/5/26	8.99	9.03	8.66	8.93	32866430	290167904
2016/5/25	9.11	9.14	8.94	8.99	21424366	193690496
2016/5/24	9.1	9.15	8.97	9.03	25717666	232481616
2016/5/23	9.11	9.21	9.04	9.18	35206909	321291648
2016/5/20	8.9	9.09	8.85	9.08	26905927	242340752
2016/5/19	8.96	9.15	8.96	9	30111535	272820864
2016/5/18	9.08	9.15	8.83	8.99	36904314	332450720
2016/5/17	9.42	9.45	9.18	9.25	31042513	288582176
2016/5/16	9.21	9.37	9.11	9.37	29702513	275510848
2016/5/13	9.29	9.38	9.16	9.28	33115674	306822048
2016/5/12	9.04	9.3	8.81	9.29	40080679	362016736
2016/5/11	9.36	9.44	9.13	9.21	35179491	326215264
2016/5/10	9.2	9.65	9.07	9.36	53762669	502999424
2016/5/9	9.47	9.47	9.04	9.15	53969615	496129280
2016/5/6	9.98	10.45	9.6	9.65	89122127	895122304
2016/5/5	9.85	9.98	9.74	9.9	51354367	506785376
2016/5/4	10.52	10.52	9.95	10	105645490	1079454720
2016/5/3	9.35	10.24	9.35	10.24	31244847	313812960
2016/4/29	9.3	9.36	9.22	9.31	21161413	196677968
2016/4/28	9.4	9.45	9.06	9.33	38644346	357776704
2016/4/27	9.46	9.56	9.4	9.43	33253486	314983296
2016/4/26	9.38	9.48	9.3	9.46	29703128	279196352
2016/4/25	9.48	9.48	9.23	9.37	30372776	283697440
2016/4/22	9.17	9.57	9.17	9.51	42801059	401300352
2016/4/21	9.5	9.61	9.28	9.33	53165128	504526496
2016/4/20	10.53	10.55	9.42	9.53	94964436	935645248
2016/4/19	10.64	10.7	10.38	10.47	50502177	530173440
2016/4/18	10.46	10.69	10.36	10.6	61283377	645954304
2016/4/15	10.7	10.7	10.48	10.55	55493256	587034432
2016/4/14	10.66	10.75	10.46	10.71	77175801	819306496
2016/4/13	10.69	11.08	10.62	10.67	111121120	1206267392
2016/4/12	11	11.15	10.36	10.71	137795646	1469771520
2016/4/11	11.33	11.5	11.08	11.15	134527715	1514392704
2016/4/8	11.19	11.94	10.93	11.49	208913340	2405922304
2016/4/7	11.99	11.99	11.09	11.33	272744968	3129015808
2016/4/6	11.2	11.2	11.2	11.2	9592825	107439640
2016/4/5	9.5	10.18	9.43	10.18	37790667	374642816
2016/4/1	9.28	9.35	9.11	9.25	51983080	479279328
2016/3/31	9.5	9.64	9.43	9.45	54369380	518079296
2016/3/30	9.34	9.53	9.24	9.48	55799372	523476288
2016/3/29	9.65	9.89	9.06	9.18	72609573	680224704
2016/3/28	10.1	10.25	9.71	9.73	66410439	664685056
2016/3/25	10	10.14	9.96	10.01	54804556	549704512
2016/3/24	10.14	10.46	9.96	10.03	86071999	874239360
2016/3/23	10.08	10.35	9.97	10.25	83637625	849464640
2016/3/22	10	10.43	9.94	10.15	92424226	940968384
2016/3/21	10.05	10.25	9.9	10.19	97200767	979828992
2016/3/18	9.56	10.18	9.47	9.93	105354896	1038174464
2016/3/17	9.25	9.59	9.22	9.53	83123083	784876992
2016/3/16	9.3	9.35	8.9	9.25	60580647	556054080
2016/3/15	9.25	9.42	9.13	9.18	50929507	471448448
2016/3/14	9.06	9.6	9.06	9.33	72635837	678916928
2016/3/11	8.95	9.02	8.71	8.95	50383174	448079744
2016/3/10	9.18	9.39	9	9.09	56301453	517470720
2016/3/9	9.2	9.48	9.04	9.14	61018585	564036928
2016/3/8	9.62	9.65	8.88	9.62	73969591	688355904
2016/3/7	9.43	9.78	9.43	9.59	65563323	629372608
2016/3/4	10.07	10.26	9.28	9.39	94676391	922960448
2016/3/3	10.27	10.65	10.08	10.09	111535008	1155292928
2016/3/2	9.59	10.64	9.42	10.47	128382186	1285698176
2016/3/1	9.7	9.97	8.87	9.67	119838056	1136022272
2016/2/29	11.01	11.16	9.86	9.86	74030106	751101312
2016/2/26	11.07	11.25	10.63	10.96	117773732	1292213504
2016/2/25	12.28	12.63	11.03	11.09	170045980	2007547392
2016/2/24	12.48	12.64	11.96	12.26	112557939	1384245632
2016/2/23	12.29	12.8	11.8	12.73	163670578	2003063296
2016/2/22	12.38	12.78	12.13	12.38	154797546	1922939776
2016/2/19	12.87	13.37	12.1	12.3	181126364	2290067968
2016/2/18	13.1	13.74	12.78	12.98	257647596	3413070848
2016/2/17	12.49	12.49	12.49	12.49	7636885	95384696
2016/2/16	10.89	11.35	10.88	11.35	17524888	196629584
2016/2/15	9.36	10.32	9.36	10.32	73054499	716119360
2016/2/5	9.72	10.36	9.72	9.93	89665742	900954432
2016/2/4	9.46	9.98	9.45	9.78	92522888	904234560
2016/2/3	9.1	9.88	9	9.62	107781172	1016487296
2016/2/2	8.88	9.45	8.87	9.25	74668743	690316160
2016/2/1	9.06	9.22	8.67	8.89	57415476	516400576
2016/1/29	8.65	9.34	8.65	9.1	75187746	683732224
2016/1/28	8.9	9.45	8.72	8.78	80930689	732834432
2016/1/27	9.08	9.22	8.43	9.12	81174622	722375232
2016/1/26	9.91	9.97	9.12	9.12	93728132	891417728
2016/1/25	10.1	10.37	9.92	10.13	76587247	776345088
2016/1/22	9.88	10.19	9.44	10	93770364	918817792
2016/1/21	10.25	10.48	9.61	9.67	116735724	1184845056
2016/1/20	10.33	11.18	10.24	10.62	155016341	1652096128
2016/1/19	10.11	10.59	9.95	10.45	123968023	1276106368
2016/1/18	9.6	10.68	9.5	10.23	115764437	1180738048
2016/1/15	10.09	10.2	9.43	9.84	109345890	1077558272
2016/1/14	9.42	10.42	9.41	10.31	105639244	1057586944
2016/1/13	10.94	11.08	9.82	9.88	112310428	1171162880
2016/1/12	10.75	11.42	10.53	10.91	95468188	1047164544
2016/1/11	11.78	12.05	11.09	11.09	101045840	1161514112
2016/1/8	11.96	12.78	10.68	12.32	168369156	2001441792
2016/1/7	12.67	12.69	11.8	11.8	54572501	660577920
2016/1/6	12.9	13.59	12.6	13.11	224732532	2941751552
2016/1/5	11.87	12.99	11.66	12.99	200042376	2475258624
2016/1/4	12.17	12.68	11.66	11.81	126792007	1540984832
2015/12/31	13.04	13.15	12.13	12.17	132362804	1668879104
2015/12/30	13.55	13.57	12.94	13.02	126144196	1653613312
2015/12/29	13.41	13.78	13.2	13.58	123076479	1665825152
2015/12/28	14.59	14.65	13.32	13.33	172291793	2409819904
2015/12/25	14.6	15.15	14.22	14.52	177687355	2599994112
2015/12/24	15.82	16.14	15.19	15.19	206968452	3215813888
2015/12/23	15.45	18.48	15.45	16.88	376458805	6154792960
2015/12/22	17.17	17.17	17.17	17.17	4247600	72931296
2015/12/21	19.08	19.08	19.08	19.08	17896000	341455680
2015/12/18	18	21.6	16.96	21.2	330186638	6563642880
2013/12/26	2.62	2.68	2.53	2.53	34636129	88503280
2013/12/25	2.69	2.72	2.62	2.66	15684131	41817860
2013/12/24	2.65	2.72	2.61	2.69	11479242	30572598
2013/12/23	2.65	2.76	2.65	2.71	16007007	43490656
2013/12/20	2.69	2.74	2.55	2.63	13921745	36945484
2013/12/19	2.6	2.68	2.6	2.68	13600025	36347868
2013/12/18	2.56	2.57	2.5	2.55	5811574	14774841
2013/12/17	2.58	2.58	2.51	2.55	4722061	11984716
2013/12/16	2.6	2.63	2.52	2.56	7433203	19023006
2013/12/13	2.6	2.65	2.58	2.6	7539512	19598646
2013/12/12	2.65	2.68	2.58	2.61	7650588	20007262
2013/12/11	2.69	2.73	2.65	2.66	5637742	15175846
2013/12/10	2.69	2.72	2.65	2.71	9794043	26410422
2013/12/9	2.64	2.73	2.63	2.69	12434738	33235124
2013/12/6	2.53	2.66	2.49	2.66	21426895	56520324
2013/12/5	2.64	2.65	2.52	2.53	16669918	42886584
2013/12/4	2.62	2.68	2.58	2.65	12053791	31923408
2013/12/3	2.73	2.84	2.62	2.67	25340774	68072352
2013/12/2	2.76	2.76	2.71	2.76	27091362	74735288
2013/11/29	2.63	2.63	2.63	2.63	2342305	6160262
2013/11/22	2.49	2.51	2.48	2.5	3832238	9556463
2013/11/21	2.5	2.52	2.47	2.49	4941220	12308965
2013/11/20	2.48	2.53	2.47	2.52	6308307	15758914
2013/11/19	2.5	2.51	2.45	2.48	5517842	13673905
2013/11/18	2.44	2.51	2.4	2.5	9202922	22752720
2013/11/15	2.46	2.52	2.44	2.49	4046245	10093173
2013/11/14	2.44	2.46	2.35	2.45	4313689	10411185
2013/11/13	2.57	2.58	2.44	2.44	7792444	19362484
2013/11/12	2.57	2.6	2.56	2.57	2897418	7460820
2013/11/11	2.56	2.59	2.55	2.57	2666114	6826807.5
2013/11/8	2.64	2.64	2.57	2.58	3520340	9145014
2013/11/7	2.62	2.66	2.61	2.64	2624031	6927039
2013/11/6	2.64	2.68	2.6	2.63	4299334	11346760
2013/11/5	2.6	2.69	2.59	2.64	4210595	11110551
2013/11/4	2.6	2.63	2.58	2.6	2791369	7265038
2013/11/1	2.56	2.62	2.54	2.61	3495253	8970923
2013/10/31	2.62	2.64	2.52	2.56	6830249	17551478
2013/10/30	2.62	2.65	2.55	2.64	5450832	14214446
2013/10/29	2.58	2.71	2.58	2.68	13923643	37398564
2013/10/28	2.53	2.62	2.53	2.58	3418274	8840889
2013/10/25	2.73	2.75	2.59	2.59	7515949	19759860
2013/10/24	2.78	2.79	2.72	2.73	6275648	17236018
2013/10/23	2.74	2.8	2.74	2.79	9178085	25457954
2013/10/22	2.73	2.82	2.72	2.77	7396716	20444936
2013/10/21	2.77	2.78	2.71	2.74	7427888	20369078
2013/10/18	2.78	2.79	2.73	2.77	4072414	11238144
2013/10/17	2.73	2.86	2.72	2.8	10565517	29755846
2013/10/16	2.71	2.82	2.68	2.72	6756794	18470788
2013/10/15	2.78	2.78	2.69	2.72	8037231	21891340
2013/10/14	2.73	2.86	2.69	2.79	15490904	43195124
2013/10/11	2.59	2.72	2.59	2.72	9972424	26774592
2013/10/10	2.6	2.64	2.58	2.59	5386885	14049324
2013/10/9	2.6	2.64	2.58	2.61	5221803	13637490
2013/10/8	2.6	2.62	2.56	2.6	3413916	8858516
2013/9/30	2.54	2.62	2.54	2.6	5862251	15153004
2013/9/27	2.51	2.55	2.48	2.54	4477944	11310193
2013/9/26	2.65	2.65	2.53	2.53	10863856	27692466
2013/9/25	2.73	2.75	2.65	2.66	8213571	22208022
2013/9/24	2.73	2.78	2.71	2.74	5766660	15826529
2013/9/23	2.8	2.8	2.71	2.75	10746363	29523670
2013/9/18	2.78	2.8	2.76	2.8	5034300	13998276
2013/9/17	2.82	2.86	2.78	2.79	6397656	18032762
2013/9/16	2.87	2.88	2.8	2.82	7835810	22248862
2013/9/13	2.86	2.89	2.82	2.86	5218048	14897680
2013/9/12	2.87	2.91	2.83	2.86	7746689	22137458
2013/9/11	2.96	2.98	2.83	2.9	15337862	44427344
2013/9/10	2.78	2.93	2.76	2.93	13833944	39494932
2013/9/9	2.81	2.86	2.75	2.79	11118860	31205888
2013/9/6	2.78	2.86	2.76	2.81	5551323	15599125
2013/9/5	2.8	2.82	2.74	2.78	4541393	12567691
2013/9/4	2.76	2.83	2.76	2.82	5596101	15706808
2013/9/3	2.76	2.8	2.72	2.77	4697382	12987606
2013/9/2	2.86	2.88	2.74	2.78	8214646	22850978
2013/8/30	2.84	2.93	2.81	2.88	9779360	28253510
2013/8/29	2.81	2.86	2.79	2.83	5932020	16808020
2013/8/28	2.83	2.87	2.8	2.83	7313670	20729878
2013/8/27	2.88	2.89	2.77	2.84	9852029	27822966
2013/8/26	2.89	2.9	2.84	2.88	8459113	24283856
2013/8/23	2.93	3.05	2.8	2.89	14069765	41087672
2013/8/22	2.79	2.93	2.77	2.93	19703456	56849952
2013/8/21	2.64	2.79	2.63	2.79	13612132	37500108
2013/8/20	2.63	2.71	2.61	2.66	6472991	17291072
2013/8/19	2.6	2.63	2.56	2.63	4635187	12040565
2013/8/16	2.64	2.68	2.61	2.61	4307700	11365780
2013/8/15	2.63	2.68	2.6	2.65	4804850	12696282
2013/8/14	2.64	2.66	2.61	2.63	4476091	11777412
2013/8/13	2.62	2.68	2.61	2.65	5918753	15685354
2013/8/12	2.55	2.64	2.54	2.62	7613945	19881604
2013/8/9	2.54	2.56	2.52	2.55	3192524	8098407.5
2013/8/8	2.55	2.58	2.53	2.55	3551491	9078179
2013/8/7	2.56	2.58	2.55	2.55	4140705	10607445
2013/8/6	2.57	2.58	2.53	2.58	5536583	14136669
2013/8/5	2.49	2.59	2.47	2.59	9164792	23430576
2013/8/2	2.49	2.49	2.46	2.47	3217130	7965517.5
2013/8/1	2.47	2.5	2.44	2.49	3898757	9636746
2013/7/31	2.48	2.5	2.45	2.46	2877734	7120976
2013/7/30	2.47	2.53	2.47	2.49	2789353	6972259.5
2013/7/29	2.46	2.53	2.43	2.47	2874260	7132711.5
2013/7/26	2.43	2.48	2.43	2.46	2804686	6891428.5
2013/7/25	2.49	2.52	2.42	2.42	3945242	9693003
2013/7/24	2.5	2.51	2.46	2.49	3574066	8886554
2013/7/23	2.47	2.5	2.45	2.5	5657079	14024230
2013/7/22	2.57	2.57	2.43	2.46	6205773	15393176
2013/7/19	2.59	2.69	2.5	2.51	8454409	21879664
2013/7/18	2.5	2.67	2.48	2.62	12122689	31798010
2013/7/17	2.48	2.56	2.43	2.54	11733256	29401242
2013/7/16	2.53	2.57	2.46	2.48	12462640	31592032
2013/7/15	2.43	2.45	2.4	2.45	4614485	11244373
2013/7/12	2.33	2.33	2.33	2.33	3737659	8708745
2013/7/4	2.2	2.24	2.17	2.22	3603332	7981510
2013/7/3	2.25	2.27	2.17	2.22	4496844	9943825
2013/7/2	2.24	2.29	2.23	2.27	3252974	7362802.5
2013/7/1	2.17	2.25	2.15	2.24	4760829	10482551
2013/6/28	2.18	2.2	2.09	2.18	6175022	13240417
2013/6/27	2.3	2.33	2.19	2.2	4629595	10587745
2013/6/26	2.27	2.36	2.23	2.3	5717200	13148612
2013/6/25	2.34	2.34	2.26	2.26	5398852	12239417
2013/6/24	2.5	2.5	2.38	2.38	5581000	13529921
2013/6/21	2.52	2.56	2.44	2.5	5219739	13073734
2013/6/20	2.63	2.63	2.55	2.56	4801300	12432651
2013/6/19	2.65	2.67	2.54	2.65	7278167	18966138
2013/6/18	2.62	2.67	2.62	2.65	4837867	12809878
2013/6/17	2.6	2.66	2.56	2.62	5415916	14150663
2013/6/14	2.57	2.61	2.54	2.59	6549048	16914386
2013/6/13	2.7	2.7	2.57	2.57	8203856	21218980
2013/6/7	2.72	2.76	2.68	2.7	7272816	19749350
2013/6/6	2.73	2.79	2.68	2.71	9985138	27246248
2013/6/5	2.77	2.81	2.73	2.74	7688855	21294032
2013/6/4	2.78	2.87	2.77	2.78	14504862	40828180
2013/6/3	2.76	2.82	2.75	2.78	7674023	21394554
2013/5/31	2.77	2.85	2.73	2.79	14352548	39903944
2013/5/30	2.79	2.86	2.75	2.8	11185767	31337066
2013/5/29	2.7	2.86	2.69	2.81	24695570	68380176
2013/5/28	2.6	2.73	2.58	2.73	24386446	65831904
2013/5/27	2.56	2.62	2.55	2.6	9729500	25265144
2013/5/24	2.62	2.64	2.55	2.57	8707723	22433198
2013/5/23	2.57	2.66	2.55	2.61	12948143	33839696
2013/5/22	2.56	2.59	2.54	2.57	7210096	18506432
2013/5/21	2.55	2.58	2.53	2.57	8372519	21367414
2013/5/20	2.54	2.58	2.52	2.55	7997389	20386664
2013/5/17	2.54	2.56	2.52	2.54	6873605	17438996
2013/5/16	2.56	2.57	2.49	2.55	6929670	17666778
2013/5/15	2.52	2.58	2.52	2.56	4937596	12615611
2013/5/14	2.6	2.63	2.53	2.54	6607570	16881716
2013/5/13	2.55	2.62	2.53	2.61	7154450	18532356
2013/5/10	2.54	2.57	2.51	2.55	4937572	12529151
2013/5/9	2.52	2.58	2.52	2.54	6368483	16201534
2013/5/8	2.61	2.61	2.52	2.54	9875690	25214456
2013/5/7	2.43	2.57	2.41	2.57	14039360	35553664
2013/5/6	2.38	2.46	2.38	2.45	9177183	22283654
2013/5/3	2.39	2.43	2.35	2.39	12462249	29789348
2013/5/2	2.3	2.47	2.3	2.43	17356314	41129748
2013/4/26	2.39	2.4	2.39	2.39	11229600	26841444
2013/4/25	2.52	2.55	2.52	2.52	9685200	24410260
2013/4/23	2.79	2.79	2.62	2.65	15704910	42552492
2013/4/22	2.89	2.89	2.82	2.84	9813250	27865344
2013/4/19	2.87	2.92	2.86	2.9	12181225	35147172
2013/4/18	2.88	2.94	2.83	2.89	11802468	34033040
2013/4/17	2.79	3.07	2.78	2.97	18425112	54451948
2013/4/16	2.74	2.79	2.7	2.79	6930085	19130366
2013/4/15	2.78	2.8	2.71	2.75	9872582	27132452
2013/4/12	2.86	2.87	2.81	2.81	9736594	27648986
2013/4/11	2.96	2.96	2.8	2.9	15978466	46008860
2013/4/10	3.04	3.04	2.98	3	7283630	21878562
2013/4/9	2.98	3.08	2.98	3.04	9043114	27480516
2013/4/8	3.2	3.21	2.93	3.05	21112623	62984648
2013/4/3	3.31	3.35	3.24	3.25	8772907	28804044
2013/4/2	3.29	3.35	3.23	3.33	11759765	38699804
2013/4/1	3.29	3.35	3.25	3.29	13017924	42982880
2013/3/29	3.36	3.46	3.27	3.33	13379219	45176792
2013/3/28	3.53	3.53	3.37	3.39	18861589	64487504
2013/3/27	3.56	3.64	3.5	3.57	22577296	79950688
2013/3/26	3.65	3.82	3.59	3.6	30642997	113552832
2013/3/25	3.57	3.8	3.53	3.69	33171956	122162104
2013/3/22	3.53	3.67	3.45	3.57	28280332	100586024
2013/3/21	3.36	3.68	3.35	3.57	43427294	153921344
2013/3/20	3.32	3.47	3.3	3.39	20118214	68163904
2013/3/19	3.22	3.53	3.2	3.37	26826420	91043208
2013/3/18	3.3	3.3	3.2	3.21	12337660	39936280
2013/3/15	3.38	3.39	3.25	3.32	14181896	47038472
2013/3/14	3.36	3.47	3.31	3.38	25419132	86110944
2013/3/13	3.18	3.46	3.18	3.39	28954728	95990448
2013/3/12	3.3	3.34	3.16	3.2	14650180	47639488
2013/3/11	3.25	3.33	3.21	3.3	14199451	46570132
2013/3/8	3.22	3.42	3.14	3.27	25554195	84196872
2013/3/7	3.19	3.26	3.17	3.21	15518791	49953280
2013/3/6	3.15	3.22	3.13	3.18	11884903	37783864
2013/3/5	3.13	3.19	3.12	3.16	9616532	30344966
2013/3/4	3.27	3.28	3.1	3.13	15691186	49712760
2013/3/1	3.3	3.38	3.26	3.29	16984393	56272700
2013/2/28	3.27	3.35	3.23	3.3	21608360	71376928
2013/2/27	3.24	3.37	3.16	3.26	19976247	65250420
2013/2/26	3.2	3.3	3.18	3.23	18717865	60630724
2013/2/25	3.12	3.38	3.1	3.26	28762063	93785824
2013/2/22	3.17	3.22	3.1	3.14	13321588	41948296
2013/2/21	3.31	3.31	3.13	3.15	25499356	81665856
2013/2/20	3.3	3.42	3.24	3.32	39976210	133263976
2013/2/19	3.08	3.39	3.04	3.39	47348695	157028720
2013/2/18	3.09	3.09	3.04	3.08	8674246	26620478
2013/2/8	3.04	3.1	3.03	3.05	6916364	21209706
2013/2/7	3.07	3.08	3.03	3.04	5726344	17464058
2013/2/6	3.03	3.09	3.01	3.07	9473125	28989258
2013/2/5	3.01	3.06	2.99	3.03	7266450	21995466
2013/2/4	3.01	3.05	2.99	3.02	7995395	24098126
2013/2/1	3.08	3.09	3.02	3.04	13721048	41765576
2013/1/31	3.14	3.17	3.09	3.1	13086375	40833188
2013/1/30	3.12	3.17	3.08	3.17	21948299	68675640
2013/1/29	3.04	3.12	3.02	3.12	17705434	54495188
2013/1/28	3.04	3.06	3.01	3.05	9037153	27376200
2013/1/25	3	3.04	2.96	3	6101329	18301244
2013/1/24	3.06	3.09	2.98	2.99	10544951	31924490
2013/1/23	3.03	3.1	3.02	3.06	8052010	24593302
2013/1/22	3.13	3.13	3.04	3.05	15340631	47032028
2013/1/21	3.11	3.2	3.06	3.13	19242394	60538996
2013/1/18	3.07	3.13	3.03	3.11	15617475	48087108
2013/1/17	3.15	3.15	3.07	3.08	18516656	57421000
2013/1/16	3.05	3.36	3.03	3.18	44229632	142596528
2013/1/15	3	3.09	2.98	3.06	21490009	65172920
2013/1/14	2.96	3.03	2.8	3.03	23432525	68859960
2013/1/11	3.15	3.16	2.97	2.99	21024972	64115964
2013/1/10	3.15	3.2	3.13	3.15	11906922	37595220
2013/1/9	3.16	3.18	3.12	3.15	13711959	43132640
2013/1/8	3.11	3.24	3.08	3.18	22853851	72234424
2013/1/7	3.14	3.15	3.07	3.13	19237784	59629012
2013/1/4	3.15	3.27	3.15	3.16	19771802	63228728
2012/12/31	3.18	3.19	3.12	3.14	16453948	51723800
2012/12/28	3.15	3.27	3.12	3.18	27315629	87589728
2012/12/27	3.24	3.24	3.11	3.15	25716908	81194368
2012/12/26	3.21	3.26	3.18	3.24	30701678	98805608
2012/12/25	3.28	3.33	3.18	3.27	51421139	166595600
2012/12/24	2.99	3.29	2.97	3.29	66377486	213177776
2012/12/21	2.97	3.02	2.95	2.99	15388687	45868260
2012/12/20	3.01	3.02	2.93	2.97	16702599	49427640
2012/12/19	3	3.04	2.94	3.02	21455274	64263868
2012/12/18	3.01	3.03	2.93	3.01	26383291	78560864
2012/12/17	3.08	3.14	3.02	3.04	41262249	126446704
2012/12/14	3.05	3.25	3.03	3.16	45254376	142658848
2012/12/13	3.27	3.47	3.11	3.14	66866178	220062944
2012/12/12	2.9	3.22	2.89	3.22	63984701	199155024
2012/12/11	3.01	3.07	2.91	2.93	30542708	91027768
2012/12/10	2.96	3.15	2.9	3.06	43895815	133437424
2012/12/7	2.93	3.15	2.81	3.02	48679674	144209056
2012/12/6	2.92	3.01	2.86	2.96	33300587	97802000
2012/12/5	2.96	3.08	2.84	2.99	57305106	170450144
2012/12/4	2.82	3.1	2.75	3.03	68901916	204028720
2012/12/3	2.64	2.82	2.56	2.82	29935743	82679000
2012/11/30	2.33	2.56	2.33	2.56	10237476	25478896
2012/11/29	2.34	2.39	2.33	2.33	7782516	18321864
2012/11/28	2.3	2.37	2.28	2.33	7815278	18190566
2012/11/27	2.45	2.45	2.31	2.32	10969799	25831434
2012/11/26	2.56	2.59	2.45	2.45	9977993	25021468
2012/11/23	2.63	2.65	2.57	2.58	7004299	18274604
2012/11/22	2.63	2.68	2.6	2.61	9810580	25895148
2012/11/21	2.63	2.72	2.49	2.68	15651509	41002320
2012/11/20	2.64	2.67	2.62	2.65	6867970	18182608
2012/11/19	2.6	2.63	2.55	2.63	7018433	18198522
2012/11/16	2.68	2.68	2.56	2.6	7767856	20232784
2012/11/15	2.65	2.73	2.62	2.63	9374837	24941132
2012/11/14	2.61	2.69	2.61	2.68	11715834	31146604
2012/11/13	2.72	2.74	2.59	2.62	11747323	31204830
2012/11/12	2.68	2.79	2.68	2.71	9244002	25147788
2012/11/9	2.69	2.76	2.67	2.71	10284869	27968846
2012/11/8	2.77	2.78	2.68	2.73	17394946	47435888
2012/11/7	3.02	3.03	2.8	2.82	33188752	95534744
2012/11/6	3.05	3.2	3.03	3.07	35778448	111668392
2012/11/5	3.02	3.08	2.94	3.08	20321332	61322316
2012/11/2	3.03	3.06	2.96	3.02	19210928	57674436
2012/11/1	2.99	3.07	2.96	3.06	19524664	59224724
2012/10/31	2.94	3.05	2.94	2.99	19531699	58634220
2012/10/30	2.98	3.03	2.91	2.95	16883944	50218692
2012/10/29	3.06	3.07	2.9	2.99	22844395	67577608
2012/10/26	3.1	3.13	3.01	3.06	23377114	71623000
2012/10/25	3.34	3.37	3.04	3.11	38113698	121834528
2012/10/24	3.41	3.49	3.27	3.29	32025543	107422624
2012/10/23	3.48	3.53	3.33	3.47	34542886	119259480
2012/10/22	3.35	3.62	3.35	3.48	34757305	121343072
2012/10/19	3.64	3.84	3.45	3.49	57629581	209088512
2012/10/18	3.43	3.88	3.32	3.71	82360035	294597152
2012/10/17	3.25	3.59	3.17	3.59	91065617	320801568
2012/10/16	3.2	3.45	3.14	3.26	51417445	170713952
2012/10/15	3.19	3.29	3.08	3.24	35275084	112067472
2012/10/12	3.23	3.45	3.16	3.25	48351965	159474336
2012/10/11	3.34	3.57	3.18	3.3	80124406	268121888
2012/10/10	3.27	3.38	3.11	3.38	71388662	234706592
2012/10/9	3.07	3.07	3.07	3.07	6120798	18790850
2012/10/8	2.74	2.79	2.73	2.79	8927472	24782968
2012/9/28	2.45	2.54	2.38	2.54	33595048	84034264
2012/9/27	2.08	2.31	2.08	2.31	15201240	34568332
2012/9/26	2.07	2.14	2.05	2.1	4156333	8730005
2012/9/25	2.08	2.1	2.06	2.08	1385072	2876708
2012/9/24	2.08	2.09	2.03	2.08	2796463	5760591
2012/9/21	2.06	2.15	2.04	2.1	4491928	9444848
2012/9/20	2.12	2.12	2.05	2.07	3258591	6791879.5
2012/9/19	2.12	2.15	2.11	2.13	1847666	3936480.5
2012/9/18	2.14	2.14	2.1	2.13	2763997	5862060.5
2012/9/17	2.22	2.22	2.14	2.15	3702110	8045270.5
2012/9/14	2.19	2.26	2.16	2.23	6115269	13530859
2012/9/13	2.21	2.23	2.17	2.17	4012621	8841297
2012/9/12	2.19	2.22	2.18	2.21	5296212	11660499
2012/9/11	2.18	2.19	2.14	2.18	4401883	9538694
2012/9/10	2.18	2.2	2.16	2.2	6170422	13446579
2012/9/7	2.13	2.23	2.11	2.18	8848327	19263826
2012/9/6	2.07	2.18	2.06	2.13	5574552	11797138
2012/9/5	2.06	2.08	2.03	2.07	2760386	5677974.5
2012/9/4	2.09	2.09	2.05	2.06	2241340	4640443
2012/9/3	2.08	2.1	2.06	2.09	2569811	5360037.5
2012/8/31	2.05	2.09	2.03	2.08	2490176	5133241
2012/8/30	2.12	2.13	2.05	2.06	2875649	5964369.5
2012/8/29	2.11	2.14	2.08	2.12	1970231	4164599
2012/8/28	2.13	2.15	2.08	2.12	2205956	4649846
2012/8/27	2.13	2.18	2.12	2.13	2990901	6414247.5
2012/8/24	2.22	2.22	2.12	2.13	4952835	10681267
2012/8/23	2.16	2.26	2.16	2.22	6916912	15211715
2012/8/22	2.12	2.23	2.08	2.18	7387989	15893794
2012/8/21	2.09	2.13	2.08	2.11	3758481	7907405.5
2012/8/20	2.05	2.08	2.04	2.08	2023000	4162834
2012/8/17	2.07	2.1	2.05	2.08	1938669	4024878.75
2012/8/16	2.07	2.12	2.06	2.09	2654736	5544196.5
2012/8/15	2.08	2.09	2.06	2.08	1824971	3786410
2012/8/14	2.07	2.09	2.03	2.09	3292397	6790569.5
2012/8/13	2.16	2.16	2.08	2.09	3066900	6495711
2012/8/10	2.17	2.17	2.14	2.16	2926145	6311321
2012/8/9	2.14	2.17	2.11	2.17	3449567	7412039
2012/8/8	2.16	2.18	2.12	2.14	4077236	8756001
2012/8/7	2.11	2.16	2.09	2.16	5415892	11568956
2012/8/6	2.05	2.12	2.03	2.11	4187119	8696970
2012/8/3	2.02	2.06	2.01	2.06	3499063	7126896
2012/8/2	2.04	2.05	2.01	2.03	3952491	8040149.5
2012/8/1	2.03	2.06	1.99	2.05	5947174	12074410
2012/7/31	2.14	2.14	2.01	2.04	6009177	12292302
2012/7/30	2.29	2.32	2.14	2.15	12148763	26453632
2012/7/27	2.42	2.42	2.37	2.38	1853543	4427895
2012/7/26	2.41	2.44	2.39	2.41	1836138	4436695
2012/7/25	2.44	2.44	2.39	2.41	3146466	7593821.5
2012/7/24	2.42	2.46	2.4	2.44	1503231	3668925.5
2012/7/23	2.48	2.48	2.41	2.42	1740717	4231697.5
2012/7/20	2.44	2.48	2.44	2.47	1965870	4845212
2012/7/19	2.45	2.51	2.42	2.47	3279964	8090045
2012/7/18	2.46	2.46	2.39	2.45	2666120	6468861.5
2012/7/17	2.51	2.51	2.43	2.46	2785593	6871292.5
2012/7/16	2.54	2.55	2.5	2.51	3012476	7576140.5
2012/7/13	2.58	2.64	2.57	2.6	2712565	7081228.5
2012/7/12	2.56	2.6	2.52	2.59	2377262	6083791.5
2012/7/11	2.57	2.61	2.56	2.58	1846557	4766950
2012/7/10	2.53	2.59	2.5	2.57	1677022	4263257
2012/7/9	2.62	2.62	2.52	2.54	1690500	4341001
2012/7/6	2.52	2.62	2.5	2.62	3658173	9328119
2012/7/5	2.6	2.61	2.51	2.52	3416230	8684814
2012/7/4	2.65	2.67	2.6	2.6	1537989	4036539.25
2012/7/3	2.68	2.69	2.64	2.65	2553133	6797870
2012/7/2	2.59	2.65	2.59	2.63	2133422	5577643
2012/6/29	2.58	2.59	2.53	2.59	2065454	5292595
2012/6/28	2.63	2.64	2.58	2.58	1874485	4874992.5
2012/6/27	2.63	2.66	2.63	2.63	2206230	5825734.5
2012/6/26	2.6	2.64	2.55	2.62	2416437	6256765.5
2012/6/25	2.68	2.69	2.59	2.62	2775340	7339797
2012/6/21	2.74	2.74	2.68	2.7	2587026	6989064.5
2012/6/20	2.74	2.76	2.73	2.74	1935471	5308979.5
2012/6/19	2.77	2.77	2.72	2.74	2390877	6577713
2012/6/18	2.77	2.78	2.75	2.78	3178306	8805766
2012/6/15	2.76	2.78	2.73	2.76	2298057	6321806.5
2012/6/14	2.78	2.79	2.75	2.76	4132038	11422203
2012/6/13	2.75	2.79	2.73	2.78	4562828	12602126
2012/6/12	2.79	2.8	2.75	2.76	2826732	7830101.5
2012/6/11	2.75	2.8	2.75	2.8	2796261	7758976.5
2012/6/8	2.78	2.81	2.75	2.76	4714057	13123803
2012/6/7	2.76	2.81	2.72	2.75	2460414	6786339
2012/6/6	2.74	2.76	2.72	2.75	3074118	8446324
2012/6/5	2.7	2.78	2.68	2.74	5184343	14101752
2012/6/4	2.75	2.78	2.7	2.71	3687685	10137114
2012/6/1	2.81	2.82	2.78	2.79	4258038	11916562
2012/5/31	2.78	2.83	2.75	2.8	4567884	12799811
2012/5/30	2.82	2.82	2.76	2.79	5116642	14299474
2012/5/29	2.74	2.91	2.74	2.82	8760587	24688870
2012/5/28	2.75	2.77	2.66	2.77	5921607	16079531
2012/5/25	2.82	2.84	2.77	2.77	4535457	12642264
2012/5/24	2.82	2.84	2.8	2.84	5545323	15646949
2012/5/23	2.85	2.85	2.78	2.81	7237648	20311186
2012/5/22	2.91	2.96	2.83	2.87	12235651	35099720
2012/5/21	3.15	3.16	2.88	2.97	22452787	67147008
2012/5/18	2.84	3.07	2.83	3.07	21192869	64344764
2012/5/16	2.77	2.82	2.75	2.79	2496151	6976299
2012/5/15	2.78	2.8	2.74	2.79	2505334	6933304.5
2012/5/14	2.81	2.83	2.77	2.8	3667323	10278441
2012/5/11	2.87	2.88	2.78	2.79	5767797	16300538
2012/5/10	2.85	2.9	2.84	2.87	2176015	6253125
2012/5/9	2.92	2.92	2.85	2.86	3071935	8833640
2012/5/8	2.92	2.96	2.88	2.93	3070709	8955306
2012/5/7	2.87	2.93	2.84	2.93	4541353	13083948
2012/5/4	2.84	2.87	2.78	2.87	5265829	14932996
2012/5/3	2.9	2.9	2.68	2.85	12698229	35474516
2012/5/2	2.98	3	2.87	2.93	8203416	24166174
2012/4/27	3.08	3.08	2.94	2.99	6263149	18786688
2012/4/26	3.11	3.13	3.07	3.08	3074205	9541255
2012/4/25	3.06	3.15	3	3.11	5661626	17366038
2012/4/24	3.12	3.17	2.97	3.07	4668835	14321152
2012/4/23	3.23	3.23	3.13	3.14	3608152	11454218
2012/4/20	3.2	3.24	3.16	3.24	4140138	13263039
2012/4/19	3.24	3.24	3.2	3.2	3033017	9764190
2012/4/18	3.18	3.27	3.15	3.24	7539079	24241326
2012/4/17	3.17	3.39	3.16	3.23	9957132	32703156
2012/4/16	3.1	3.18	3.06	3.18	4677523	14596544
2012/4/13	3.08	3.14	3.06	3.12	4076628	12704256
2012/4/12	3.04	3.09	3.02	3.08	4046583	12401522
2012/4/11	2.99	3.05	2.96	3.04	2747293	8273068.5
2012/4/10	3	3.02	2.91	3.02	3623603	10744275
2012/4/6	3.04	3.06	2.99	3.02	2576512	7791293.5
2012/4/5	2.88	3.11	2.86	3.03	4520461	13503671
2012/3/30	2.87	2.92	2.85	2.87	2611713	7509576
2012/3/29	2.92	2.92	2.81	2.86	3287229	9430719
2012/3/28	3.12	3.12	2.91	2.93	5892553	17660240
2012/3/27	3.17	3.18	3.12	3.13	2830189	8904497
2012/3/26	3.15	3.19	3.13	3.16	2589471	8176845
2012/3/23	3.26	3.29	3.15	3.17	4436702	14218801
2012/3/22	3.36	3.37	3.27	3.28	4524546	14956852
2012/3/21	3.3	3.35	3.27	3.35	7010350	23212258
2012/3/20	3.41	3.41	3.28	3.31	7329502	24426592
2012/3/19	3.37	3.49	3.35	3.39	16222912	55449648
2012/3/16	3.08	3.37	3.06	3.37	18347970	60463440
2012/3/15	3.17	3.19	3.02	3.06	5746331	17826126
2012/3/14	3.29	3.45	3.15	3.17	15079783	50320252
2012/3/13	3.24	3.34	3.22	3.31	7618230	24905522
2012/3/12	3.25	3.26	3.21	3.24	3687556	11922578
2012/3/9	3.21	3.27	3.21	3.26	5659989	18363118
2012/3/8	3.16	3.21	3.15	3.2	4038667	12882224
2012/3/7	3.17	3.18	3.13	3.16	3508636	11078755
2012/3/6	3.22	3.23	3.15	3.17	3763629	11939003
2012/3/5	3.22	3.28	3.21	3.22	5174640	16755216
2012/3/2	3.17	3.21	3.16	3.21	4183879	13355266
2012/3/1	3.17	3.21	3.14	3.16	4517585	14324339
2012/2/29	3.29	3.29	3.17	3.18	6320216	20344800
2012/2/28	3.22	3.3	3.19	3.28	10339003	33662304
2012/2/24	3.21	3.27	3.18	3.25	6727577	21665386
2012/2/23	3.17	3.21	3.16	3.21	8447348	26976608
2012/2/22	3.12	3.18	3.11	3.16	6341857	19960550
2012/2/21	3.16	3.16	3.05	3.13	6651774	20655220
2012/2/20	3.2	3.22	3.14	3.16	7540849	23933098
2012/2/17	3.16	3.19	3.12	3.16	4945597	15581311
2012/2/16	3.11	3.19	3.11	3.18	7296980	22978534
2012/2/15	3.06	3.26	3.02	3.16	11762160	37072200
2012/2/14	3.05	3.08	3.02	3.06	5700381	17372790
2012/2/13	3	3.09	2.97	3.06	7425127	22579362
2012/2/10	2.99	3.05	2.97	3.02	7289761	21983722
2012/2/9	2.97	3.07	2.95	3.01	10633306	32142658
2012/2/8	2.89	3.02	2.86	2.99	12942709	37958464
2012/2/6	2.91	3.04	2.84	2.98	14920259	43418580
2012/2/3	2.81	2.95	2.79	2.93	14017782	40632572
2012/2/2	2.78	2.81	2.76	2.8	3422853	9531022
2012/2/1	2.77	2.82	2.75	2.76	3485179	9701824
2012/1/31	2.8	2.81	2.73	2.79	4235006	11706487
2012/1/30	2.83	2.85	2.79	2.81	3783323	10678868
2012/1/20	2.8	2.83	2.76	2.81	3908813	10940563
2012/1/19	2.78	2.81	2.72	2.78	4447902	12327808
2012/1/18	2.82	2.86	2.73	2.77	7097743	19860004
2012/1/17	2.61	2.87	2.61	2.82	10495558	29072786
2012/1/16	2.73	2.73	2.62	2.62	3762492	10064266
2012/1/13	2.8	2.84	2.67	2.72	7177638	19772918
2012/1/12	2.76	2.84	2.75	2.79	8153572	22873230
2012/1/11	2.82	2.83	2.77	2.77	9767357	27325394
2012/1/10	2.66	2.89	2.65	2.84	16035165	44473820
2012/1/9	2.58	2.69	2.55	2.68	12398441	32753310
2012/1/6	2.63	2.65	2.52	2.59	12081821	31088812
2012/1/5	2.84	2.86	2.65	2.65	18134133	49488772
2012/1/4	2.96	3.06	2.94	2.94	21947688	65069368
2011/12/30	3.27	3.27	3.27	3.27	1824600	5966442
2011/12/29	3.63	3.63	3.63	3.63	601500	2183445
2011/10/31	3.65	4.03	3.65	4.03	20585957	80316232
2011/10/28	3.65	3.66	3.61	3.66	3802646	13851244
2011/10/27	3.6	3.64	3.58	3.61	3750257	13526630
2011/10/26	3.54	3.61	3.52	3.58	3457012	12353367
2011/10/25	3.55	3.59	3.47	3.58	3787294	13364326
2011/10/24	3.44	3.55	3.39	3.53	3503719	12199101
2011/10/21	3.47	3.52	3.42	3.42	1715932	5937366
2011/10/20	3.68	3.68	3.46	3.49	4189277	14783194
2011/10/19	3.7	3.72	3.64	3.68	1965667	7234448
2011/10/18	3.8	3.8	3.66	3.68	2557004	9508888
2011/10/17	3.85	3.87	3.78	3.8	2557956	9765641
2011/10/14	3.88	3.88	3.81	3.85	3425425	13170310
2011/10/13	3.78	3.92	3.75	3.86	6514995	25101698
2011/10/12	3.7	3.8	3.63	3.79	5479447	20532540
2011/10/11	3.89	3.91	3.67	3.7	3953815	14987487
2011/10/10	3.85	3.88	3.76	3.81	4082596	15527861
2011/9/30	3.72	3.86	3.7	3.79	5499355	20635174
2011/9/29	3.87	3.97	3.7	3.71	3637026	13916171
2011/9/28	3.85	3.91	3.8	3.87	3558607	13684835
2011/9/27	3.84	3.85	3.81	3.83	1887371	7226027
2011/9/26	4	4	3.78	3.8	4105576	15866605
2011/9/23	3.9	3.99	3.9	3.98	2625674	10360516
2011/9/22	4.02	4.03	3.95	3.97	3512579	14010816
2011/9/21	3.98	4.08	3.92	4.05	5724081	22969312
2011/9/20	3.94	4.03	3.92	3.99	5332425	21191682
2011/9/19	3.86	4	3.84	3.92	4544265	17841130
2011/9/16	3.86	3.89	3.85	3.86	1137138	4401973.5
2011/9/15	3.89	3.9	3.85	3.85	1689669	6541357
2011/9/14	3.82	3.87	3.8	3.87	2008439	7698628.5
2011/9/13	3.85	3.87	3.76	3.8	2795581	10668905
2011/9/9	3.93	3.96	3.89	3.89	2011450	7878402.5
2011/9/8	3.99	4.01	3.91	3.91	1898429	7510416.5
2011/9/7	3.89	3.98	3.89	3.97	1863860	7355609
2011/9/6	3.86	3.92	3.86	3.88	1552595	6036365
2011/9/5	3.93	3.95	3.83	3.91	2228159	8694437
2011/9/2	4.05	4.05	3.95	3.97	2218413	8852432
2011/9/1	4.09	4.1	4.03	4.03	2829722	11496733
2011/8/31	4.14	4.14	4.03	4.08	4542107	18541140
2011/8/30	4.1	4.35	4.1	4.16	9813133	41891116
2011/8/29	4.13	4.15	4.08	4.09	2275627	9348564
2011/8/26	4.12	4.15	4.09	4.13	3212471	13257823
2011/8/25	4.04	4.14	4.02	4.13	4028839	16491442
2011/8/24	4.08	4.09	4.01	4.03	2367032	9598740
2011/8/23	3.98	4.07	3.98	4.07	2026310	8177145.5
2011/8/22	4.01	4.05	3.98	4	2068010	8293887
2011/8/19	4	4.05	3.97	4	3510765	14033840
2011/8/18	4.17	4.18	4.08	4.1	2551049	10524565
2011/8/17	4.16	4.18	4.1	4.18	4035782	16742912
2011/8/16	4.21	4.26	4.15	4.16	2863858	12040569
2011/8/15	4.15	4.21	4.12	4.2	3721195	15510628
2011/8/12	4.08	4.24	4.04	4.16	6134273	25585414
2011/8/11	3.91	4.06	3.9	4.06	3173573	12734433
2011/8/10	4	4.08	4	4	3231259	13026669
2011/8/9	3.9	4	3.85	3.97	4385398	17241808
2011/8/8	4.19	4.24	3.92	3.99	5774683	23559780
2011/8/5	4.33	4.34	4.26	4.26	4657000	20052558
2011/8/4	4.42	4.49	4.42	4.45	2564451	11444707
2011/8/3	4.38	4.5	4.34	4.42	4762920	21108716
2011/8/2	4.52	4.52	4.37	4.44	3861188	17088408
2011/8/1	4.52	4.54	4.45	4.53	4127581	18529802
2011/7/29	4.54	4.57	4.48	4.52	2595398	11734630
2011/7/28	4.62	4.65	4.51	4.55	3599697	16400188
2011/7/27	4.6	4.69	4.56	4.66	2824280	13064605
2011/7/26	4.57	4.64	4.53	4.62	2684617	12349010
2011/7/25	4.82	4.82	4.57	4.57	6579100	30852426
2011/7/22	4.81	4.85	4.8	4.83	3401863	16379805
2011/7/21	4.9	4.92	4.81	4.81	4749683	23019596
2011/7/20	4.93	4.95	4.86	4.91	3348887	16424021
2011/7/19	4.99	4.99	4.91	4.92	4107932	20268956
2011/7/18	4.98	5.05	4.96	4.99	6094660	30513986
2011/7/15	5	5.04	4.94	4.98	7045627	35129244
2011/7/14	4.93	4.98	4.93	4.98	4797555	23768672
2011/7/13	4.89	4.98	4.87	4.95	5312232	26289678
2011/7/12	4.89	4.94	4.84	4.87	4530382	22134120
2011/7/11	4.96	4.96	4.8	4.93	6787598	33285206
2011/7/8	4.99	5.01	4.96	5	3736542	18619710
2011/7/7	5.04	5.06	4.99	5	4551819	22847662
2011/7/6	5.02	5.06	4.97	5.05	6073474	30516916
2011/7/5	5.01	5.03	4.96	5.01	4946291	24727034
2011/7/4	4.94	5.02	4.93	5.02	7156525	35723208
2011/7/1	4.93	4.95	4.87	4.91	4017871	19730388
2011/6/30	4.86	4.94	4.86	4.9	3175581	15578538
2011/6/29	4.97	4.99	4.83	4.86	6162973	30184116
2011/6/28	4.98	4.98	4.92	4.97	2731045	13524459
2011/6/27	4.95	5	4.91	4.97	3937119	19517790
2011/6/24	4.85	4.96	4.83	4.93	4926504	24225394
2011/6/23	4.81	4.87	4.73	4.85	3714138	17822476
2011/6/22	4.87	4.89	4.79	4.81	2909700	14053862
2011/6/21	4.85	4.86	4.77	4.86	2554201	12319603
2011/6/20	4.95	4.99	4.76	4.82	4794777	23264046
2011/6/17	5	5.04	4.95	4.96	2590422	12936961
2011/6/16	5.1	5.1	4.97	5	4636550	23285850
2011/6/15	5.22	5.24	5.1	5.13	11246172	58196828
2011/6/14	4.99	5.25	4.95	5.21	12001809	61364336
2011/6/13	4.96	5	4.91	4.99	2430973	12032936
2011/6/10	4.96	5.01	4.91	5	3738502	18540856
2011/6/9	5.12	5.22	4.99	5	7639245	39046772
2011/6/8	5.05	5.1	4.97	5.08	3827326	19261972
2011/6/7	5.03	5.08	5	5.07	2123600	10729274
2011/6/3	4.98	5.07	4.95	5.04	2745678	13775539
2011/6/2	5.01	5.01	4.9	4.97	4131078	20421776
2011/6/1	5	5.08	4.91	5.05	4124438	20737974
2011/5/31	4.91	5.02	4.85	5	4073863	20097872
2011/5/30	5.09	5.09	4.91	4.92	5650028	28058094
2011/5/27	5.07	5.15	4.87	5.09	6553771	32745046
2011/5/26	5.03	5.11	5.02	5.04	4513756	22866666
2011/5/25	5.12	5.14	4.99	5.01	4754277	24067430
2011/5/24	5.11	5.13	5.04	5.13	4734319	24077016
2011/5/23	5.41	5.41	5.09	5.11	13993714	72782416
2011/5/20	5.53	5.54	5.39	5.43	6543705	35632136
2011/5/19	5.59	5.63	5.5	5.52	6357585	35230428
2011/5/18	5.58	5.64	5.56	5.6	6521419	36506628
2011/5/17	5.44	5.66	5.42	5.61	12577042	69786696
2011/5/16	5.56	5.56	5.46	5.46	6621720	36436564
2011/5/13	5.53	5.58	5.44	5.57	12341539	67930064
2011/5/12	5.39	5.58	5.32	5.56	13012132	71065592
2011/5/11	5.41	5.46	5.32	5.41	6225391	33583212
2011/5/10	5.41	5.42	5.35	5.41	6353919	34259904
2011/5/9	5.25	5.41	5.25	5.41	5899926	31443620
2011/5/6	5.35	5.36	5.22	5.3	6773497	35906136
2011/5/5	5.3	5.4	5.3	5.37	4732815	25339626
2011/5/4	5.45	5.47	5.3	5.3	7255289	39007328
2011/5/3	5.36	5.47	5.31	5.47	7499932	40647332
2011/4/29	5.36	5.4	5.27	5.36	7565420	40443612
2011/4/28	5.45	5.46	5.3	5.36	8960180	48167984
2011/4/27	5.5	5.56	5.34	5.4	10177930	55591160
2011/4/26	5.7	5.72	5.4	5.5	16145235	89484400
2011/4/25	5.93	5.93	5.7	5.72	14204558	82046648
2011/4/22	5.8	6.05	5.78	5.93	24072206	143358544
2011/4/20	5.92	6.04	5.78	5.81	19789466	115957536
2011/4/19	5.9	6.06	5.85	5.93	26777984	158997072
2011/4/18	5.6	6.09	5.56	5.97	37491847	219374080
2011/4/15	5.65	5.7	5.51	5.66	18983654	106559752
2011/4/14	5.65	5.78	5.53	5.7	28164584	158965616
2011/4/13	5.75	5.91	5.74	5.77	21428881	124508744
2011/4/12	5.57	5.85	5.52	5.78	30492025	175326336
2011/4/11	5.68	5.68	5.56	5.57	10167198	56975208
2011/4/8	5.68	5.71	5.61	5.65	9799389	55428936
2011/4/7	5.63	5.75	5.56	5.69	14326397	81049848
2011/4/6	5.46	5.73	5.46	5.65	15994711	90044912
2011/4/1	5.39	5.48	5.39	5.47	5578534	30368872
2011/3/31	5.58	5.63	5.4	5.44	10373838	56769196
2011/3/30	5.55	5.77	5.55	5.58	16154673	91080648
2011/3/29	5.53	5.67	5.45	5.59	22562395	126139856
2011/3/28	5.44	5.6	5.4	5.53	16366362	90009824
2011/3/25	5.4	5.46	5.38	5.42	9437178	51101480
2011/3/24	5.38	5.49	5.37	5.45	17583405	95413416
2011/3/23	5.21	5.3	5.2	5.29	5296532	27840098
2011/3/22	5.24	5.26	5.18	5.21	5305355	27650054
2011/3/21	5.22	5.27	5.21	5.24	4635879	24252008
2011/3/18	5.28	5.29	5.22	5.25	4420646	23223194
2011/3/17	5.34	5.34	5.19	5.23	8414939	44332700
2011/3/16	5.28	5.38	5.26	5.35	6955028	37006140
2011/3/15	5.43	5.46	5.19	5.32	10582803	56418076
2011/3/14	5.4	5.45	5.38	5.43	7124470	38542888
2011/3/11	5.42	5.52	5.37	5.43	9636481	52541116
2011/3/10	5.53	5.54	5.41	5.42	9569865	52021752
2011/3/9	5.55	5.57	5.48	5.54	8341083	46076656
2011/3/8	5.55	5.57	5.49	5.53	9701059	53529272
2011/3/7	5.53	5.6	5.5	5.57	13428617	74588848
2011/3/4	5.45	5.65	5.45	5.56	20553943	114327264
2011/3/3	5.5	5.52	5.38	5.38	10047905	54630556
2011/3/2	5.43	5.54	5.39	5.5	12536927	68764144
2011/3/1	5.43	5.48	5.38	5.44	9651196	52419560
2011/2/28	5.32	5.43	5.29	5.43	9536260	51182800
2011/2/25	5.33	5.39	5.27	5.34	6793113	36203412
2011/2/24	5.3	5.39	5.21	5.37	11455766	60600992
2011/2/23	5.26	5.33	5.25	5.29	8155057	43102912
2011/2/22	5.54	5.54	5.26	5.27	12112577	65274916
2011/2/21	5.46	5.55	5.42	5.53	11233040	61920528
2011/2/18	5.43	5.52	5.41	5.46	8981193	49145884
2011/2/17	5.5	5.56	5.38	5.44	13675609	74440792
2011/2/16	5.46	5.5	5.41	5.5	11452368	62598892
2011/2/15	5.51	5.59	5.49	5.5	17912770	99186776
2011/2/14	5.51	5.57	5.39	5.54	23210369	127455152
2011/2/11	5.88	5.94	5.58	5.59	42531860	244471264
2011/2/10	5.41	5.6	5.25	5.6	19236170	106505688
2011/1/6	5.08	5.16	5.06	5.09	4467786	22843370
2011/1/5	5.08	5.14	5.05	5.1	6121312	31187354
2011/1/4	5.02	5.12	4.98	5.1	6474208	32762364
2010/12/31	4.92	5.02	4.92	5.02	4020422	20003126
2010/12/30	4.95	4.98	4.89	4.92	2454218	12095510
2010/12/29	4.89	4.95	4.87	4.95	2883900	14185566
2010/12/28	5	5	4.86	4.89	4570644	22500790
2010/12/27	5.21	5.27	5	5	6983266	35871552
2010/12/24	5.19	5.23	5.09	5.22	5908646	30503282
2010/12/23	5.31	5.39	5.15	5.19	8949766	46970804
2010/12/22	5.49	5.49	5.28	5.33	17552818	94722664
2010/12/21	5.17	5.42	5.13	5.41	17134859	91012160
2010/12/20	5.31	5.32	5.07	5.14	9181462	47583004
2010/12/17	5.39	5.4	5.27	5.3	7681017	40903144
2010/12/16	5.4	5.56	5.37	5.39	6226633	33775564
2010/12/15	5.35	5.53	5.26	5.45	16233953	87905648
2010/12/14	5.39	5.41	5.3	5.34	7298141	38998916
2010/12/13	5.2	5.39	5.2	5.34	7632612	40447888
2010/12/10	5.12	5.21	5.09	5.2	4481624	23101226
2010/12/9	5.3	5.33	5.12	5.13	7989555	41675796
2010/12/8	5.35	5.4	5.3	5.32	4785549	25603376
2010/12/7	5.39	5.4	5.25	5.39	6574847	35076568
2010/12/6	5.32	5.42	5.3	5.41	8173975	43918604
2010/12/3	5.35	5.37	5.25	5.3	6392434	33830288
2010/12/2	5.44	5.47	5.36	5.37	7580777	40888560
2010/12/1	5.33	5.44	5.31	5.39	8597427	46215688
2010/11/30	5.6	5.64	5.21	5.34	16808900	90660224
2010/11/29	5.63	5.68	5.52	5.59	10442977	58432428
2010/11/26	5.8	5.83	5.61	5.65	10662673	60854652
2010/11/25	5.74	5.85	5.67	5.73	14727184	84695752
2010/11/24	5.6	5.76	5.58	5.74	18333644	103713312
2010/11/23	6.01	6.01	5.59	5.64	24608436	141598480
2010/11/22	6.16	6.16	5.92	6.04	30872415	185781440
2010/11/19	6	6.24	5.96	6.17	46333423	283020480
2010/11/18	5.85	6.1	5.66	6.02	36550345	216753728
2010/11/17	5.68	6.1	5.68	5.78	27433242	161576912
2010/11/16	5.95	5.96	5.63	5.81	29502085	171732560
2010/11/15	5.55	6.06	5.48	6	42386873	247987712
2010/11/12	5.67	5.82	5.44	5.51	26547857	149381040
2010/11/11	5.5	5.95	5.5	5.7	46910009	271758176
2010/11/10	5.62	5.62	5.48	5.52	13929071	77122128
2010/11/9	5.56	5.68	5.52	5.63	21390046	120038792
2010/11/8	5.59	5.59	5.48	5.56	16275491	90137328
2010/11/5	5.48	5.55	5.43	5.5	14107267	77573168
2010/11/4	5.4	5.48	5.36	5.48	15514566	84054712
2010/11/3	5.55	5.59	5.4	5.43	12231766	66837312
2010/11/2	5.42	5.65	5.4	5.55	24708464	137031760
2010/11/1	5.39	5.45	5.34	5.4	12867153	69428696
2010/10/29	5.49	5.53	5.36	5.38	11196823	60689676
2010/10/28	5.46	5.64	5.39	5.5	19921965	109607736
2010/10/27	5.27	5.62	5.25	5.5	35408583	194438624
2010/10/26	5.35	5.35	5.25	5.28	11067879	58664316
2010/10/25	5.28	5.35	5.23	5.35	12426886	65786332
2010/10/22	5.26	5.33	5.23	5.28	8471237	44772020
2010/10/21	5.24	5.32	5.2	5.27	7147234	37548272
2010/10/20	5.21	5.3	5.18	5.23	8828746	46178544
2010/10/19	5.21	5.3	5.15	5.29	9748692	50995236
2010/10/18	5.29	5.3	5.13	5.22	12343021	64218116
2010/10/15	5.36	5.36	5.2	5.3	14554673	76814392
2010/10/14	5.44	5.55	5.37	5.4	18389308	100368288
2010/10/13	5.4	5.44	5.36	5.41	9069001	48895860
2010/10/12	5.39	5.47	5.34	5.41	8234590	44547416
2010/10/11	5.39	5.49	5.34	5.4	8643171	46719676
2010/10/8	5.27	5.4	5.25	5.37	6858525	36746796
2010/9/30	5.19	5.25	5.13	5.24	3334264	17401588
2010/9/29	5.23	5.25	5.11	5.18	4417552	22894500
2010/9/28	5.28	5.34	5.23	5.24	5229873	27669700
2010/9/27	5.22	5.31	5.17	5.29	5570530	29284224
2010/9/21	5.17	5.24	5.15	5.22	2748866	14284867
2010/9/20	5.18	5.26	5.11	5.16	4087442	21231062
2010/9/17	5.15	5.24	5.13	5.17	5291324	27393782
2010/9/16	5.3	5.36	5.11	5.15	7577559	39305716
2010/9/15	5.44	5.44	5.28	5.31	8083797	43230580
2010/9/14	5.5	5.5	5.4	5.44	6214072	33873144
2010/9/13	5.44	5.52	5.37	5.47	7167812	39227056
2010/9/10	5.41	5.46	5.28	5.42	8455383	45468392
2010/9/9	5.68	5.68	5.36	5.42	15999535	88000344
2010/9/8	5.66	5.66	5.57	5.64	7773592	43623752
2010/9/7	5.54	5.69	5.51	5.68	11814614	66203884
2010/9/6	5.67	5.68	5.49	5.54	10764016	59727896
2010/9/3	5.53	5.68	5.46	5.63	14027812	78409840
2010/9/2	5.46	5.57	5.44	5.54	9442450	52041428
2010/9/1	5.51	5.58	5.35	5.43	10828179	59214132
2010/8/31	5.6	5.67	5.4	5.51	12902099	71435232
2010/8/30	5.53	5.65	5.44	5.6	14698078	81803584
2010/8/27	5.47	5.56	5.31	5.55	14397596	78473512
2010/8/26	5.9	5.9	5.48	5.54	37911869	213445824
2010/8/25	5.74	5.92	5.68	5.79	27567800	159883328
2010/8/24	5.48	5.9	5.48	5.74	42855006	246215504
2010/8/23	5.46	5.64	5.4	5.49	19252936	105873792
2010/8/20	5.34	5.5	5.28	5.41	20566080	110741120
2010/8/19	5.21	5.45	5.21	5.35	24107529	129384128
2010/8/18	5.17	5.25	5.13	5.2	6429666	33335794
2010/8/17	5.2	5.21	5.11	5.18	12133264	62641208
2010/8/16	4.99	5.28	4.98	5.2	15029575	77716168
2010/8/13	4.95	5.02	4.88	5.02	8321271	41270024
2010/8/12	5.05	5.09	4.92	4.93	9312589	46598124
2010/8/11	5.05	5.13	4.99	5.1	8657756	43756832
2010/8/10	5.32	5.33	5.04	5.05	12410246	64184696
2010/8/9	5.22	5.34	5.18	5.3	12885215	68167504
2010/8/6	5.22	5.25	5.09	5.23	10386306	53848672
2010/8/5	5.21	5.29	5.14	5.22	9472049	49571280
2010/8/4	5.08	5.26	5.06	5.24	12437307	64309628
2010/8/3	5.3	5.35	5.12	5.13	13948448	72652688
2010/8/2	5.33	5.35	5.22	5.29	17041701	89991936
2010/7/30	5.25	5.39	5.14	5.32	19274066	101642936
2010/7/29	5.24	5.4	5.12	5.2	24671931	129196160
2010/7/28	5.04	5.3	4.97	5.2	28050180	144487280
2010/7/27	4.8	5.23	4.77	5.08	37730288	189566976
2010/7/23	4.82	4.82	4.7	4.76	7540237	35818216
2010/7/22	4.74	4.83	4.65	4.82	10795729	51446924
2010/7/21	4.73	4.79	4.69	4.73	9736502	46220660
2010/7/20	4.63	4.84	4.62	4.72	16216489	76734848
2010/7/19	4.5	4.69	4.47	4.64	9758716	44845252
2010/7/16	4.47	4.57	4.46	4.55	6853252	30951154
2010/7/15	4.75	4.98	4.6	4.62	13770362	65253752
2010/7/14	4.58	4.71	4.57	4.63	6985597	32450278
2010/7/13	4.6	4.72	4.6	4.61	7715768	35964904
2010/7/12	4.62	4.65	4.58	4.63	7328026	33794620
2010/7/9	4.5	4.7	4.43	4.65	11800150	54419796
2010/7/8	4.51	4.57	4.47	4.53	4922754	22236984
2010/7/7	4.42	4.52	4.4	4.5	4665875	20875368
2010/7/6	4.4	4.5	4.35	4.44	5544699	24654348
2010/7/5	4.4	4.44	4.32	4.38	4920650	21514280
2010/7/2	4.25	4.55	4.25	4.4	11064017	48880984
2010/7/1	4.21	4.32	4.21	4.24	3309297	14102594
2010/6/30	4.21	4.31	4.2	4.21	3301766	13992021
2010/6/29	4.57	4.59	4.31	4.31	6106938	26902082
2010/6/28	4.65	4.68	4.53	4.59	4265243	19561166
2010/6/25	4.85	4.86	4.5	4.65	8899271	41598252
2010/6/24	4.88	4.89	4.74	4.82	6110256	29430406
2010/6/23	4.89	4.99	4.79	4.83	14193461	69379856
2010/6/22	4.8	4.99	4.77	4.95	15091557	73934160
2010/6/21	4.73	4.88	4.55	4.85	13907244	65359536
2010/6/18	4.91	4.93	4.65	4.71	12504800	60154376
2010/6/17	4.89	4.96	4.84	4.91	14163987	69379064
2010/6/11	4.86	4.94	4.82	4.85	15662990	76506256
2010/6/10	4.7	4.85	4.66	4.84	12573801	60226048
2010/6/9	4.65	4.79	4.6	4.72	16238115	76323320
2010/6/8	4.49	4.63	4.49	4.6	9972808	45690264
2010/6/7	4.44	4.56	4.44	4.52	9147033	41261824
2010/6/4	4.42	4.58	4.41	4.52	10204599	46149828
2010/6/3	4.47	4.53	4.42	4.43	8188154	36746244
2010/6/2	4.35	4.49	4.33	4.47	6952365	30750640
2010/6/1	4.5	4.55	4.3	4.4	8981238	40002772
2010/5/31	4.59	4.67	4.46	4.51	11194337	51359612
2010/5/28	4.62	4.66	4.56	4.6	11011811	50747600
2010/5/27	4.53	4.59	4.46	4.57	11670771	52967668
2010/5/26	4.42	4.54	4.42	4.52	9287501	41811436
2010/5/25	4.41	4.6	4.39	4.5	12016107	53945420
2010/5/24	4.28	4.45	4.26	4.45	11463066	50355144
2010/5/21	4.1	4.29	4.08	4.25	9078141	38010124
2010/5/20	4.4	4.51	4.26	4.3	8628703	37805380
2010/5/19	4.48	4.56	4.36	4.47	7671834	34294124
2010/5/18	4.55	4.61	4.29	4.53	10400060	46363452
2010/5/17	4.97	5.02	4.55	4.56	11859840	56328792
2010/5/14	5.1	5.1	4.99	5.05	8353258	42058512
2010/5/13	5.1	5.18	5.02	5.14	17130086	87750672
2010/5/12	5	5.15	4.92	5.15	9476427	47795324
2010/5/11	5.12	5.29	4.98	5.07	15922539	81341296
2010/5/10	4.95	5.1	4.87	5.07	5816690	29164504
2010/5/7	4.86	5.02	4.81	4.98	5881129	29116520
2010/5/6	5.15	5.15	4.96	4.99	7239766	36578784
2010/5/5	5.1	5.2	4.89	5.18	13443711	67617976
2010/5/4	5.14	5.19	5.08	5.11	5762448	29617890
2010/4/30	5.3	5.37	5.08	5.21	9216911	47999284
2010/4/29	5.38	5.5	5.3	5.34	6209062	33743360
2010/4/28	5.3	5.49	5.27	5.41	7105539	38333392
2010/4/27	5.55	5.55	5.25	5.35	10053067	53774744
2010/4/26	5.5	5.63	5.5	5.56	7579561	42161072
2010/4/23	5.64	5.71	5.5	5.53	11672648	65152932
2010/4/22	5.78	5.78	5.65	5.67	12847865	73349496
2010/4/21	5.67	5.84	5.61	5.78	15657829	89889776
2010/4/19	5.78	5.79	5.58	5.61	12182625	69188224
2010/4/16	5.84	5.88	5.73	5.8	8841288	51405104
2010/4/15	5.93	5.95	5.78	5.88	13411359	78516816
2010/4/14	5.82	5.96	5.75	5.93	11673601	68759648
2010/4/13	5.97	6.08	5.66	5.87	17511327	103343304
2010/4/12	5.99	6.1	5.95	6.01	17290137	103928904
2010/4/9	5.93	6.02	5.93	5.98	11888839	71199384
2010/4/8	6.03	6.06	5.92	5.94	16457127	98283320
2010/4/7	6.11	6.13	6.02	6.06	11525077	70021864
2010/4/6	6.09	6.16	6.04	6.1	15451700	94201888
2010/4/2	6.12	6.14	6.03	6.06	17383094	105340328
2010/4/1	6.01	6.18	6	6.11	22650853	138248144
2010/3/31	6.06	6.15	5.95	6	24252958	146618544
2010/3/30	6.05	6.19	6.02	6.1	25630324	156732160
2010/3/29	6.43	6.43	6.05	6.12	83301916	516815072
2010/3/26	6.14	6.44	6.14	6.44	77698223	499043360
2010/3/25	5.96	6.08	5.81	5.85	46029949	273192896
2010/3/24	5.69	5.8	5.65	5.76	13266195	76249360
2010/3/23	5.84	5.87	5.71	5.72	10667579	61638612
2010/3/22	5.82	5.91	5.77	5.86	14523895	84677408
2010/3/19	5.79	5.92	5.71	5.88	21472102	125203600
2010/3/18	5.73	5.83	5.73	5.78	12176364	70228968
2010/3/17	5.58	5.84	5.57	5.76	22646520	130221120
2010/3/16	5.54	5.61	5.5	5.59	6226341	34570532
2010/3/15	5.63	5.66	5.5	5.56	7724333	42924524
2010/3/12	5.58	5.8	5.58	5.67	15369832	87541216
2010/3/11	5.71	5.71	5.5	5.59	10545082	59026804
2010/3/10	5.85	5.92	5.63	5.67	16149299	93307944
2010/3/9	5.68	5.86	5.6	5.79	19901947	114304184
2010/3/8	5.9	6.08	5.73	5.74	30101682	176805696
2010/3/5	5.58	5.79	5.5	5.74	21972196	124466960
2010/3/4	5.78	5.99	5.52	5.56	33763375	195112448
2010/3/3	5.63	5.78	5.58	5.72	18326044	104432784
2010/3/2	5.5	5.67	5.49	5.63	16427741	92085912
2010/3/1	5.46	5.67	5.46	5.57	17003486	95105512
2010/2/26	5.5	5.55	5.42	5.46	12335963	67585744
2010/2/25	5.45	5.57	5.41	5.52	17303796	95260920
2010/2/24	5.23	5.5	5.2	5.48	17718122	95435840
2010/2/23	5.29	5.3	5.15	5.26	8239484	43021368
2010/2/22	5.28	5.31	5.23	5.3	7849802	41437904
2010/2/12	5.26	5.28	5.22	5.26	4336900	22761376
2010/2/11	5.25	5.27	5.18	5.26	6898458	36013452
2010/2/10	5.3	5.3	5.19	5.25	7801491	40837216
2010/2/9	5.22	5.34	5.17	5.28	14303541	75428096
2010/2/8	5.19	5.27	5.15	5.22	7110690	37073388
2010/2/5	5.1	5.33	5.05	5.2	15076025	78750416
2010/2/4	5.1	5.24	5.03	5.2	14530970	75105096
2010/2/3	4.96	5.18	4.86	5.15	16923540	85283720
2010/2/2	4.99	5.08	4.92	4.93	9742048	48775004
2010/2/1	5.15	5.15	4.86	4.96	15919818	79292440
2010/1/29	5.21	5.27	5.12	5.17	15238745	79392552
2010/1/28	5.2	5.27	5.16	5.24	12926757	67395392
2010/1/27	5.22	5.32	5.14	5.19	17929806	93974760
2010/1/26	5.51	5.57	5.16	5.25	43976000	234778544
2010/1/25	6.15	6.15	5.6	5.6	78572470	462853600
2010/1/22	5.8	6.22	5.7	6.22	110584874	679205184
2010/1/21	5.56	5.68	5.49	5.65	9461388	52893180
2010/1/20	5.85	5.88	5.5	5.56	19058772	108624552
2010/1/19	5.82	5.9	5.76	5.85	21657499	126443224
2010/1/18	5.72	5.96	5.7	5.89	20184538	117680816
2010/1/15	5.72	5.77	5.66	5.72	11157478	63863152
2010/1/14	5.63	5.75	5.6	5.72	14843530	84659328
2010/1/13	5.59	5.69	5.53	5.59	14351232	80629960
2010/1/12	5.48	5.7	5.47	5.68	18365704	103544432
2010/1/11	5.52	5.55	5.4	5.48	7772388	42557796
2010/1/8	5.4	5.47	5.34	5.47	8084688	43796316
2010/1/7	5.62	5.62	5.4	5.44	11712196	64436500
2010/1/6	5.58	5.7	5.53	5.63	10750528	60494404
2010/1/5	5.61	5.62	5.45	5.59	12135556	67342168
2010/1/4	5.68	5.69	5.57	5.59	7733489	43468816
2009/12/31	5.62	5.67	5.56	5.66	9360308	52672248
2009/12/30	5.65	5.68	5.54	5.61	10015032	56133672
2009/12/29	5.68	5.71	5.54	5.64	10334508	58139980
2009/12/28	5.59	5.71	5.57	5.68	11113737	62951228
2009/12/25	5.57	5.62	5.51	5.57	9465515	52850920
2009/12/24	5.43	5.63	5.41	5.58	12411177	68858888
2009/12/23	5.38	5.47	5.35	5.43	6634444	35918876
2009/12/22	5.57	5.68	5.35	5.39	12001660	66010904
2009/12/21	5.43	5.59	5.42	5.58	8684821	47711392
2009/12/18	5.63	5.67	5.42	5.44	12671580	69979944
2009/12/17	5.95	6.02	5.67	5.69	19491594	113308336
2009/12/16	5.93	6.08	5.83	5.98	25228919	150979344
2009/12/15	5.9	6.02	5.85	5.92	24583500	146685392
2009/12/14	5.81	5.99	5.6	5.97	18412527	106245152
2009/12/11	6.05	6.07	5.8	5.83	21681236	129028512
2009/12/10	5.75	5.98	5.74	5.92	20531106	120634512
2009/12/9	5.9	5.9	5.7	5.73	17273331	100279064
2009/12/8	5.9	6	5.76	5.96	27521832	163274448
2009/12/7	5.76	5.94	5.71	5.9	18200027	106618552
2009/12/4	5.87	5.99	5.61	5.76	26535833	153933776
2009/12/3	5.95	6.05	5.82	5.92	28853343	171302464
2009/12/2	5.82	6.02	5.76	5.95	34529501	203122240
2009/12/1	5.54	5.85	5.51	5.82	19324985	109719048
2009/11/30	5.38	5.57	5.35	5.55	15027705	82233680
2009/11/27	5.55	5.63	5.3	5.34	16227126	88754296
2009/11/26	5.7	5.89	5.59	5.63	30010240	172384512
2009/11/25	5.45	5.75	5.4	5.72	22744568	126957952
2009/11/24	5.81	5.94	5.43	5.48	38371814	221433408
2009/11/23	5.7	5.94	5.65	5.86	31923135	185312176
2009/11/20	5.73	5.87	5.62	5.75	25515570	147156960
2009/11/19	5.59	5.89	5.53	5.73	28670365	162551968
2009/11/18	5.49	5.6	5.46	5.58	17829141	98667072
2009/11/17	5.5	5.64	5.44	5.52	29958210	166229200
2009/11/16	5.35	5.54	5.35	5.49	21394841	116756328
2009/11/13	5.3	5.38	5.18	5.35	13717287	72577024
2009/11/12	5.36	5.51	5.32	5.34	19270468	104316368
2009/11/11	5.27	5.38	5.23	5.36	13997032	74498752
2009/11/10	5.3	5.47	5.2	5.35	27119359	144593552
2009/11/9	5.2	5.3	5.16	5.28	13426647	70431680
2009/11/6	5.21	5.31	5.17	5.2	15902287	83185328
2009/11/5	5.1	5.29	5.08	5.21	22481868	116956432
2009/11/4	5.01	5.15	4.99	5.12	14297106	72720192
2009/11/3	4.92	5.05	4.89	5.03	10437145	52115888
2009/11/2	4.79	4.95	4.71	4.93	8500454	41151284
2009/10/30	4.88	4.93	4.82	4.85	5987162	29201272
2009/10/29	4.85	4.87	4.79	4.82	5490907	26519622
2009/10/28	4.9	4.94	4.8	4.92	6349991	30973484
2009/10/27	5.08	5.1	4.86	4.9	10549595	52518380
2009/10/26	5.13	5.18	5.08	5.11	7882905	40329996
2009/10/23	5.06	5.15	5.06	5.12	11340547	58011624
2009/10/22	5.07	5.1	5.02	5.08	9503921	48099268
2009/10/21	5.1	5.15	5.04	5.07	12369468	62922100
2009/10/20	5	5.4	5	5.16	24775627	128464392
2009/10/19	4.93	5.02	4.87	5	11103333	55001772
2009/10/16	4.92	4.95	4.83	4.93	6568922	32095938
2009/10/15	4.96	4.99	4.88	4.93	7456392	36793660
2009/10/14	4.87	4.95	4.85	4.92	11618111	57123640
2009/10/13	4.82	4.88	4.74	4.85	9653315	46413792
2009/10/12	4.95	4.95	4.83	4.86	8668772	42386840
2009/10/9	4.75	5.04	4.71	4.95	10826807	52902372
2009/9/30	4.71	4.78	4.66	4.67	7783780	36738308
2009/9/29	4.88	4.96	4.58	4.68	17036760	80222320
2009/9/28	5.34	5.34	4.97	4.98	25834371	133183448
2009/9/25	5.24	5.7	5.13	5.52	57388654	311988000
2009/9/24	5.06	5.24	5.02	5.19	17859467	91832240
2009/9/23	5.25	5.29	4.99	5.09	24069926	123617048
2009/9/22	5.07	5.28	5.02	5.23	26687308	138082656
2009/9/21	5	5.08	4.85	5.06	10644827	53193428
2009/9/18	5.15	5.18	4.95	4.97	14409103	73397680
2009/9/17	5	5.15	5	5.12	14322850	73061072
2009/9/16	5.02	5.04	4.93	4.99	7892209	39324236
2009/9/15	5.02	5.05	4.95	5	9938543	49707240
2009/9/14	4.9	5.07	4.89	5	14115438	70451640
2009/9/11	4.79	4.93	4.79	4.91	8770805	42864440
2009/9/10	4.83	4.89	4.79	4.82	7372907	35724544
2009/9/9	4.9	4.94	4.82	4.91	13384797	65470696
2009/9/8	4.78	4.9	4.71	4.89	9654105	46495972
2009/9/7	4.78	4.84	4.75	4.79	8731734	41879660
2009/9/4	4.7	4.86	4.67	4.8	10961138	52197820
2009/9/3	4.57	4.76	4.52	4.73	8157351	38033364
2009/9/2	4.52	4.62	4.48	4.56	4916899	22342270
2009/9/1	4.5	4.69	4.5	4.56	6463777	29755226
2009/8/31	4.84	4.84	4.56	4.57	9647845	44978240
2009/8/28	5.11	5.15	4.92	4.94	10344999	51574948
2009/8/27	5.11	5.23	5.02	5.14	18686678	95787488
2009/8/26	4.88	5.14	4.84	5.11	13886437	69958504
2009/8/25	4.99	4.99	4.75	4.88	11406485	55336388
2009/8/24	4.95	5.08	4.9	4.99	11366864	56974112
2009/8/21	4.82	4.98	4.75	4.93	12948451	63111384
2009/8/20	4.65	4.86	4.62	4.82	8162582	38737316
2009/8/19	5.09	5.1	4.58	4.66	9501437	46141700
2009/8/18	4.93	5.09	4.92	5.07	7330521	36806140
2009/8/17	5.31	5.38	4.93	5	11433912	59177424
2009/8/14	5.74	5.76	5.32	5.37	16121224	88756528
2009/8/13	5.72	5.83	5.6	5.77	12264795	70490936
2009/8/12	6.04	6.08	5.67	5.74	14330479	83960664
2009/8/11	6.08	6.11	5.98	6.06	13316888	80483368
2009/8/10	5.93	6.05	5.86	6.04	18357970	109924864
2009/8/7	5.97	6.09	5.81	5.88	16720366	99980528
2009/8/6	6.1	6.11	5.92	5.96	19961842	120020496
2009/8/5	6.08	6.26	6.04	6.16	27135623	167152464
2009/8/4	6.1	6.16	5.89	6.08	22864702	137475776
2009/8/3	5.94	6.2	5.9	6.11	24612972	149617104
2009/7/31	5.81	5.96	5.76	5.92	17463857	102414824
2009/7/30	5.71	5.84	5.6	5.81	18703301	107157208
2009/7/29	6.17	6.26	5.58	5.66	32192120	190510064
2009/7/28	6.2	6.39	6.11	6.2	28850008	180396224
2009/7/27	6.07	6.28	5.98	6.2	32818982	201774512
2009/7/24	6.06	6.28	5.9	6.06	33581652	204964480
2009/7/23	6.02	6.14	5.96	6.04	33081388	200049248
2009/7/22	5.7	6	5.7	6	37822340	222967344
2009/7/21	5.92	5.95	5.68	5.69	22638401	131356024
2009/7/20	5.7	5.97	5.69	5.89	35686262	209817280
2009/7/17	5.59	5.78	5.59	5.69	20219456	115125368
2009/7/16	5.73	5.75	5.56	5.58	18557083	104478224
2009/7/15	5.63	5.83	5.61	5.69	26059488	149270944
2009/7/14	5.52	5.69	5.52	5.62	18254349	102162712
2009/7/13	5.45	5.57	5.44	5.52	13535086	74771712
2009/7/10	5.54	5.57	5.49	5.5	16285368	90063440
2009/7/9	5.47	5.53	5.4	5.53	16146849	88187104
2009/7/8	5.4	5.47	5.37	5.45	10018617	54431220
2009/7/7	5.36	5.47	5.34	5.41	16798312	91156616
2009/7/6	5.35	5.4	5.27	5.36	14164705	75474392
2009/7/3	5.3	5.39	5.28	5.35	13574698	72529864
2009/7/2	5.32	5.37	5.24	5.35	18279595	96763656
2009/7/1	5.3	5.37	5.3	5.33	7742512	41245448
2009/6/30	5.4	5.43	5.28	5.33	13493523	72080128
2009/6/29	5.44	5.47	5.38	5.4	12895305	69760672
2009/6/26	5.48	5.51	5.42	5.44	9263600	50498488
2009/6/25	5.52	5.58	5.46	5.48	10208945	56286184
2009/6/24	5.47	5.55	5.46	5.52	10818377	59630060
2009/6/23	5.5	5.55	5.43	5.48	8491127	46522964
2009/6/22	5.5	5.64	5.5	5.54	14991796	83506424
2009/6/19	5.47	5.53	5.41	5.49	11151180	61052148
2009/6/18	5.5	5.55	5.45	5.47	11127052	61078144
2009/6/17	5.44	5.53	5.43	5.49	6684782	36612408
2009/6/16	5.51	5.51	5.41	5.46	7526707	41082232
2009/6/15	5.45	5.51	5.42	5.51	6209870	33942064
2009/6/12	5.62	5.67	5.42	5.47	11234846	62214284
2009/6/11	5.67	5.84	5.61	5.69	25491615	145924608
2009/6/8	5.56	5.59	5.46	5.53	9213110	50823392
2009/6/5	5.64	5.66	5.55	5.57	11303271	63106020
2009/6/4	5.69	5.75	5.52	5.59	12506263	70204064
2009/6/3	5.66	5.78	5.65	5.7	14845052	84516528
2009/6/2	5.54	5.85	5.51	5.7	24156122	137785456
2009/6/1	5.53	5.58	5.48	5.52	10405757	57540104
2009/5/27	5.45	5.5	5.38	5.44	7191124	39094632
2009/5/26	5.5	5.53	5.41	5.43	8752890	47970452
2009/5/25	5.38	5.52	5.3	5.48	8754502	47334732
2009/5/22	5.47	5.6	5.47	5.55	7265028	40256740
2009/5/21	5.71	5.77	5.51	5.52	14243200	79985968
2009/5/20	5.83	5.86	5.7	5.74	14757400	85010064
2009/5/19	5.78	5.95	5.77	5.82	31277900	183007616
2009/5/18	5.59	5.78	5.46	5.77	16576800	92837600
2009/5/15	5.62	5.69	5.51	5.6	11024400	61774716
2009/5/14	5.52	5.67	5.51	5.58	9834800	54948304
2009/5/13	5.6	5.71	5.53	5.63	11798400	66416376
2009/5/12	5.5	5.65	5.44	5.63	12419100	68881928
2009/5/11	5.95	5.99	5.5	5.5	23402700	133668016
2009/5/8	5.82	6.02	5.73	5.91	23246600	136933968
2009/5/7	6.01	6.05	5.68	5.84	24224300	141999696
2009/5/6	5.79	6.07	5.73	5.98	31112200	184845312
2009/5/5	5.8	5.86	5.71	5.8	22380300	129296512
2009/5/4	5.56	5.88	5.52	5.84	39948000	228606064
2009/4/30	5.48	5.65	5.33	5.55	27498600	151220576
2009/4/29	5.55	5.7	5.39	5.51	28662500	158503856
2009/4/28	5.52	5.65	5.44	5.55	26951300	148964672
2009/4/27	5.52	5.62	5.24	5.5	23437900	128031096
2009/4/24	5.79	5.79	5.51	5.6	28034600	158789632
2009/4/23	5.34	5.73	5.28	5.72	36463100	202580032
2009/4/22	5.6	5.69	5.15	5.47	21291000	116801272
2009/4/21	5.58	5.75	5.41	5.57	19657900	110062760
2009/4/20	5.39	5.76	5.34	5.67	22410600	124535528
2009/4/16	5.6	5.75	5.54	5.56	38604800	217612704
2009/4/15	5.33	5.59	5.21	5.52	22673100	121647432
2009/4/14	5.34	5.43	5.29	5.36	16355800	87746120
2009/4/13	5.21	5.49	5.2	5.35	30847800	165867408
2009/4/10	5.12	5.21	5.07	5.19	13149200	67777568
2009/4/9	5	5.11	4.98	5.1	7996600	40354148
2009/4/8	5.21	5.22	5	5	11985600	61139584
2009/4/7	5.19	5.27	5.13	5.22	8569900	44453328
2009/4/3	5.39	5.42	5.15	5.19	14652700	76888728
2009/4/2	5.44	5.5	5.35	5.36	21637200	117500560
2009/4/1	5.3	5.5	5.24	5.44	29043300	156315216
2009/3/31	5.1	5.34	5.03	5.3	15793700	82007032
2009/3/30	5.17	5.24	5.06	5.21	14192700	73349240
2009/3/27	5.19	5.24	5.11	5.15	15233400	78511816
2009/3/26	4.96	5.18	4.96	5.16	17428800	88954912
2009/3/25	5.12	5.14	4.92	4.93	12440200	62818660
2009/3/24	5.19	5.21	5.09	5.15	13878000	71361880
2009/3/23	5	5.16	4.98	5.12	13573000	69030664
2009/3/20	5.08	5.09	4.92	4.96	12009400	60022340
2009/3/19	4.91	5.1	4.91	5.07	12541300	62788912
2009/3/18	4.86	5.02	4.84	4.91	12829100	63489668
2009/3/17	4.68	4.88	4.65	4.85	8528400	40836244
2009/3/16	4.63	4.7	4.57	4.67	5582900	25875106
2009/3/13	4.78	4.83	4.66	4.67	5123900	24368070
2009/3/12	4.75	4.82	4.57	4.75	5485300	25782860
2009/3/11	4.92	4.98	4.75	4.75	8477000	41126856
2009/3/10	4.52	4.92	4.52	4.88	8606300	40721680
2009/3/9	4.88	4.99	4.59	4.6	8709100	41690092
2009/3/6	4.8	4.97	4.75	4.89	10376500	50704156
2009/3/5	5.01	5.03	4.78	4.89	18006500	88364160
2009/3/4	4.62	4.96	4.57	4.96	15852000	76006184
2009/3/3	4.49	4.68	4.44	4.59	8562500	39335768
2009/3/2	4.49	4.64	4.38	4.59	7158300	32648552
2009/2/27	4.89	4.9	4.39	4.5	11858400	54753864
2009/2/26	5.34	5.4	4.77	4.87	14210500	73486688
2009/2/25	5.35	5.43	5.09	5.3	14342700	75762520
2009/2/24	5.5	5.6	5.2	5.23	19859600	106822200
2009/2/23	5.41	5.65	5.3	5.6	16231800	89222640
2009/2/20	5.25	5.48	5.22	5.45	13896600	74368760
2009/2/19	5.23	5.37	5.11	5.21	14568600	76210784
2009/2/18	5.48	5.57	5.18	5.21	22969500	123605384
2009/2/17	5.84	6.17	5.65	5.66	37275800	221254448
2009/2/16	5.67	5.77	5.53	5.74	24564500	138395824
2009/2/13	5.45	5.8	5.33	5.66	29052100	160985776
2009/2/12	5.3	5.48	5.17	5.42	30045300	160694176
2009/2/11	5.12	5.4	5.09	5.15	24704700	129784832
2009/2/10	5.1	5.29	5	5.27	20367800	104194680
2009/2/9	5.05	5.2	4.97	5.13	23527000	119868112
2009/2/6	4.72	5.02	4.72	4.95	20044800	98133376
2009/2/5	4.89	4.91	4.67	4.71	15051700	72322104
2009/2/4	4.8	4.87	4.71	4.86	18796600	90091080
2009/2/3	4.69	4.8	4.64	4.8	14849600	70317176
2009/2/2	4.6	4.73	4.53	4.68	12757900	59456704
2009/1/23	4.49	4.61	4.47	4.53	10509600	47968176
2009/1/22	4.45	4.54	4.42	4.51	7710700	34574052
2009/1/21	4.47	4.52	4.4	4.42	7293100	32467318
2009/1/20	4.5	4.58	4.45	4.54	9262500	41929224
2009/1/19	4.52	4.56	4.43	4.47	15526000	69557248
2009/1/16	4.48	4.68	4.45	4.56	13781800	63106752
2009/1/15	4.43	4.52	4.39	4.45	9848100	43998328
2009/1/14	4.24	4.43	4.24	4.42	5373100	23476938
2009/1/13	4.37	4.45	4.26	4.28	6405800	27923120
2009/1/12	4.41	4.51	4.33	4.45	8115000	36079744
2009/1/9	4.36	4.46	4.33	4.44	7158100	31508230
2009/1/8	4.42	4.48	4.26	4.36	9782900	42782496
2009/1/7	4.51	4.67	4.38	4.55	14889400	67298136
2009/1/6	4.31	4.55	4.25	4.51	12693000	56048932
2009/1/5	4.2	4.32	4.17	4.3	7936400	33676656

:						
000520   						
      	    	    	    	    	    	    