2019/9/23	5.05	5.14	4.97	5.12	9333559	47096508
2019/9/20	5.12	5.15	5.05	5.09	7794558	39718860
2019/9/19	5.12	5.2	4.97	5.14	14415260	72976824
2019/9/18	5.32	5.42	5.18	5.19	15787108	82925928
2019/9/17	5.3	5.59	5.3	5.41	24193695	132278096
2019/9/16	5.39	5.39	5.3	5.35	10059020	53665288
2019/9/12	5.36	5.42	5.32	5.34	10020220	53730592
2019/9/11	5.46	5.52	5.28	5.31	17747192	95816448
2019/9/10	5.67	5.67	5.46	5.48	19338292	107376680
2019/9/9	5.63	5.65	5.1	5.56	22782882	125116432
2019/9/6	5.56	5.81	5.5	5.59	26569703	150033104
2019/9/5	5.69	5.85	5.61	5.62	35364315	202089904
2019/9/4	5.66	5.97	5.56	5.77	43385696	248680336
2019/9/3	6.06	6.49	5.9	5.91	66442532	407701184
2019/9/2	5.47	6.19	5.21	6.19	61781437	353802688
2019/8/30	6.1	6.28	5.63	5.63	62935303	373014336
2019/8/29	5.84	6.25	5.45	6.25	78758278	468168160
2019/8/28	5.24	5.68	5.2	5.68	57708523	310829536
2019/8/27	5	5.4	4.97	5.16	45803510	236740320
2019/8/26	4.92	5.32	4.92	5.1	46789781	237438128
2019/8/23	5.58	5.64	5.32	5.32	66147363	357381728
2019/8/22	5.95	5.95	5.6	5.91	91379022	536216896
2019/8/21	5.41	5.41	5.41	5.41	5600399	30298158
2019/8/20	4.8	4.92	4.62	4.92	19134073	92634064
2019/8/19	4.47	4.47	4.44	4.47	9261751	41397316
2019/8/16	3.94	4.22	3.94	4.06	6057598	24721622
2019/8/15	3.81	3.96	3.8	3.96	2393666	9320989
2019/8/14	3.98	4.01	3.95	3.95	1814116	7220275
2019/8/13	3.97	4	3.93	3.95	2573200	10178757
2019/8/12	3.88	3.98	3.81	3.97	2595722	10188100
2019/8/9	3.91	3.95	3.85	3.86	1801008	7007938
2019/8/8	3.92	3.94	3.89	3.9	2637985	10323460
2019/8/7	3.95	3.98	3.89	3.9	2823345	11096525
2019/8/6	4.04	4.04	3.81	3.96	4355500	17086348
2019/8/5	4.2	4.24	4.1	4.11	2251276	9371985
2019/8/2	4.22	4.26	4.15	4.21	2426900	10182081
2019/8/1	4.25	4.32	4.24	4.28	1670600	7145761
2019/7/31	4.34	4.36	4.24	4.29	2417000	10357218
2019/7/30	4.31	4.37	4.3	4.36	1985151	8618445
2019/7/29	4.41	4.43	4.3	4.34	3893100	16954474
2019/7/26	4.41	4.53	4.41	4.44	4295291	19165570
2019/7/25	4.45	4.47	4.38	4.45	5326909	23535938
2019/7/24	4.29	4.5	4.29	4.5	6699860	29746158
2019/7/23	4.21	4.51	4.21	4.31	4168081	18020326
2019/7/22	4.41	4.41	4.18	4.22	5761859	24608100
2019/7/19	4.29	4.72	4.29	4.43	8190784	36865448
2019/7/18	4.37	4.4	4.27	4.29	2192700	9467828
2019/7/17	4.39	4.48	4.37	4.4	2476100	10953354
2019/7/16	4.37	4.42	4.34	4.4	1695800	7447241
2019/7/15	4.29	4.42	4.25	4.37	2540400	11040648
2019/7/12	4.21	4.34	4.21	4.32	1616963	6955281.5
2019/7/11	4.3	4.36	4.24	4.26	1396312	5998341
2019/7/10	4.34	4.34	4.28	4.29	1268900	5464667
2019/7/9	4.35	4.35	4.27	4.34	2095691	9025956
2019/7/8	4.46	4.59	4.28	4.36	5013289	22056220
2019/7/5	4.53	4.53	4.45	4.5	1884700	8474925
2019/7/4	4.5	4.57	4.49	4.53	2382592	10768267
2019/7/3	4.61	4.61	4.49	4.51	2760726	12497010
2019/7/2	4.58	4.62	4.55	4.61	3281288	15038064
2019/7/1	4.51	4.65	4.51	4.61	5789275	26576738
2019/6/28	4.52	4.53	4.42	4.47	2681780	11967525
2019/6/27	4.64	4.64	4.51	4.52	3321226	15185136
2019/6/26	4.54	4.57	4.48	4.53	3185500	14432649
2019/6/25	4.65	4.67	4.49	4.56	5695492	25990698
2019/6/24	4.62	4.68	4.52	4.68	6231900	28771242
2019/6/21	4.69	4.74	4.6	4.62	7388430	34275260
2019/6/20	4.44	4.58	4.43	4.53	4745692	21527776
2019/6/19	4.56	4.62	4.46	4.48	4923092	22320734
2019/6/18	4.47	4.53	4.44	4.48	3381700	15159076
2019/6/17	4.46	4.55	4.42	4.51	5652822	25381880
2019/6/14	4.61	4.64	4.47	4.47	8891526	40589976
2019/6/13	4.6	4.75	4.52	4.56	16600517	76459416
2019/6/12	4.31	4.75	4.31	4.75	13143264	62306044
2019/6/11	4.16	4.33	4.15	4.32	4170600	17804112
2019/6/10	4.14	4.18	4.07	4.17	3026776	12536993
2019/6/6	4.31	4.31	4.05	4.07	5398173	22404502
2019/6/5	4.31	4.37	4.27	4.3	3233679	13955659
2019/6/4	4.36	4.43	4.21	4.27	4217088	18106316
2019/6/3	4.36	4.5	4.34	4.39	4022187	17658700
2019/5/31	4.48	4.55	4.38	4.43	4942015	22039072
2019/5/30	4.54	4.55	4.44	4.51	6165479	27654408
2019/5/29	4.51	4.62	4.47	4.6	8397870	38171580
2019/5/28	4.54	4.76	4.48	4.6	16455348	76157344
2019/5/27	4.3	4.65	4.23	4.65	11756398	53653692
2019/5/24	4.18	4.28	4.18	4.23	2789835	11812168
2019/5/23	4.35	4.42	4.18	4.21	3538383	15164157
2019/5/22	4.42	4.46	4.3	4.35	2942413	12879504
2019/5/21	4.27	4.44	4.26	4.39	3780100	16568397
2019/5/20	4.34	4.37	4.1	4.28	3516779	14882227
2019/5/17	4.62	4.64	4.28	4.34	5585921	24966302
2019/5/16	4.55	4.66	4.51	4.61	3547716	16310071
2019/5/15	4.47	4.57	4.46	4.55	3869892	17531918
2019/5/14	4.44	4.56	4.43	4.45	3729629	16696696
2019/5/13	4.49	4.57	4.45	4.52	4396768	19855738
2019/5/10	4.38	4.53	4.31	4.5	5938758	26430674
2019/5/9	4.39	4.45	4.34	4.35	3144476	13833831
2019/5/8	4.38	4.47	4.33	4.4	3283776	14463627
2019/5/7	4.39	4.53	4.36	4.43	3915901	17383300
2019/5/6	4.51	4.68	4.34	4.35	6501500	29139872
2019/4/30	4.66	4.8	4.6	4.74	3846680	18170436
2019/4/29	4.88	4.93	4.46	4.64	5821084	27534558
2019/4/26	4.89	5	4.84	4.88	4147497	20336964
2019/4/25	5.23	5.23	4.9	4.91	8568835	43434216
2019/4/24	5.22	5.29	5.14	5.24	6949130	36214328
2019/4/23	5.46	5.49	5.18	5.23	12609670	67194456
2019/4/22	5.37	5.56	5.33	5.53	17058791	93451608
2019/4/19	5.36	5.5	5.23	5.42	10076355	54055608
2019/4/18	5.4	5.43	5.32	5.36	7316437	39374140
2019/4/17	5.35	5.44	5.33	5.39	7945480	42895408
2019/4/16	5.27	5.41	5.2	5.37	8882235	46995900
2019/4/15	5.4	5.54	5.29	5.29	9317100	50721108
2019/4/12	5.43	5.47	5.29	5.39	11249448	60350112
2019/4/11	5.47	5.88	5.45	5.48	18556123	103683760
2019/4/10	5.44	5.56	5.38	5.48	9644533	52815304
2019/4/9	5.46	5.52	5.38	5.46	10599901	57794392
2019/4/8	5.58	5.62	5.36	5.48	11266261	61803104
2019/4/4	5.65	5.66	5.48	5.57	11970588	66490516
2019/4/3	5.5	5.67	5.41	5.63	16412875	91512120
2019/4/2	5.51	5.62	5.46	5.47	12645021	69811552
2019/4/1	5.38	5.56	5.38	5.5	13861869	76053872
2019/3/29	5.25	5.42	5.23	5.38	11416190	61011104
2019/3/28	5.26	5.42	5.21	5.24	9697692	51699528
2019/3/27	5.5	5.52	5.22	5.33	10877254	58195020
2019/3/26	5.81	5.84	5.4	5.43	25231738	141352608
2019/3/25	5.47	6.22	5.4	5.92	36240446	213306176
2019/3/22	5.58	5.68	5.47	5.65	15957539	89047936
2019/3/21	5.5	5.75	5.48	5.6	21287524	119941936
2019/3/20	5.43	5.59	5.34	5.54	16583633	90832184
2019/3/19	5.49	5.5	5.38	5.4	13999730	76151840
2019/3/18	5.44	5.6	5.4	5.55	23965106	131526808
2019/3/15	5.28	5.71	5.23	5.56	35863145	199585760
2019/3/14	5.38	5.46	5.05	5.19	18077162	94071968
2019/3/13	5.69	5.7	5.35	5.44	31479328	174313808
2019/3/12	5.68	5.87	5.47	5.74	47758373	275991328
2019/3/11	4.96	5.34	4.91	5.34	9771589	50910740
2019/3/8	5.15	5.19	4.83	4.85	15028136	76081368
2019/3/7	5.22	5.41	5.14	5.25	16685304	88101680
2019/3/6	5.11	5.24	5	5.23	17297422	89158368
2019/3/5	4.99	5.13	4.93	5.13	15134953	76555224
2019/3/4	4.94	5.07	4.91	4.97	13515967	67514976
2019/3/1	5.02	5.05	4.84	4.93	10117139	49795300
2019/2/28	4.99	5.08	4.92	5.05	12499759	62579112
2019/2/27	5	5.15	4.9	5.02	15004836	75217096
2019/2/26	4.95	5.17	4.8	4.9	17488768	87148144
2019/2/25	4.71	4.97	4.7	4.91	18131543	87768968
2019/2/22	4.59	4.76	4.59	4.71	11008300	51653312
2019/2/21	4.61	4.73	4.55	4.59	12234600	56795000
2019/2/20	4.65	4.68	4.53	4.62	11989700	55274000
2019/2/19	4.9	5.02	4.64	4.74	22596300	108824000
2019/2/18	4.65	4.74	4.56	4.68	13126900	60944000
2019/2/15	4.46	4.62	4.42	4.56	10961600	49624000
2019/2/14	4.39	4.52	4.34	4.46	6788800	30186000
2019/2/13	4.35	4.49	4.29	4.42	6777100	29786000
2019/2/12	4.28	4.44	4.24	4.34	5367000	23290000
2019/2/11	4.18	4.29	4.17	4.27	3955800	16751000
2019/2/1	4.04	4.19	4.04	4.17	2831500	11699000
2019/1/31	4.18	4.25	3.92	4.04	6479300	26530000
2019/1/30	4.44	4.44	4.2	4.21	4020700	17351000
2019/1/29	4.41	4.48	4.28	4.37	3922100	17175000
2019/1/28	4.59	4.62	4.42	4.43	5415500	24433000
2019/1/25	4.6	4.71	4.57	4.59	4752300	22070000
2019/1/24	4.65	4.66	4.59	4.62	3403300	15737000
2019/1/23	4.59	4.67	4.59	4.65	3682300	17092000
2019/1/22	4.73	4.74	4.57	4.59	5004600	23190000
2019/1/21	4.71	4.78	4.65	4.73	4090700	19299000
2019/1/18	4.71	4.75	4.62	4.68	5002000	23400000
2019/1/17	4.81	4.81	4.69	4.69	6753100	31935000
2019/1/16	4.84	4.89	4.76	4.82	8366100	40382000
2019/1/15	4.78	4.84	4.69	4.83	6919400	33053000
2019/1/14	4.84	4.9	4.75	4.79	7685300	37045000
2019/1/11	4.72	4.87	4.68	4.83	11722900	56370000
2019/1/10	4.79	4.85	4.65	4.67	9006000	42705000
2019/1/9	4.73	5.01	4.71	4.81	14960500	72225000
2019/1/8	4.68	4.79	4.63	4.76	8818100	41607000
2019/1/7	4.74	4.84	4.69	4.71	12801000	60850000
2019/1/4	4.43	4.7	4.4	4.66	11052900	50729000
2019/1/3	4.49	4.6	4.45	4.58	8444100	38339000
2019/1/2	4.39	4.7	4.36	4.49	8954200	40555000
2018/12/28	4.37	4.44	4.33	4.36	5848800	25652000
2018/12/27	4.63	4.65	4.35	4.35	7689300	34628000
2018/12/26	4.6	4.64	4.51	4.51	6563900	30007000
2018/12/25	4.69	4.71	4.42	4.6	10090300	46080000
2018/12/24	4.77	4.83	4.73	4.79	8679100	41412000
2018/12/21	4.8	4.92	4.7	4.85	13425200	64726000
2018/12/20	4.77	4.82	4.72	4.79	8447000	40295000
2018/12/19	4.82	4.86	4.72	4.77	10420000	49969000
2018/12/18	5.12	5.12	4.69	4.81	20684500	101018000
2018/12/17	5.13	5.22	5.02	5.17	15510500	79345000
2018/12/14	5.37	5.48	5.04	5.15	22565800	118162000
2018/12/13	5.34	5.41	5.25	5.39	13454800	71826000
2018/12/12	5.47	5.56	5.37	5.38	22252800	121008000
2018/12/11	5.22	5.55	5.16	5.48	31547400	169779008
2018/12/10	5.23	5.38	5.11	5.27	17158400	89749000
2018/12/7	5.34	5.6	5.19	5.27	28981000	156407008
2018/12/6	5.3	5.5	5.18	5.34	27151300	145484992
2018/12/5	5.07	5.68	5.07	5.32	33353300	177796000
2018/12/4	5.13	5.4	4.97	5.29	38304500	197042000
2018/12/3	4.77	5.12	4.66	5.12	18448000	91513000
2018/11/30	4.55	4.65	4.5	4.65	6884000	31540000
2018/11/29	4.72	4.78	4.54	4.57	8667600	40568000
2018/11/28	4.65	4.72	4.5	4.69	9074500	41905000
2018/11/27	4.6	4.66	4.57	4.62	8332100	38489000
2018/11/26	4.46	4.64	4.46	4.56	6779600	30959000
2018/11/23	4.84	4.85	4.5	4.53	12734100	59206000
2018/11/22	4.9	4.96	4.8	4.84	8921900	43414000
2018/11/21	4.71	4.89	4.66	4.89	13598900	65443000
2018/11/20	5	5.01	4.73	4.74	16175000	77988000
2018/11/19	4.99	5.23	4.95	5	21295500	107595000
2018/11/16	4.88	5.05	4.81	4.96	22696200	112483000
2018/11/15	4.84	5.02	4.75	4.87	20918900	101909000
2018/11/14	5.2	5.23	4.81	4.84	34840700	173080000
2018/11/13	4.53	5.05	4.51	5.05	25260700	120040000
2018/11/12	4.37	4.61	4.31	4.59	16788400	75521000
2018/11/9	4.46	4.52	4.35	4.39	13715700	60614000
2018/11/8	4.38	4.75	4.37	4.5	27421300	124408000
2018/11/7	4.43	4.47	4.35	4.36	13033200	57354000
2018/11/6	4.33	4.51	4.28	4.48	17035400	74535000
2018/11/5	4.44	4.53	4.28	4.38	17381800	76389000
2018/11/2	4.39	4.49	4.36	4.41	15647700	69083000
2018/11/1	4.32	4.43	4.3	4.43	13655900	59466000
2018/10/31	4.14	4.39	4.13	4.33	15077700	64837000
2018/10/30	4.11	4.23	4.04	4.17	9764800	40430000
2018/10/29	4.28	4.28	4.02	4.07	11516800	47711000
2018/10/26	4.29	4.5	4.23	4.32	16297900	70542000
2018/10/25	4.2	4.31	4.15	4.26	15745000	66638000
2018/10/24	4.27	4.54	4.12	4.4	29966200	129200000
2018/10/23	4.09	4.54	4	4.38	39924000	177048000
2018/10/22	3.92	4.2	3.92	4.13	16299300	66260000
2018/10/19	3.7	3.88	3.62	3.87	9880200	37433000
2018/10/18	3.86	4.11	3.68	3.81	14688800	56603000
2018/10/17	4.28	4.28	3.77	3.96	19133700	76348000
2018/10/16	4.14	4.28	4.12	4.19	14178800	59367000
2018/10/15	4.45	4.54	4.11	4.13	19097700	82292000
2018/10/12	4	4.35	3.95	4.27	21406300	89527000
2018/10/11	4.35	4.45	4.08	4.08	20545100	86738000
2018/10/10	4.59	4.77	4.44	4.53	24700600	112298000
2018/10/9	4.75	4.94	4.54	4.7	28158400	133549000
2018/10/8	4.6	5.06	4.52	4.68	47030200	226050000
2018/9/28	4.22	4.66	4.21	4.66	22548600	101054000
2018/9/27	4.18	4.57	4.16	4.24	26165000	112697000
2018/9/26	4.2	4.24	4.11	4.21	18655400	78040000
2018/9/25	4.22	4.36	4.15	4.25	25486800	108032000
2018/9/21	4.4	4.8	4.38	4.46	44432200	206298000
2018/9/20	3.96	4.36	3.92	4.36	16469200	68977000
2018/9/19	3.86	4.05	3.84	3.96	11758300	46468000
2018/9/18	3.8	3.89	3.68	3.88	5487200	20878000
2018/9/17	3.87	3.88	3.78	3.8	5278700	20158000
2018/9/14	3.89	4.04	3.83	3.91	9400300	36889000
2018/9/13	3.87	3.88	3.82	3.88	3989700	15372000
2018/9/12	3.85	3.87	3.78	3.83	3994400	15307000
2018/9/11	3.82	3.87	3.76	3.83	4349800	16576000
2018/9/10	3.86	3.89	3.8	3.82	5154800	19808000
2018/9/7	3.76	3.93	3.75	3.85	7525700	28942000
2018/9/6	3.87	3.9	3.74	3.78	6209600	23729000
2018/9/5	3.89	3.94	3.85	3.88	7456200	29033000
2018/9/4	3.9	4.03	3.85	3.96	8035100	31770000
2018/9/3	3.86	3.9	3.82	3.9	4301000	16626000
2018/8/31	3.87	3.92	3.8	3.85	6571900	25377000
2018/8/30	3.89	4.04	3.84	3.91	10373800	40802000
2018/8/29	3.95	3.96	3.82	3.88	7373200	28593000
2018/8/28	3.98	4.13	3.92	3.98	11240200	45097000
2018/8/27	3.89	3.99	3.86	3.96	8368800	32912000
2018/8/24	3.95	4.01	3.87	3.91	9839000	38716000
2018/8/23	3.86	3.97	3.82	3.89	8204900	31870000
2018/8/22	3.83	3.95	3.76	3.86	7232000	27872000
2018/8/21	3.77	3.99	3.75	3.87	9763800	38045000
2018/8/20	3.8	3.83	3.66	3.8	9736100	36672000
2018/8/17	4.28	4.32	3.84	3.85	14319600	58133000
2018/8/16	4.17	4.27	4.05	4.27	13584200	56705000
2018/8/15	4.21	4.4	4.11	4.29	19870800	84595000
2018/8/14	4.16	4.38	4.15	4.24	19080100	81379000
2018/8/13	4.17	4.22	4	4.16	13085700	53851000
2018/8/10	4.24	4.5	4.16	4.17	20519300	88137000
2018/8/9	4.16	4.29	4.11	4.24	15944300	67230000
2018/8/8	4.36	4.37	4.05	4.18	21831400	91958000
2018/8/7	4.4	4.42	4.2	4.37	19733100	85686000
2018/8/6	4.47	4.62	4.17	4.33	21769300	94902000
2018/8/3	4.68	4.8	4.42	4.48	26551200	122745000
2018/8/2	4.87	4.96	4.6	4.63	39293500	185900992
2018/8/1	4.59	5.37	4.55	5.11	51758700	252834000
2018/7/31	5.23	5.68	4.84	4.89	58353500	307390016
2018/7/30	4.6	5.32	4.44	5.32	40246200	203363008
2018/7/27	4.84	4.84	4.4	4.84	46382600	219251008
2018/7/26	4.12	4.4	4.07	4.4	23490000	100123000
2018/7/25	3.65	4	3.62	4	15734100	61879000
2018/7/24	3.55	3.67	3.53	3.64	9718100	35257000
2018/7/23	3.54	3.57	3.5	3.57	5411300	19184000
2018/7/20	3.49	3.56	3.46	3.54	6443600	22656000
2018/7/19	3.66	3.69	3.42	3.49	11290500	40115000
2018/7/18	3.61	3.74	3.61	3.69	15808000	58384000
2018/7/17	4.09	4.09	3.68	3.72	30366800	112892000
2018/7/16	4.22	4.22	4.08	4.09	4141700	17012000
2018/7/13	4.24	4.24	4.18	4.21	1858300	7822000
2018/7/12	4.14	4.25	4.14	4.22	3025200	12741000
2018/7/11	4.24	4.24	4	4.2	3161500	13003000
2018/7/10	4.31	4.37	4.27	4.32	1230600	5319000
2018/7/9	4.3	4.34	4.26	4.32	1215200	5230000
2018/7/6	4.28	4.33	4.05	4.3	2324900	9827000
2018/7/5	4.49	4.5	4.12	4.32	3615800	15727000
2018/7/4	4.47	4.7	4.4	4.53	4015000	18265000
2018/7/3	4.46	4.5	4.36	4.48	1789000	7961000
2018/7/2	4.53	4.56	4.39	4.46	2420300	10830000
2018/6/29	4.49	4.56	4.46	4.55	2432000	10985000
2018/6/28	4.56	4.56	4.4	4.49	1843900	8294000
2018/6/27	4.53	4.65	4.51	4.55	1711900	7838000
2018/6/26	4.48	4.6	4.4	4.56	2617700	11812000
2018/6/25	4.63	4.71	4.57	4.62	2032000	9406000
2018/6/22	4.56	4.68	4.45	4.66	2680800	12248000
2018/6/21	4.57	4.72	4.45	4.56	2376200	10917000
2018/6/20	4.59	4.65	4.39	4.64	3017800	13650000
2018/6/19	5	5	4.55	4.6	5451100	25207000
2018/6/15	5.05	5.17	5	5.05	3793900	19271000
2018/6/14	5.12	5.38	5.05	5.22	6016000	31058000
2018/6/13	5.19	5.45	5.18	5.22	7925000	42106000
2018/6/12	5.13	5.2	5.08	5.15	1896400	9746000
2018/6/11	5.1	5.25	5.09	5.15	1873800	9714000
2018/6/8	5.14	5.18	5.06	5.14	1976400	10103000
2018/6/7	5.36	5.36	5.14	5.14	2521800	13189000
2018/6/6	5.24	5.38	5.21	5.24	2514300	13226000
2018/6/5	5.27	5.42	5.17	5.33	4046600	21436000
2018/6/4	5.42	5.42	5.15	5.29	3385100	17763000
2018/6/1	5.81	5.81	5.24	5.36	5741000	30970000
2018/5/31	5.12	5.54	5.1	5.43	8532400	45452000
2018/5/30	5.11	5.35	4.99	5.1	5209000	26889000
2018/5/29	5.32	5.36	5.02	5.24	6459700	33600000
2018/5/28	5.67	5.68	5.41	5.49	4929500	27262000
2018/5/25	5.71	5.77	5.62	5.7	5304000	30206000
2018/5/24	5.78	5.83	5.64	5.72	6435000	36790000
2018/5/23	5.67	5.95	5.6	5.83	11043600	64360000
2018/5/22	5.68	5.74	5.55	5.69	5677200	31971000
2018/5/21	5.8	5.83	5.62	5.69	6745300	38470000
2018/5/18	5.56	5.89	5.43	5.73	7927900	44621000
2018/5/17	5.5	5.64	5.45	5.56	5447400	30336000
2018/5/16	5.59	5.7	5.49	5.53	7078400	39486000
2018/5/15	5.47	5.95	5.47	5.64	10195400	57285000
2018/5/14	5.88	6.18	5.56	5.65	16420700	96209000
2018/5/11	5.38	5.95	5.33	5.95	12192600	70682000
2018/5/10	5.23	5.66	5.23	5.41	6022900	32599000
2018/5/9	5.23	5.3	5.21	5.25	2084300	10922000
2018/5/8	5.21	5.41	5.2	5.28	4226800	22432000
2018/5/7	5.1	5.22	5.1	5.21	1872100	9707000
2018/5/4	5.09	5.14	5.07	5.13	2162400	11031000
2018/5/3	5.14	5.14	4.97	5.13	1978800	10008000
2018/5/2	5.17	5.18	5.08	5.14	1302900	6680000
2018/4/27	5.19	5.19	5.11	5.15	981200	5038000
2018/4/26	5.23	5.23	5.11	5.18	1894100	9764000
2018/4/25	5.24	5.26	5.2	5.24	1061000	5548000
2018/4/24	5.18	5.28	5.17	5.25	1910800	9985000
2018/4/23	5.13	5.23	5.12	5.17	1204400	6220000
2018/4/20	5.29	5.3	5.1	5.25	2367300	12336000
2018/4/19	5.28	5.32	5.26	5.27	1261900	6667000
2018/4/18	5.28	5.38	5.18	5.28	1671400	8800000
2018/4/17	5.33	5.4	5.25	5.25	1854000	9834000
2018/4/16	5.44	5.45	5.27	5.38	2142400	11477000
2018/4/13	5.52	5.56	5.4	5.45	1820700	9957000
2018/4/12	5.59	5.61	5.5	5.51	1907400	10568000
2018/4/11	5.59	5.67	5.55	5.61	2966300	16577000
2018/4/10	5.58	5.63	5.51	5.58	2689000	14926000
2018/4/9	5.53	5.61	5.43	5.54	2202800	12202000
2018/4/4	5.57	5.65	5.48	5.61	3531100	19650000
2018/4/3	5.49	5.57	5.38	5.52	2912500	15880000
2018/4/2	5.6	5.62	5.53	5.55	2785800	15558000
2018/3/30	5.6	5.63	5.56	5.59	2540200	14206000
2018/3/29	5.52	5.67	5.51	5.59	2915400	16279000
2018/3/28	5.59	5.61	5.41	5.52	2821900	15622000
2018/3/27	5.57	5.76	5.53	5.63	4297300	24299000
2018/3/26	5.68	5.68	5.13	5.56	5779200	31032000
2018/3/23	5.81	6.23	5.6	5.7	8790000	52100000
2018/3/22	5.83	6.09	5.77	5.99	5198100	30860000
2018/3/21	5.94	6.22	5.89	5.89	6575600	39674000
2018/3/20	5.82	5.98	5.75	5.97	4656000	27515000
2018/3/19	5.84	5.89	5.72	5.86	3784200	22045000
2018/3/16	5.89	6	5.83	5.91	3503500	20720000
2018/3/15	5.89	6.05	5.8	5.93	6135600	36488000
2018/3/14	6.01	6.07	5.88	5.91	5217300	31197000
2018/3/13	6.16	6.16	6.05	6.06	5924900	36061000
2018/3/12	6.14	6.23	6.13	6.18	8775900	54214000
2018/3/9	6.16	6.34	6.03	6.21	14808600	90889000
2018/3/8	6	6.68	5.94	6.38	21052300	133632000
2018/3/7	5.46	6.09	5.46	6.09	12876600	75813000
2018/3/6	5.39	5.58	5.33	5.54	6095200	33425000
2018/3/5	5.42	5.47	5.34	5.37	2473500	13308000
2018/3/2	5.45	5.68	5.37	5.48	3904200	21575000
2018/3/1	5.4	5.48	5.36	5.46	2006200	10888000
2018/2/28	5.4	5.43	5.33	5.42	1383700	7448000
2018/2/27	5.44	5.45	5.35	5.41	1650100	8893000
2018/2/26	5.49	5.51	5.39	5.45	1763200	9607000
2018/2/23	5.36	5.41	5.34	5.4	1208100	6491000
2018/2/22	5.38	5.4	5.32	5.39	1279100	6863000
2018/2/14	5.28	5.38	5.25	5.35	1220300	6498000
2018/2/13	5.28	5.3	5.24	5.28	1160100	6112000
2018/2/12	5.18	5.3	5.18	5.26	1064500	5591000
2018/2/9	5.23	5.25	5.08	5.21	1731500	8922000
2018/2/8	5.19	5.33	5.19	5.28	1056900	5575000
2018/2/7	5.23	5.36	5.16	5.28	1245200	6524000
2018/2/6	5.6	5.6	5.18	5.22	1693100	9125000
2018/2/5	5.43	5.62	5.43	5.61	1028400	5712000
2018/2/2	5.53	5.63	5.38	5.63	2222400	12146000
2018/2/1	5.84	5.86	5.49	5.58	2976800	16889000
2018/1/31	5.93	5.95	5.75	5.85	2051000	11930000
2018/1/30	6.03	6.03	5.89	5.96	2268800	13499000
2018/1/29	6.08	6.08	6.01	6.04	1340200	8089000
2018/1/26	6.1	6.12	6.05	6.1	1681300	10217000
2018/1/25	6.07	6.19	6.06	6.1	2844100	17369000
2018/1/24	6.04	6.08	6.03	6.07	1074100	6507000
2018/1/23	6.08	6.11	6.04	6.08	966500	5867000
2018/1/22	6.1	6.1	6.02	6.08	983200	5962000
2018/1/19	6.06	6.1	6.03	6.1	1243400	7549000
2018/1/18	6.09	6.11	6	6.08	1490800	9015000
2018/1/17	6.13	6.13	5.96	6.09	2282300	13758000
2018/1/16	6.1	6.15	6.06	6.1	1725600	10514000
2018/1/15	6.24	6.29	6.05	6.12	2056200	12629000
2018/1/12	6.25	6.26	6.16	6.24	1635900	10175000
2018/1/11	6.19	6.25	6.13	6.25	1517900	9391000
2018/1/10	6.29	6.31	6.17	6.23	1787600	11113000
2018/1/9	6.32	6.38	6.28	6.29	1222300	7725000
2018/1/8	6.38	6.38	6.25	6.32	2755900	17373000
2018/1/5	6.29	6.65	6.25	6.45	6070000	39151000
2018/1/4	6.32	6.35	6.26	6.29	1166900	7345000
2018/1/3	6.29	6.33	6.24	6.31	1600000	10056000
2018/1/2	6.18	6.27	6.18	6.26	1177300	7343000
2017/12/29	6.21	6.23	6.14	6.2	1151800	7114000
2017/12/28	6.28	6.29	6.15	6.21	1564100	9706000
2017/12/27	6.39	6.39	6.25	6.28	1628300	10262000
2017/12/26	6.39	6.46	6.33	6.4	1014400	6475000
2017/12/25	6.58	6.59	6.4	6.42	1271500	8247000
2017/12/22	6.55	6.6	6.53	6.6	1840600	12093000
2017/12/21	6.62	6.62	6.56	6.6	1336800	8795000
2017/12/20	6.6	6.64	6.55	6.63	1144800	7548000
2017/12/19	6.59	6.75	6.57	6.63	1070400	7111000
2017/12/18	6.69	6.69	6.54	6.64	1560300	10326000
2017/12/15	6.6	6.69	6.58	6.68	1397300	9262000
2017/12/14	6.6	6.65	6.57	6.64	1288500	8516000
2017/12/13	6.66	6.66	6.57	6.65	875700	5791000
2017/12/12	6.69	6.7	6.56	6.66	1076100	7129000
2017/12/11	6.73	6.73	6.64	6.69	1140800	7610000
2017/12/8	6.73	6.73	6.65	6.71	1134700	7590000
2017/12/7	6.6	6.68	6.58	6.65	1248200	8285000
2017/12/6	6.59	6.65	6.55	6.61	844100	5577000
2017/12/5	6.62	6.7	6.51	6.64	1892100	12495000
2017/12/4	6.68	6.78	6.62	6.68	1821900	12175000
2017/12/1	6.63	6.68	6.6	6.68	1562900	10382000
2017/11/30	6.68	6.75	6.62	6.68	1297000	8625000
2017/11/29	6.7	6.75	6.63	6.7	1631500	10890000
2017/11/28	6.6	6.72	6.6	6.7	1477000	9835000
2017/11/27	6.65	6.7	6.56	6.67	1317500	8729000
2017/11/24	6.61	6.74	6.52	6.68	1511100	10002000
2017/11/23	6.7	6.8	6.55	6.69	2994000	19880000
2017/11/22	6.88	6.88	6.35	6.7	2344000	15726000
2017/11/21	6.95	7.07	6.84	6.87	2255400	15575000
2017/11/20	7.09	7.09	6.85	6.95	1920900	13312000
2017/11/17	7.25	7.28	7.01	7.1	4005000	28516000
2017/11/16	7.12	7.56	7.12	7.37	6085400	44692000
2017/11/15	7.13	7.26	7.11	7.12	1415700	10150000
2017/11/14	7.31	7.33	7.08	7.12	2102800	15110000
2017/11/13	7.35	7.43	7.29	7.31	1433000	10526000
2017/11/10	7.33	7.41	7.26	7.34	1740500	12807000
2017/11/9	7.28	7.33	7.25	7.29	1244000	9058000
2017/11/8	7.29	7.38	7.23	7.3	2412700	17646000
2017/11/7	7.16	7.5	7.07	7.34	3271500	23769000
2017/11/6	7.13	7.18	7.03	7.15	1743500	12369000
2017/11/3	7.17	7.29	7.15	7.18	1565800	11300000
2017/11/2	7.33	7.33	7.16	7.16	1708000	12325000
2017/11/1	7.39	7.39	7.3	7.33	1030500	7558000
2017/10/31	7.31	7.38	7.27	7.37	1108400	8136000
2017/10/30	7.54	7.55	7.25	7.32	2616300	19209000
2017/10/27	7.63	7.63	7.56	7.56	1707700	12940000
2017/10/26	7.62	7.64	7.56	7.61	1784800	13555000
2017/10/25	7.55	7.65	7.55	7.61	1312800	9985000
2017/10/24	7.62	7.67	7.55	7.58	1601800	12177000
2017/10/23	7.7	7.84	7.6	7.64	3253200	24938000
2017/10/20	7.52	7.88	7.48	7.74	3995000	30814000
2017/10/19	7.68	7.76	7.52	7.53	2991900	22851000
2017/10/18	7.71	7.83	7.66	7.68	4316700	33486000
2017/10/17	8.02	8.04	7.43	7.84	8194700	64095000
2017/10/16	8.35	8.55	8.18	8.23	17842300	148806000
2017/10/13	7.99	8	7.91	7.98	1433700	11396000
2017/10/12	7.97	8.05	7.9	7.99	1847900	14747000
2017/10/11	8.01	8.09	7.97	7.98	2212300	17718000
2017/10/10	7.84	8.03	7.81	8	3220000	25557000
2017/10/9	7.8	7.89	7.8	7.84	1564000	12253000
2017/9/29	7.7	7.82	7.69	7.81	1391400	10815000
2017/9/28	7.84	7.84	7.71	7.71	1701300	13180000
2017/9/27	7.76	7.83	7.74	7.8	1349700	10513000
2017/9/26	7.79	7.85	7.71	7.79	1855900	14432000
2017/9/25	7.87	7.88	7.83	7.85	1648800	12942000
2017/9/22	7.91	7.96	7.83	7.88	1945100	15320000
2017/9/21	7.98	8.02	7.95	7.95	1716800	13699000
2017/9/20	8.05	8.08	7.94	7.99	2975700	23770000
2017/9/19	8.06	8.12	8.03	8.04	2183600	17629000
2017/9/18	8.06	8.1	8.04	8.06	1836400	14812000
2017/9/15	8.05	8.12	8.05	8.07	1695900	13708000
2017/9/14	8.11	8.15	8.06	8.07	2113300	17100000
2017/9/13	8.2	8.21	8.1	8.13	2353600	19131000
2017/9/12	8.13	8.24	8.1	8.2	3396100	27699000
2017/9/11	8.11	8.14	8.08	8.13	2587000	20982000
2017/9/8	8.05	8.27	8.04	8.16	4595200	37546000
2017/9/7	8.09	8.18	8.07	8.07	2479900	20155000
2017/9/6	8.06	8.09	8.02	8.08	1760400	14175000
2017/9/5	8.09	8.11	8.05	8.06	2217900	17890000
2017/9/4	8.09	8.12	8.06	8.11	2559600	20668000
2017/9/1	8.14	8.16	8.08	8.12	2406800	19507000
2017/8/31	8.21	8.21	8.11	8.17	2540200	20711000
2017/8/30	8.12	8.57	8.12	8.24	4875400	40481000
2017/8/29	8.13	8.23	8.08	8.19	3167900	25806000
2017/8/28	8.11	8.16	8.08	8.14	2116500	17206000
2017/8/25	8.07	8.13	8.03	8.1	1314100	10630000
2017/8/24	8.12	8.16	8.05	8.07	1566400	12694000
2017/8/23	8.08	8.15	8.06	8.12	1484300	12023000
2017/8/22	8.25	8.28	8.11	8.13	2277500	18639000
2017/8/21	8.24	8.34	8.2	8.24	2297100	18941000
2017/8/18	8.19	8.27	8.15	8.2	2002700	16440000
2017/8/17	8.25	8.26	8.18	8.25	2486100	20448000
2017/8/16	8.27	8.28	8.16	8.24	2407200	19819000
2017/8/15	8.24	8.27	8.16	8.27	2831400	23298000
2017/8/14	8.09	8.27	8	8.24	4547700	37063000
2017/8/11	7.98	8.5	7.91	8.18	5480300	44607000
2017/8/10	8.04	8.14	7.94	8.04	2916000	23447000
2017/8/9	8	8.1	7.93	8.05	2227300	17919000
2017/8/8	7.99	8.17	7.88	8.04	2675200	21508000
2017/8/7	7.99	7.99	7.88	7.99	1409000	11184000
2017/8/4	7.97	8.05	7.97	7.98	2260100	18077000
2017/8/3	7.85	8.01	7.83	7.96	3019900	23980000
2017/8/2	8.05	8.07	7.81	7.84	3603500	28464000
2017/8/1	8.03	8.09	7.99	8.04	2857900	22901000
2017/7/31	8.06	8.15	7.97	8.05	2901400	23286000
2017/7/28	8.02	8.16	8.02	8.11	2854800	23155000
2017/7/27	7.88	8.07	7.84	8.03	2501100	19972000
2017/7/26	7.91	7.99	7.85	7.93	1495800	11827000
2017/7/25	7.96	7.99	7.81	7.88	2157800	17013000
2017/7/24	7.95	8.13	7.84	7.99	2316600	18438000
2017/7/21	7.95	8.05	7.9	7.95	1450900	11551000
2017/7/20	7.84	8.12	7.8	8	2988000	23938000
2017/7/19	7.76	7.86	7.72	7.83	1912000	14918000
2017/7/18	7.55	7.9	7.5	7.81	3620200	27868000
2017/7/17	8.13	8.16	7.54	7.55	6034500	47042000
2017/7/14	8.51	8.53	8.3	8.33	2267200	19026000
2017/7/13	8.5	8.57	8.41	8.49	1851800	15714000
2017/7/12	8.68	8.75	8.3	8.5	3914900	33244000
2017/7/11	8.73	8.81	8.69	8.71	2444600	21378000
2017/7/10	8.86	8.88	8.71	8.77	5299600	46586000
2017/7/7	8.76	9.11	8.68	8.98	9168200	82231000
2017/7/6	8.78	8.87	8.67	8.77	3391000	29662000
2017/7/5	8.8	8.83	8.67	8.76	3077900	26935000
2017/7/4	8.79	8.85	8.74	8.79	2097500	18440000
2017/7/3	8.74	8.83	8.73	8.78	1466800	12861000
2017/6/30	8.73	8.83	8.69	8.76	1606900	14059000
2017/6/29	8.74	8.95	8.74	8.77	2005400	17636000
2017/6/28	8.85	8.88	8.65	8.79	2563900	22495000
2017/6/27	8.8	8.95	8.73	8.85	2561300	22659000
2017/6/26	8.68	8.94	8.63	8.81	3655300	32137000
2017/6/23	8.5	8.8	8.42	8.7	4915200	42268000
2017/6/22	8.88	8.9	8.44	8.49	4134000	36004000
2017/6/21	8.9	9.04	8.81	8.85	4166600	37083000
2017/6/20	8.83	9.17	8.76	8.95	4848800	43234000
2017/6/19	8.77	8.87	8.77	8.83	3069200	27061000
2017/6/16	8.78	8.86	8.73	8.77	2719900	23920000
2017/6/15	8.65	8.99	8.62	8.79	4272300	37665000
2017/6/14	8.74	8.88	8.67	8.72	4095800	35870000
2017/6/13	8.73	8.87	8.61	8.75	4558500	39806000
2017/6/12	8.87	8.98	8.57	8.73	7389600	64556000
2017/6/9	8.56	8.96	8.53	8.83	7888300	69409000
2017/6/8	8.36	8.73	8.31	8.6	7663000	65657000
2017/6/7	8.12	8.42	8.11	8.36	5590300	46495000
2017/6/6	8.07	8.34	8.02	8.25	4819300	39555000
2017/6/5	8.05	8.16	7.99	8.04	3364000	27095000
2017/6/2	7.8	8.09	7.71	8.06	5566600	44347000
2017/6/1	7.89	8	7.75	7.83	4672200	36743000
2017/5/31	8.06	8.12	7.89	7.89	3152800	25232000
2017/5/26	7.97	8.17	7.86	7.97	3610100	28861000
2017/5/25	7.95	8.13	7.7	7.97	4768200	37806000
2017/5/24	7.7	8.28	7.36	8.01	6980400	54696000
2017/5/23	8.3	8.57	7.83	7.83	7048600	57178000
2017/5/15	8.88	8.98	8.61	8.7	4015600	35107000
2017/5/12	8.85	8.97	8.71	8.9	3534700	31335000
2017/5/11	8.91	9.08	8.42	8.9	5140300	45245000
2017/5/10	9.15	9.38	8.98	9.02	4265100	39116000
2017/5/9	9.03	9.2	8.95	9.15	3623700	32948000
2017/5/8	9.6	9.68	9.11	9.12	5206100	49380000
2017/5/5	9.7	9.85	9.4	9.4	4596600	44415000
2017/5/4	9.56	9.89	9.56	9.7	6167600	59777000
2017/5/3	9.48	10	9.38	9.78	11655800	114017000
2017/5/2	9.5	9.77	9.38	9.55	5869800	56046000
2017/4/28	9.09	9.89	9.05	9.66	7185200	67599000
2017/4/27	9.2	9.2	8.8	9.09	5217300	46848000
2017/4/26	9.04	9.28	9.04	9.2	2776700	25489000
2017/4/25	9.12	9.25	9.07	9.11	3281300	30056000
2017/4/24	9.57	9.64	9	9.03	4486500	41524000
2017/4/21	9.8	9.82	9.61	9.66	2982900	28997000
2017/4/20	9.79	9.87	9.6	9.75	3745100	36607000
2017/4/19	10.07	10.08	9.58	9.74	6415800	62644000
2017/4/18	10.21	10.27	10.04	10.07	3707000	37747000
2017/4/17	10.48	10.48	10.1	10.16	6819900	69872000
2017/4/14	10.86	10.88	10.5	10.54	7615400	80957000
2017/4/13	10.95	11.12	10.8	10.92	8619300	94155000
2017/4/12	10.71	11.36	10.71	11.1	19299900	214308992
2017/4/11	10.61	10.85	10.45	10.81	11595000	123624000
2017/4/10	10.62	10.83	10.49	10.75	14056200	149576000
2017/4/7	10.4	11.43	10.4	10.93	22597400	251658000
2017/4/6	10.45	10.54	10.39	10.39	5497900	57455000
2017/4/5	10.29	10.46	10.25	10.45	4962200	51548000
2017/3/31	10.2	10.35	10.2	10.29	4486700	46095000
2017/3/30	10.65	10.68	10.21	10.21	8757100	90725000
2017/3/29	10.87	10.93	10.68	10.68	5109900	55317000
2017/3/28	10.92	10.93	10.82	10.82	4168100	45264000
2017/3/27	10.82	10.98	10.74	10.94	6325800	68550000
2017/3/24	11.07	11.08	10.76	10.88	9075900	98816000
2017/3/23	11.17	11.24	10.95	11.09	6798400	75561000
2017/3/22	11.27	11.33	11.08	11.17	7662300	85836000
2017/3/21	11.21	11.47	11.13	11.41	10953200	124006000
2017/3/20	11.18	11.25	11.07	11.22	5946400	66242000
2017/3/17	11.28	11.37	11.15	11.18	6773400	76358000
2017/3/16	11.2	11.33	11.2	11.28	6346500	71458000
2017/3/15	11.35	11.38	11.14	11.17	5696800	63890000
2017/3/14	11.21	11.38	11.15	11.34	9090000	102432000
2017/3/13	11.29	11.29	10.92	11.22	8501900	94405000
2017/3/10	11.25	11.55	11.22	11.31	9629300	109608000
2017/3/9	11.34	11.45	11.22	11.34	8688300	98295000
2017/3/8	11.45	11.5	11.15	11.29	12247700	138072992
2017/3/7	11.72	11.79	11.45	11.53	16519600	191668000
2017/3/6	11.84	11.96	11.73	11.91	10536700	125159000
2017/3/3	11.7	12.05	11.48	11.85	14923200	176518000
2017/3/2	12.16	12.16	11.8	11.8	18766500	223704992
2017/3/1	12.51	13.17	12.26	12.32	28818600	363427008
2017/2/16	12.34	12.44	12.2	12.41	15575700	191566000
2017/2/15	12.13	12.65	12.03	12.33	26247500	324163008
2017/2/14	12.06	12.21	11.99	12.1	10523700	127188000
2017/2/13	11.85	12.65	11.85	12.19	17447900	213636992
2017/2/10	12.17	12.19	11.84	11.85	14587300	174896992
2017/2/9	12.16	12.4	12.02	12.23	13775900	167786000
2017/2/8	12.05	12.27	11.89	12.17	20636900	248504992
2017/2/7	11.65	12.71	11.57	12.24	30213600	366708992
2017/2/6	11.47	11.84	11.45	11.68	12670200	147532000
2017/2/3	11.53	11.57	11.4	11.5	6360000	73152000
2017/1/26	11.36	11.53	11.33	11.53	7241000	82649000
2017/1/25	11.31	11.6	11.21	11.4	9478300	108182000
2017/1/24	11.53	11.78	11.43	11.46	12876400	149232992
2017/1/23	11.37	11.64	11.35	11.51	10478100	120490000
2017/1/20	11.21	11.5	11.19	11.38	10470800	119250000
2017/1/19	11.38	11.54	11.2	11.3	11077100	125823000
2017/1/18	11.48	11.88	11.34	11.49	16912300	196343008
2017/1/17	11.21	11.58	11.09	11.55	15461300	176130000
2017/1/16	12.05	12.1	10.91	11.27	18388100	211834000
2017/1/13	12.63	12.88	11.88	12.12	21646900	267960000
2017/1/12	12.91	13.05	12.62	12.75	19495200	249888992
2017/1/11	13.52	13.61	13.01	13.02	31380100	416319008
2017/1/10	13.71	14.5	13.62	13.73	40666400	568875008
2017/1/9	13.6	14.13	13.41	13.92	33993100	466718016
2017/1/6	13.7	14.52	13.55	13.9	56977300	802782016
2017/1/5	13.99	14.32	13.6	13.8	57229100	795366016
2017/1/4	12.8	14.09	12.57	14.09	58996300	805974976
2017/1/3	12.55	12.99	12.41	12.81	20724200	264504000
2016/12/30	13.06	13.27	12.56	12.6	25304900	327022016
2016/12/29	13.23	13.54	13.01	13.06	36065900	477913984
2016/12/28	13.14	13.95	12.86	13.5	57798500	779073024
2016/12/27	12.87	13.77	12.65	13.33	55867900	734540992
2016/12/26	12.25	13.24	12.02	13.12	50185800	640113984
2016/12/23	14.93	14.93	12.75	12.8	79173000	1106220032
2016/12/22	12.46	13.75	12.46	13.75	37767100	502552000
2016/12/21	12.58	13.25	12.22	12.5	53341900	680337984
2016/12/20	13.46	13.55	12.4	12.69	67958896	875932032
2016/12/19	13.78	13.78	13.19	13.78	87737504	1197176064
2016/12/16	12.53	12.53	12.53	12.53	6719000	84189000
2016/12/15	10.35	11.39	10.25	11.39	8982900	100405000
2016/12/14	10.35	10.66	10.25	10.35	4938300	51508000
2016/12/13	10.17	10.42	10.11	10.36	3760600	38744000
2016/12/12	10.89	10.95	10.21	10.26	8311700	87174000
2016/12/9	10.92	11.19	10.87	10.92	7362700	80959000
2016/12/8	10.96	11.07	10.8	10.91	4891100	53504000
2016/12/7	10.88	11	10.82	10.95	6008800	65683000
2016/12/6	10.8	10.96	10.76	10.9	5290900	57544000
2016/12/5	10.7	11	10.7	10.78	4478600	48548000
2016/12/2	11.45	11.48	11.07	11.1	5997000	67229000
2016/12/1	11.35	11.48	11.35	11.43	5295700	60498000
2016/11/30	11.33	11.53	11.23	11.41	6372300	72592000
2016/11/29	11.6	11.72	11.33	11.33	7395400	85114000
2016/11/28	11.69	11.8	11.55	11.66	6618100	77311000
2016/11/25	11.84	11.84	11.36	11.61	8184500	94666000
2016/11/24	11.91	12.12	11.68	11.7	10034500	119118000
2016/11/23	12.06	12.28	11.97	12	12584500	152720000
2016/11/22	11.9	12.43	11.85	12.12	13472600	163284000
2016/11/21	12.02	12.19	11.85	11.9	9914600	119381000
2016/11/18	11.95	12.15	11.82	12	11085500	132969000
2016/11/17	12.12	12.25	11.87	11.98	13754800	165740000
2016/11/16	12.02	12.65	11.86	12.21	23586300	288577984
2016/11/15	11.8	12.06	11.69	12.01	13758200	163499008
2016/11/14	11.77	11.86	11.63	11.8	9731800	114269000
2016/11/11	11.81	11.94	11.68	11.76	11810100	139152000
2016/11/10	11.7	11.95	11.64	11.91	12081700	142611008
2016/11/9	11.77	11.89	11.51	11.55	13630700	159815008
2016/11/8	11.78	11.85	11.65	11.74	6837200	80295000
2016/11/7	11.82	12.1	11.62	11.76	10255200	121179000
2016/11/4	11.71	12.1	11.62	11.94	17329600	206695008
2016/11/3	11.67	11.86	11.6	11.72	14571700	170536992
2016/11/2	11.46	11.99	11.41	11.78	24085200	283455008
2016/11/1	11.15	11.77	11.13	11.52	15998400	183607008
2016/10/31	11.19	11.33	11	11.15	6720600	74964000
2016/10/28	11.22	11.69	11.2	11.35	14185800	162279008
2016/10/27	11.21	11.47	11.15	11.33	10122400	114995000
2016/10/26	11.39	11.39	11.14	11.28	9146100	102717000
2016/10/25	11.31	11.49	11.22	11.39	9969800	113230000
2016/10/24	11.38	11.45	11.18	11.31	9841900	111416000
2016/10/21	11.26	11.61	11.2	11.45	17315600	197934000
2016/10/20	11.09	11.45	10.99	11.25	12817500	143631008
2016/10/19	11.25	11.28	11.06	11.11	9976200	111435000
2016/10/18	11.1	11.35	11.05	11.25	14079500	158008000
2016/10/17	10.81	11.85	10.7	11.18	20831000	235019008
2016/10/14	10.75	10.77	10.68	10.77	3977000	42649000
2016/10/13	10.77	10.84	10.64	10.78	6055900	64910000
2016/10/12	10.88	10.88	10.73	10.77	5973600	64455000
2016/10/11	10.74	11.04	10.55	10.96	11851800	129010000
2016/10/10	10.8	10.95	10.61	10.66	6033400	64688000
2016/9/30	10.39	10.62	10.34	10.5	3964900	41614000
2016/9/29	10.52	10.53	10.37	10.39	2981400	31052000
2016/9/28	10.23	10.63	10.12	10.45	4776900	49520000
2016/9/27	10.09	10.25	10.07	10.22	3193300	32420000
2016/9/26	10.5	10.59	10.16	10.19	3783300	39478000
2016/9/23	10.57	10.57	10.44	10.51	2546900	26703000
2016/9/22	10.52	10.58	10.45	10.48	3380300	35551000
2016/9/21	10.5	10.51	10.41	10.42	2983500	31214000
2016/9/20	10.42	10.54	10.32	10.51	3516900	36656000
2016/9/19	10.33	10.46	10.33	10.4	4315700	44780000
2016/9/14	10.56	10.59	10.32	10.33	4100900	42810000
2016/9/13	10.55	10.77	10.55	10.61	3386900	35972000
2016/9/12	10.62	10.9	10.5	10.51	6454500	68852000
2016/9/9	10.75	10.89	10.67	10.75	3976000	42943000
2016/9/8	10.83	10.89	10.69	10.78	4818400	51984000
2016/9/7	10.81	11.05	10.81	10.83	5132600	55980000
2016/9/6	10.73	10.86	10.53	10.84	4454700	47831000
2016/9/5	10.69	10.83	10.64	10.78	3765000	40387000
2016/9/2	10.8	10.88	10.52	10.65	4336300	46409000
2016/9/1	11.02	11.07	10.78	10.79	6038400	66010000
2016/8/31	11.13	11.14	11	11.05	4176300	46176000
2016/8/30	11.01	11.19	11.01	11.12	4176000	46433000
2016/8/29	10.98	11.19	10.92	11.05	4068700	45031000
2016/8/26	11.12	11.23	10.98	11.03	5879800	65437000
2016/8/25	11.35	11.37	10.97	11.1	9979600	110671000
2016/8/24	11.34	11.8	11.31	11.48	7663300	88667000
2016/8/23	11.4	11.44	11.25	11.35	5694600	64568000
2016/8/22	11.79	11.86	11.21	11.31	9544800	110540000
2016/8/19	12.05	12.14	11.8	11.86	13668700	162643008
2016/8/18	11.52	12.27	11.52	12.22	24943800	296268992
2016/8/17	11.68	12.29	11.6	11.69	22086400	263552000
2016/8/16	11.41	11.88	11.31	11.7	17461400	202912992
2016/8/15	11.29	11.52	11.16	11.42	10438800	118750000
2016/8/12	11.19	11.26	11	11.23	7634700	84876000
2016/8/11	11.49	11.53	11.1	11.15	10970300	123972000
2016/8/10	11.44	11.64	11.33	11.58	14047500	161436992
2016/8/9	11.6	11.65	11.25	11.5	14396500	164288992
2016/8/8	11.49	11.66	11.45	11.57	10094000	116722000
2016/8/5	11.75	11.75	11.4	11.57	15148500	175260000
2016/8/4	11.95	11.97	11.6	11.87	19884800	233848000
2016/8/3	11.8	12.5	11.62	12.1	34914700	427507008
2016/8/2	11.34	12.03	11.08	12.03	26201300	303214016
2016/8/1	11.95	12.4	11.25	11.33	28280200	332267008
2016/7/29	11	11.87	10.9	11.87	10209900	117080000
2016/7/1	10.66	10.96	10.2	10.79	11931500	128597000
2016/6/30	10.65	10.72	10.52	10.61	6232100	66013000
2016/6/29	10.88	10.92	10.6	10.66	9146900	97908000
2016/6/28	10.62	11.06	10.55	10.8	13609800	147282000
2016/6/27	10.27	10.79	10.27	10.7	15500500	164468000
2016/6/24	10.4	10.69	10.01	10.48	10479700	108725000
2016/6/23	10.34	10.67	10.31	10.39	8107800	84931000
2016/6/22	10.04	10.34	9.97	10.27	5801200	59383000
2016/6/21	10.21	10.28	10	10.04	3772700	38210000
2016/6/20	10.17	10.24	9.99	10.14	5551000	56067000
2016/6/17	10.15	10.5	10.15	10.35	5879700	60601000
2016/6/16	10.2	10.33	10.08	10.11	3810900	38838000
2016/6/15	9.96	10.35	9.88	10.26	4813400	49157000
2016/6/14	10.01	10.13	9.9	10.1	3472200	34782000
2016/6/13	10.4	10.58	10	10	5265100	54167000
2016/6/8	10.71	10.75	10.52	10.67	4463500	47438000
2016/6/7	10.84	10.92	10.55	10.75	7400700	79460000
2016/6/6	10.68	11.2	10.52	10.97	11962200	130616000
2016/6/3	10.69	10.76	10.57	10.67	6658900	70906000
2016/6/2	10.52	10.79	10.49	10.69	6875800	73121000
2016/6/1	10.5	10.62	10.47	10.54	6529600	68962000
2016/5/31	10.22	10.56	10.1	10.55	7986900	83388000
2016/5/30	10.25	10.27	10.03	10.15	4066300	41412000
2016/5/27	10.15	10.56	10.07	10.39	8257500	85556000
2016/5/26	10.22	10.26	9.89	10.15	4517800	45352000
2016/5/25	10.3	10.3	10.11	10.19	3361400	34293000
2016/5/24	10.25	10.32	10.1	10.15	2983300	30374000
2016/5/23	10.3	10.39	10.15	10.32	5405300	55744000
2016/5/20	10.01	10.26	9.81	10.21	3943000	39960000
2016/5/19	10.2	10.37	10.09	10.13	4525100	46288000
2016/5/18	10.46	10.46	10	10.18	5831900	59343000
2016/5/17	10.3	10.9	10.25	10.59	7170100	75751000
2016/5/16	10.12	10.36	10.05	10.35	4391400	44837000
2016/5/13	10.21	10.38	9.96	10.04	4930900	50138000
2016/5/12	10.57	10.57	9.95	10.28	6272600	63804000
2016/5/11	10.67	10.78	10.57	10.62	4686500	50155000
2016/5/10	10.64	10.83	10.57	10.62	5083200	54345000
2016/5/9	11.46	11.46	10.59	10.65	9744000	107192000
2016/5/6	12.51	12.51	11.68	11.71	14746000	177679008
2016/5/5	12.53	12.66	12.3	12.48	8960400	111806000
2016/5/4	12.47	12.77	12.42	12.6	8799900	110562000
2016/5/3	12.3	12.56	12.22	12.55	7456000	92836000
2016/4/29	12.4	12.56	12.19	12.33	7086800	87598000
2016/4/28	12.39	12.77	12.16	12.53	11028800	137391008
2016/4/27	12.2	12.6	12.13	12.26	10766900	133619000
2016/4/26	12.03	12.18	11.95	12.15	7635800	92147000
2016/4/25	12.6	12.6	11.8	12.01	13747800	165995008
2016/4/22	13	13.09	12.43	12.6	13854200	176420992
2016/4/21	12.7	13.9	12.6	13.09	29126200	390051008
2016/4/20	13.28	13.59	12.12	13.26	25908300	334662016
2016/4/19	12.96	13.87	12.96	13.39	25155600	337641984
2016/4/18	12.84	13.09	12.55	12.97	12569500	160872992
2016/4/15	12.88	13.2	12.76	12.94	16535200	214834000
2016/4/14	12.59	12.99	12.5	12.89	17537600	223120992
2016/4/13	12.47	12.73	12.47	12.5	13501500	170416000
2016/4/12	12.53	12.64	12.26	12.47	10197900	126314000
2016/4/11	12.45	12.75	12.31	12.68	14953900	188252000
2016/4/8	12.61	12.99	12.3	12.55	17068500	216260000
2016/4/7	12.85	12.85	12.28	12.29	13592300	169618000
2016/4/6	12.71	13.1	12.6	12.8	14060800	180728000
2016/4/5	12.5	12.84	12.4	12.84	14871600	189010000
2016/4/1	12.55	12.66	12.13	12.54	10541700	131038000
2016/3/31	12.42	12.68	12.36	12.49	12194800	152184000
2016/3/30	12.05	12.5	12	12.39	8853900	108162000
2016/3/29	12.42	12.49	11.8	11.9	9651300	116214000
2016/3/28	12.5	12.85	12.2	12.38	13193900	165504000
2016/3/25	12.27	12.8	12.16	12.54	13353200	167271008
2016/3/24	12.44	12.68	12.09	12.1	14040000	173990000
2016/3/23	12.35	12.96	12.35	12.7	16224500	205276000
2016/3/22	12.39	12.65	12.36	12.39	14824600	184916992
2016/3/21	12.28	12.96	12.12	12.7	21622900	269639008
2016/3/18	11.72	12.3	11.65	12.16	17625000	212146000
2016/3/17	11.37	11.65	11.25	11.6	10086200	115829000
2016/3/16	11.95	12.02	11.2	11.26	12628200	145064000
2016/3/15	11.71	12.19	11.6	11.68	9286800	109984000
2016/3/14	11.68	12.09	11.53	11.75	11998500	141826000
2016/3/11	11.6	11.76	11.13	11.39	12610400	144074000
2016/3/10	12.32	12.63	11.85	11.91	19446900	237559008
2016/3/9	12.15	13.53	11.69	12.67	27733500	355751008
2016/3/8	12.37	12.58	11.56	12.34	15877100	192370000
2016/3/7	12.05	12.67	11.8	12.6	19548500	239112992
2016/3/4	12.06	12.79	11.38	11.83	21354900	259784000
2016/3/3	11.9	12.65	11.81	11.95	20085700	245338000
2016/3/2	11.4	12.25	11.24	12.01	19936300	234828992
2016/3/1	10.86	11.79	10.56	11.47	17052500	192368000
2016/2/29	12.05	12.1	10.85	10.85	15714500	174566000
2016/2/26	12.38	12.75	11.8	12.06	17714800	216723008
2016/2/25	13.91	13.91	12.6	12.6	23780700	308855008
2016/2/24	13.53	14.15	13.43	14	24985500	345585984
2016/2/23	14.05	14.25	13.55	13.82	25267800	349963008
2016/2/22	14.24	14.38	13.9	14.19	31056600	439803008
2016/2/19	15.26	15.5	13.83	14.11	46692100	675449024
2016/2/18	13.9	14.86	13.81	14.86	34748200	501032992
2016/2/17	12.62	13.51	12.3	13.51	30492200	389937984
2016/2/16	11.2	12.28	11.05	12.28	13287800	159100992
2016/2/15	10.65	11.47	10.5	11.16	11660100	128080000
2016/2/5	12.47	12.54	11.3	11.44	26621100	317283008
2016/2/4	11.16	12.3	11.01	12.3	28033900	335352000
2016/2/3	11.04	11.51	10.79	11.18	12076500	135228000
2016/2/2	10.4	11.14	10.31	11.04	7535700	82302000
2016/2/1	10.87	11.25	10.3	10.55	7409800	80290000
2016/1/29	10.61	11.44	10.5	11.04	10264500	112754000
2016/1/28	10.71	11.83	10.57	11.02	13436400	152368992
2016/1/27	10.11	10.75	9.78	10.75	7846800	79432000
2016/1/26	10.8	10.8	9.94	10.31	9386200	97256000
2016/1/25	10.67	10.99	10.57	10.83	5239600	56742000
2016/1/22	10.5	10.79	10.3	10.68	6436200	68021000
2016/1/21	10.4	11.3	10.3	10.3	9465700	103137000
2016/1/20	11	11.03	10.6	10.78	9354500	101419000
2016/1/19	10.81	11.41	10.47	11.15	15464000	169386000
2016/1/18	9.19	10.44	9.1	10.44	8131100	80879000
2016/1/15	9.38	9.9	9.33	9.49	11444900	110503000
2016/1/14	8.68	9.5	8.33	9.48	9489600	86848000
2016/1/13	9.8	9.94	9.03	9.07	8290200	79082000
2016/1/12	9.7	9.93	9.36	9.71	8021700	77709000
2016/1/11	10.9	10.9	9.95	9.95	9439300	96915000
2016/1/8	11.4	11.5	10.2	11.06	8574500	95348000
2016/1/7	12	12.05	11.12	11.12	2042300	23489000
2016/1/6	12.03	12.45	11.9	12.35	7013800	85180000
2016/1/5	11.5	12.5	11.31	11.94	10683000	127104000
2016/1/4	13.83	13.98	12.51	12.51	8184100	106682000
2015/12/31	14.35	14.35	13.78	13.9	7597300	107200000
2015/12/30	14.35	14.57	14.15	14.35	6854500	98539000
2015/12/29	13.95	14.32	13.88	14.31	9267500	130568000
2015/12/28	15.03	15.18	13.86	14.05	17027800	245915008
2015/12/25	15.12	15.63	14.6	14.97	13884300	210638000
2015/12/24	15.69	15.92	15.01	15.13	15737700	240404000
2015/12/23	15.09	16.8	14.98	16	32000700	509193984
2015/12/22	14.6	16	14.6	15.33	23383900	357096992
2015/12/21	14.2	14.69	14.2	14.61	11475500	166044992
2015/12/18	14.69	14.78	14.2	14.46	12101700	175531008
2015/12/17	14.18	14.91	14.07	14.85	19054900	279496000
2015/12/16	14.47	14.68	14.1	14.11	12028200	172823008
2015/12/15	14.25	14.72	14.18	14.53	15041300	216995008
2015/12/14	13.78	14.35	13.4	14.31	14364700	201459008
2015/12/11	14.35	14.58	13.7	13.86	14895900	211014000
2015/12/10	14.03	14.72	14.03	14.35	18280000	261779008
2015/12/9	14.89	15.74	14.3	14.5	28902800	432198016
2015/12/8	15.02	15.45	14.62	14.7	31659000	474084992
2015/12/7	16.6	16.8	14.88	15.62	49166800	781036992
2015/12/4	14.5	15.86	14.42	15.86	36884800	563878016
2015/12/3	12.96	14.42	12.72	14.42	30606300	422684000
2015/12/2	13.45	13.9	12.9	13.11	40293300	546107008
2015/12/1	11.41	12.64	11.1	12.64	6056900	74823000
2015/11/30	11.52	11.69	10.6	11.49	9299000	105236000
2015/11/27	12.01	12.65	11.33	11.51	11961900	145722000
2015/11/26	12.97	12.97	12.39	12.42	10791400	136238000
2015/11/25	12.51	12.92	12.42	12.78	12643500	160888992
2015/11/24	12.35	12.52	12.14	12.52	8594600	106188000
2015/11/23	12.35	12.66	12.2	12.35	10825100	134631008
2015/11/20	12.36	12.7	12.15	12.44	11036800	137827008
2015/11/19	12.11	12.35	11.96	12.28	6995200	85046000
2015/11/18	12.46	12.65	12.02	12.06	9187700	113666000
2015/11/17	13	13.11	12.42	12.5	11885300	151848000
2015/11/16	12.19	12.8	12.1	12.8	10172500	127957000
2015/11/13	12.6	12.72	12.04	12.46	13575900	168362000
2015/11/12	12.85	13.39	12.5	12.67	17227700	221848992
2015/11/11	12.31	13.51	12.15	12.97	23209100	298236000
2015/11/10	12.08	12.5	11.95	12.3	14123100	173004992
2015/11/9	12	12.38	11.7	12.15	16208500	195324992
2015/11/6	11.66	12.74	11.66	12.23	19229000	236394000
2015/11/5	11.3	12	11.2	11.86	20652500	236712992
2015/11/4	11.01	11.49	11.01	11.45	11095200	125327000
2015/11/3	11.16	11.4	10.72	10.89	8904500	98550000
2015/11/2	11.22	11.8	10.89	11.07	16917200	190732992
2015/10/30	12.78	12.86	12.06	12.1	35165000	440784992
2015/10/29	11.29	12.32	11.29	12.32	24206600	294083008
2015/10/28	11.42	11.96	11.2	11.2	13201500	153166000
2015/10/27	11.45	11.67	10.73	11.42	14892900	166772000
2015/10/26	11.69	11.83	11.31	11.58	24270900	280919008
2015/10/23	11	11.98	10.96	11.93	31343900	364011008
2015/10/22	9.71	10.89	9.71	10.89	22422500	235532000
2015/10/21	10.9	11.51	9.9	9.9	26347000	283476000
2015/10/20	11.02	11.27	10.56	11	22263400	243304000
2015/10/19	10.21	11.23	10.02	11.23	28265100	300598016
2015/10/16	9.94	10.38	9.81	10.21	18972000	191376000
2015/10/15	9.42	9.94	9.32	9.92	13854000	134295008
2015/10/14	9.45	9.94	9.45	9.5	15999900	155178000
2015/10/13	9.35	9.65	9.3	9.52	14195200	134688992
2015/10/12	9	9.57	8.9	9.4	18862600	174710000
2015/10/9	8.7	8.97	8.61	8.9	12393800	109354000
2015/10/8	8.6	8.79	8.45	8.67	7109800	61518000
2015/9/30	8.25	8.42	8.2	8.27	3397900	28271000
2015/9/29	8.2	8.36	8.15	8.21	3748700	30927000
2015/9/28	8.46	8.59	8.15	8.44	4192600	35175000
2015/9/25	8.88	8.9	8.2	8.33	5967600	51043000
2015/9/24	8.81	9.02	8.79	8.92	5929400	52699000
2015/9/23	8.88	9	8.6	8.79	7772100	68667000
2015/9/22	8.72	9.18	8.65	9.14	10311000	91977000
2015/9/21	8.34	8.83	8.21	8.71	6903200	59463000
2015/9/18	8.46	8.68	8.32	8.53	5494000	46700000
2015/9/17	8.6	9.2	8.3	8.31	10426900	90845000
2015/9/16	7.86	8.65	7.85	8.64	8967900	73752000
2015/9/15	7.98	8.2	7.55	7.86	12904800	101360000
2015/9/14	9.45	9.58	8.39	8.39	13120900	118409000
2015/9/11	9.34	9.51	9	9.32	10514400	97839000
2015/9/10	9.62	9.94	9.3	9.36	12756600	122282000
2015/9/9	9.4	9.94	9.3	9.86	9798300	94795000
2015/9/8	8.8	9.45	8.71	9.36	6664100	60012000
2015/9/7	8.99	9.29	8.7	8.79	7310500	65791000
2015/9/2	8.86	9.68	8.41	8.61	10238400	92336000
2015/9/1	9.74	9.75	8.94	9.3	11089900	103046000
2015/8/31	10.21	10.36	9.7	9.72	9093300	91359000
2015/8/28	9.75	10.49	9.68	10.41	13450400	134844992
2015/8/27	9.5	9.66	8.7	9.54	10732400	100066000
2015/8/26	9.68	10.18	8.88	9.17	17293100	166967008
2015/8/25	9.68	10.03	9.68	9.68	14519200	141378000
2015/8/24	10.78	11.28	10.75	10.75	6904700	74495000
2015/8/21	13.29	13.31	11.93	11.94	14659700	184348992
2015/8/20	13.4	14.75	13.2	13.25	17983200	251164000
2015/8/19	13.11	14.6	12.77	14.05	19006900	257056000
2015/8/18	15.86	15.86	14.18	14.18	28265700	416129984
2015/8/17	16.6	16.81	15.51	15.76	34069100	547217984
2015/8/14	15.17	16.19	14.29	16.19	30646000	461321984
2015/8/13	13.8	14.87	13.35	14.72	30213700	431180000
2015/8/12	14.88	15	14	14.11	23286800	337670016
2015/8/11	13.34	14.43	13.13	14.43	25722800	364464000
2015/8/10	12.17	13.12	11.88	13.12	10386200	130490000
2015/8/7	11.4	11.95	11.4	11.93	6748000	79433000
2015/8/6	11.3	11.7	11.18	11.36	4979500	56869000
2015/8/5	11.9	12.09	11.48	11.6	14619100	172252992
2015/8/4	11	11.91	10.98	11.9	9460500	107339000
2015/8/3	11.98	12.25	10.85	10.85	8936100	101494000
2015/7/31	11.79	12.48	11.7	12.06	8063600	98248000
2015/7/30	12.31	13	11.91	12.13	12419300	156474000
2015/7/29	11.2	12.02	11	12.02	14722200	169332992
2015/7/28	10.9	12	10.85	10.93	14885500	166411008
2015/7/27	12.9	13.11	12.06	12.06	19279100	241246000
2015/7/24	14.08	14.39	13.35	13.4	23806100	329820992
2015/7/23	12.97	14.2	12.62	14.14	21988000	294024992
2015/7/22	13.02	13.26	12.52	12.98	13884500	179092992
2015/7/21	12.69	13.65	12.51	13.08	17787000	232608992
2015/7/20	12.5	13.11	12.05	13	18661600	235488992
2015/7/17	12.3	13.22	12.3	12.6	13113600	167166000
2015/7/16	11.1	12.68	11.05	12.26	11013200	133200000
2015/7/15	13.1	13.3	12.17	12.17	17309500	215452992
2015/7/14	13.75	14.8	13	13.52	21144900	293953984
2015/7/13	12.98	13.59	12.48	13.59	20027500	263578000
2015/7/10	11.19	12.35	11.15	12.35	19751700	239775008
2015/7/9	9.19	11.23	9.19	11.23	33534900	339156992
2015/7/8	10.21	10.21	10.21	10.21	9831000	100374000
2015/7/7	11.34	11.34	11.34	11.34	5939200	67350000
2015/7/6	15.25	15.35	12.6	12.6	15599300	208688992
2015/7/3	14	14.87	14	14	9579500	135412000
2015/7/2	17.27	17.28	15.55	15.55	10935600	172646000
2015/7/1	18.9	19.4	17.28	17.28	10472600	192296992
2015/6/30	17.4	19.61	16.94	19.2	15501500	283201984
2015/6/29	21.59	22.01	18.82	18.82	16177100	325472000
2015/6/26	21.24	22.75	19.26	20.91	21483300	450641984
2015/6/25	20.85	22.2	20.5	21.4	14652500	312902016
2015/6/24	18.9	20.66	18.9	20.66	12191100	241458000
2015/6/23	19.35	20.1	17.62	18.78	9640500	177538000
2015/6/19	21.68	21.68	19.58	19.58	7627500	155788000
2015/6/18	22.12	22.61	21.6	21.75	8386200	186244992
2015/6/17	21.13	22.12	19.5	22.12	11400000	235116000
2015/6/16	22.95	22.95	21	21.13	11755800	257571008
2015/6/15	24.38	24.86	22.8	23.33	11310600	272420992
2015/6/12	23.1	24.98	22.81	24.37	12906200	306353984
2015/6/11	23.73	24.16	23.16	23.16	8700400	204555008
2015/6/10	23.68	24.68	22.5	23.74	11361800	273595008
2015/6/9	22.51	23.99	22.18	23.71	11733000	275324000
2015/6/8	23	23.07	22	22.56	11363800	255760992
2015/6/5	23.63	24	22.5	23.41	11199600	263004992
2015/6/4	24.16	24.49	21.68	22.94	14523600	329366016
2015/6/3	25.47	25.66	24	24.09	12839600	317529984
2015/6/2	25.58	26.71	24.02	25.66	16029800	406787008
2015/6/1	25.37	26.88	25.07	25.55	12759900	330875008
2015/5/29	24.87	26.56	22.38	25.36	17218200	431183008
2015/5/28	24.66	26.93	24.66	24.87	27324700	715243008
2015/5/27	22.25	24.48	21.65	24.48	25424700	603544000
2015/5/26	22.72	23	21.85	22.25	16574200	369579008
2015/5/25	22.42	23.86	21.52	22.53	20642400	467857984
2015/5/22	21.25	23.38	20.23	23.15	23132300	514440992
2015/5/21	19.48	21.25	18.88	21.25	13654600	280422016
2015/5/20	17.85	19.57	17.85	19.32	15270000	290444000
2015/5/19	17.91	18.6	17.37	17.79	15156300	271204000
2015/5/18	16.36	18.34	16.02	17.91	23167500	403512992
2015/5/15	15.31	16.81	15	16.78	26491100	427920000
2015/5/14	14.95	15.61	14.86	15.28	13131300	200484000
2015/5/13	14.82	15.71	14.62	14.92	18460600	281863008
2015/5/12	14.48	15.21	14.45	14.8	13912500	206366000
2015/5/11	14.25	14.57	13.78	14.44	10348400	147758000
2015/5/8	13.22	14.3	13.22	14.16	14752100	204826000
2015/5/7	13.5	13.55	12.91	13	6929900	91246000
2015/5/6	14.05	14.2	13.41	13.55	8310700	115594000
2015/5/5	14.56	14.68	13.75	14	15293900	216300000
2015/5/4	15.25	15.58	14.85	14.89	13616900	206538000
2015/4/30	13.86	15.25	13.86	15.25	24120600	360472992
2015/4/29	13.56	14.2	13.56	13.86	8605600	120265000
2015/4/28	14.1	14.16	13.55	13.56	9611400	132236000
2015/4/27	14.49	14.49	13.98	14.16	11224100	158966000
2015/4/24	14.31	14.6	13.61	14.28	14888700	211295008
2015/4/23	15.2	15.26	14.62	14.78	13802900	206228992
2015/4/22	14.91	15.2	14.55	15.2	15988900	239680992
2015/4/21	14.81	15.77	14.44	14.92	23949300	355720000
2015/4/20	13.8	15.22	12.8	15.22	40076400	560926016
2015/4/17	13.63	14.89	13.63	13.84	18128900	256867008
2015/4/16	13.11	14.26	12.65	13.89	18903100	258970000
2015/4/15	15.97	15.97	13.57	13.6	33901500	486657984
2015/4/14	14.18	15.08	14.18	15.08	18530200	277943008
2015/4/13	12.46	13.71	12.22	13.71	14514500	193192992
2015/4/10	11.6	12.69	11.4	12.46	19909000	242352000
2015/4/9	11.4	11.75	11.18	11.68	17100600	195699008
2015/4/8	11.15	11.74	10.78	11.5	19161900	214650000
2015/4/7	11.27	11.29	10.97	11.13	13374300	149015008
2015/4/3	10.46	11.53	10.35	11.11	20179800	217040000
2015/4/2	10.95	10.95	10.5	10.63	14082700	149498000
2015/4/1	10.85	10.95	10.4	10.76	28919300	307595008
2015/3/31	9.56	10.45	9.4	10.45	26477600	266582000
2015/3/30	9.48	9.7	9.42	9.5	10875400	103587000
2015/3/27	9.34	9.5	9.24	9.49	9006200	84388000
2015/3/26	9.43	9.53	9.2	9.36	11273100	105685000
2015/3/25	9.22	9.5	9.08	9.36	9730000	90716000
2015/3/24	9.47	9.47	9.02	9.3	11165400	103714000
2015/3/23	9.47	9.6	9.3	9.5	10171700	95790000
2015/3/20	9.54	9.76	9.4	9.47	9782100	92912000
2015/3/19	9.48	9.81	9.31	9.55	12589900	120446000
2015/3/18	9.21	9.55	9.11	9.5	15454200	145168000
2015/3/17	9.02	9.25	9.01	9.23	15619200	142466000
2015/3/16	8.97	9.15	8.8	9.01	8014700	72294000
2015/3/13	8.81	8.99	8.81	8.87	4446200	39568000
2015/3/12	8.8	8.9	8.7	8.75	4778800	41956000
2015/3/11	8.98	9.06	8.77	8.8	7076500	62962000
2015/3/10	8.99	9.13	8.9	9.02	6972000	62899000
2015/3/9	8.91	9.19	8.9	9.02	4695900	42296000
2015/3/6	8.96	9.17	8.91	8.97	6859900	62044000
2015/3/5	9.02	9.18	8.87	8.95	6148500	55214000
2015/3/4	8.81	9.3	8.8	9.01	10648400	96662000
2015/3/3	8.98	9	8.83	8.86	9626600	85534000
2015/3/2	9.2	9.29	8.92	9.08	17709000	160488000
2015/2/27	8.76	9.65	8.72	9.2	13739300	127354000
2015/2/26	8.88	8.88	8.65	8.79	6456900	56465000
2015/2/25	9.2	9.2	8.78	8.88	13388000	119693000
2015/2/17	8.17	8.99	8.17	8.99	10028600	88628000
2015/2/16	8.16	8.26	8.13	8.17	2904200	23798000
2015/2/13	8.05	8.25	8.01	8.16	3514600	28746000
2015/2/12	7.85	8.11	7.85	8.05	2477200	19932000
2015/2/11	7.9	7.93	7.83	7.9	1463600	11540000
2015/2/10	7.71	7.86	7.63	7.83	1811500	14091000
2015/2/9	7.82	7.85	7.5	7.72	2459200	18978000
2015/2/6	8.01	8.1	7.72	7.85	3550700	28031000
2015/2/5	8.13	8.27	8.02	8.04	4012000	32717000
2015/2/4	8	8.39	8	8.15	4845600	39909000
2015/2/3	7.97	8.07	7.96	8.03	2292700	18382000
2015/2/2	7.95	8.08	7.92	7.96	3103300	24789000
2015/1/30	8.15	8.27	8.09	8.11	5234300	42702000
2015/1/29	8.11	8.34	8.06	8.22	6462400	53315000
2015/1/28	8.26	8.27	8.1	8.17	5064500	41520000
2015/1/27	8.19	8.4	8.01	8.24	8958200	73288000
2015/1/26	7.94	8.27	7.89	8.19	9301000	75732000
2015/1/23	7.83	8.28	7.7	8.03	10797800	86438000
2015/1/22	7.8	7.89	7.75	7.83	5187400	40500000
2015/1/21	7.65	7.9	7.53	7.8	6378300	49502000
2015/1/20	7.33	7.75	7.33	7.66	5697100	43054000
2015/1/19	7.6	7.78	7.25	7.33	5496600	41255000
2015/1/16	7.48	7.78	7.4	7.73	5777900	44151000
2015/1/15	7.38	7.53	7.32	7.45	4926700	36686000
2015/1/14	7.52	7.55	7.35	7.44	5280500	39150000
2015/1/13	7.71	7.71	7.48	7.54	7059900	53169000
2015/1/12	8.19	8.19	7.5	7.69	10015700	77659000
2015/1/9	8.02	8.55	7.9	8.23	26871600	221428992
2015/1/8	7.25	7.77	7.2	7.77	10642300	81363000
2015/1/7	7.07	7.22	6.99	7.06	2586100	18335000
2015/1/6	6.99	7.09	6.88	7.07	3260300	22723000
2015/1/5	6.87	6.99	6.74	6.98	3222100	22168000
2014/12/31	6.7	6.89	6.68	6.89	2970400	20099000
2014/12/30	7.01	7.01	6.62	6.72	5157600	34811000
2014/12/29	7.24	7.32	6.98	7.02	3092500	21945000
2014/12/26	7.21	7.27	7.17	7.23	2905200	20912000
2014/12/25	7.17	7.35	7.14	7.27	3477200	25257000
2014/12/24	7.03	7.22	7.03	7.17	2942100	21000000
2014/12/23	6.99	7.29	6.97	7.02	3365500	23933000
2014/12/22	7.69	7.69	6.94	7.04	6871700	49268000
2014/12/19	7.81	7.81	7.56	7.71	4034700	30964000
2014/12/18	7.85	7.95	7.82	7.84	3267600	25720000
2014/12/17	8.25	8.25	7.81	7.86	6631800	52829000
2014/12/16	8.38	8.4	8.12	8.18	7177500	59218000
2014/12/15	7.91	8.29	7.81	8.29	7655500	61684000
2014/12/12	8.04	8.05	7.83	7.99	4409300	34984000
2014/12/11	7.9	8.12	7.9	8.04	5674500	45658000
2014/12/10	7.77	7.97	7.6	7.89	5785400	45048000
2014/12/9	7.7	8.05	7.55	7.81	9811300	76495000
2014/12/8	7.7	7.83	7.56	7.79	6724100	51594000
2014/12/5	8.1	8.1	7.71	7.8	8156900	64162000
2014/12/4	8.15	8.15	7.99	8.11	7450300	60229000
2014/12/3	8.11	8.26	7.99	8.18	6922100	55903000
2014/12/2	8.06	8.5	8.06	8.15	5675000	46698000
2014/12/1	8.48	8.48	7.68	8.11	7150900	58207000
2014/11/28	8.56	8.57	8.34	8.51	6087000	51411000
2014/11/27	8.36	8.77	8.34	8.62	9545100	81893000
2014/11/26	8.3	8.39	8.24	8.34	4538600	37733000
2014/11/25	8.28	8.35	8.18	8.31	4893200	40599000
2014/11/24	8.38	8.39	8.23	8.25	5250200	43421000
2014/11/21	8.2	8.35	8.17	8.33	3529200	29164000
2014/11/20	8.33	8.6	8.25	8.27	6410600	54072000
2014/11/19	8.21	8.4	8.21	8.3	4690800	38969000
2014/11/18	7.9	8.52	7.82	8.25	7314800	60229000
2014/11/17	7.9	7.93	7.8	7.88	2178600	17182000
2014/11/14	7.79	7.86	7.7	7.86	1746600	13619000
2014/11/13	7.94	7.94	7.73	7.77	2983800	23271000
2014/11/12	7.77	7.95	7.73	7.91	2375400	18756000
2014/11/11	8.09	8.13	7.6	7.76	5139100	40503000
2014/11/10	8.18	8.24	8	8.13	4044500	32767000
2014/11/7	8.33	8.37	8.09	8.15	4110700	33893000
2014/11/6	8	8.37	7.93	8.35	7848900	64639000
2014/11/5	8.12	8.13	7.9	8	4901500	39226000
2014/11/4	8.19	8.23	8.1	8.13	2671200	21777000
2014/11/3	8.35	8.35	8.14	8.18	4344000	35700000
2014/10/31	8.15	8.32	8.15	8.27	3934900	32390000
2014/10/30	8.23	8.39	8.17	8.22	4309800	35623000
2014/10/29	8.17	8.27	8.13	8.27	4257800	34968000
2014/10/28	7.98	8.17	7.9	8.17	4125000	33278000
2014/10/27	7.78	7.99	7.74	7.94	3352700	26520000
2014/10/24	7.78	7.84	7.71	7.83	2913300	22653000
2014/10/23	8.06	8.16	7.7	7.74	6131700	48230000
2014/10/22	8.55	8.56	8.12	8.12	4594900	38389000
2014/10/21	8.52	8.8	8.52	8.56	4284800	37056000
2014/10/20	8.5	8.66	8.36	8.6	3961200	33660000
2014/10/17	8.32	8.58	8.2	8.57	6407500	53931000
2014/10/16	8.77	8.78	8.34	8.36	6628400	56818000
2014/10/15	8.95	8.98	8.67	8.81	4902900	43030000
2014/10/14	8.94	9.02	8.62	8.91	7272200	64485000
2014/10/13	9.2	9.21	8.9	8.98	6253600	56428000
2014/10/10	9.15	9.33	9	9.23	6030800	55322000
2014/10/9	9.4	9.42	9.1	9.15	7675100	70532000
2014/10/8	9.53	9.53	9.19	9.34	7093600	66245000
2014/9/30	9.59	9.74	9.48	9.53	5495600	52697000
2014/9/29	9.46	9.72	9.21	9.6	9620800	91252000
2014/9/26	9.63	9.63	9.2	9.4	12134300	113492000
2014/9/25	9.91	10.16	9.63	9.68	14640000	143276000
2014/9/24	8.97	9.91	8.96	9.91	24953800	244510000
2014/9/23	9	9.11	8.9	9.01	6188100	55675000
2014/9/22	8.91	9.17	8.56	9.09	9232500	81971000
2014/9/19	8.78	9.09	8.68	8.99	10366900	92329000
2014/9/18	8.96	8.96	8.57	8.76	13027200	114056000
2014/9/17	9.24	9.27	8.78	9.05	17718800	158936992
2014/9/16	9.64	10.25	9.1	9.27	33685400	328832992
2014/9/15	8.48	9.32	8.38	9.32	14499700	132345000
2014/9/12	7.76	8.5	7.71	8.47	11171000	92126000
2014/9/11	7.8	7.96	7.55	7.78	9206000	71820000
2014/9/10	7.25	7.98	7.25	7.83	10229100	78570000
2014/9/9	7.19	7.35	7.19	7.3	5384400	39201000
2014/9/5	7.35	7.46	7.24	7.33	8308700	61032000
2014/9/4	6.8	7.33	6.8	7.3	10344500	73457000
2014/9/3	6.78	6.9	6.75	6.83	6173900	42177000
2014/9/2	6.78	6.88	6.7	6.78	6577800	44550000
2014/9/1	6.48	7	6.48	6.71	8294600	56454000
2014/8/29	6.4	6.52	6.37	6.45	3915500	25294000
2014/8/28	6.37	6.45	6.31	6.4	2877100	18362000
2014/8/27	6.32	6.39	6.28	6.39	1852800	11752000
2014/8/26	6.54	6.56	6.29	6.34	2981900	19089000
2014/8/25	6.53	6.66	6.45	6.54	3764600	24711000
2014/8/22	6.39	6.61	6.39	6.53	4627900	30074000
2014/8/21	6.39	6.43	6.32	6.38	2594000	16535000
2014/8/20	6.29	6.42	6.27	6.39	3487700	22147000
2014/8/19	6.3	6.34	6.24	6.26	2852700	17915000
2014/8/18	6.25	6.3	6.2	6.3	3766300	23549000
2014/8/15	6.25	6.27	6.18	6.25	1676200	10436000
2014/8/14	6.29	6.35	6.2	6.21	2173800	13614000
2014/8/13	6.38	6.4	6.25	6.28	3868700	24410000
2014/8/12	6.21	6.44	6.2	6.42	4149900	26260000
2014/8/11	6.25	6.39	6.19	6.21	4640900	29125000
2014/8/8	6.05	6.27	6.02	6.25	4181200	25878000
2014/8/7	6.09	6.13	6.05	6.05	2111000	12839000
2014/8/6	6.11	6.15	6.05	6.13	2291400	13993000
2014/8/5	6.1	6.16	6.08	6.14	3895500	23860000
2014/8/4	6.03	6.12	6	6.09	2415700	14646000
2014/8/1	5.96	6.17	5.96	6.03	4026900	24499000
2014/7/31	6.08	6.08	5.97	6.02	2854600	17145000
2014/7/30	5.98	6.09	5.98	6.06	4081300	24668000
2014/7/29	5.98	6.02	5.94	5.98	2337200	13980000
2014/7/28	5.93	5.99	5.88	5.97	2048500	12196000
2014/7/25	5.8	5.92	5.8	5.92	1557400	9148000
2014/7/24	5.85	6.04	5.77	5.85	3050200	17977000
2014/7/23	5.9	5.95	5.83	5.85	1628600	9572000
2014/7/22	5.9	5.97	5.86	5.93	1447500	8573000
2014/7/21	5.97	5.99	5.83	5.92	1876300	11042000
2014/7/18	5.95	6.04	5.91	5.97	1675700	10006000
2014/7/17	6.04	6.08	5.91	5.95	2404300	14414000
2014/7/16	6.18	6.37	5.99	6.01	6499900	40134000
2014/7/15	5.83	6.39	5.79	6.25	7723700	47241000
2014/7/14	5.8	5.85	5.78	5.81	1370000	7955000
2014/7/11	5.74	5.87	5.73	5.78	1119200	6488000
2014/7/10	5.71	5.8	5.71	5.76	1339900	7719000
2014/7/9	5.91	5.93	5.75	5.79	1602400	9382000
2014/7/8	5.9	5.94	5.87	5.94	1065500	6292000
2014/7/7	5.92	5.94	5.87	5.92	1321200	7800000
2014/7/4	5.9	5.96	5.85	5.91	1576900	9285000
2014/7/3	5.9	5.95	5.85	5.92	2606800	15400000
2014/7/2	5.92	5.95	5.84	5.91	2061900	12133000
2014/7/1	5.94	5.99	5.81	5.92	1779200	10528000
2014/6/30	5.93	5.97	5.85	5.94	1983700	11756000
2014/6/27	5.8	6.03	5.8	5.93	3713400	22073000
2014/6/26	5.72	5.81	5.72	5.8	1773000	10247000
2014/6/25	5.7	5.85	5.69	5.76	1860800	10787000
2014/6/24	5.79	5.79	5.66	5.69	1521400	8710000
2014/6/23	5.7	5.86	5.68	5.79	2291600	13285000
2014/6/20	5.55	5.88	5.52	5.73	1918200	10966000
2014/6/19	5.74	5.85	5.55	5.55	2014200	11497000
2014/6/18	5.88	5.97	5.72	5.8	3357400	19483000
2014/6/17	5.48	6.06	5.45	5.89	6267200	36707000
2014/6/16	5.49	5.52	5.46	5.51	1108100	6087000
2014/6/13	5.38	5.52	5.37	5.48	1358200	7430000
2014/6/12	5.45	5.48	5.38	5.38	1487400	8065000
2014/6/11	5.5	5.53	5.4	5.44	1298000	7074000
2014/6/10	5.48	5.52	5.43	5.5	893100	4892000
2014/6/9	5.41	5.52	5.35	5.48	1169700	6358000
2014/6/6	5.54	5.54	5.38	5.41	1265500	6869000
2014/6/5	5.42	5.52	5.38	5.48	993300	5407000
2014/6/4	5.57	5.58	5.4	5.42	1510200	8228000
2014/6/3	5.69	5.69	5.51	5.56	1156700	6439000
2014/5/30	5.69	5.69	5.6	5.65	861900	4855000
2014/5/29	5.69	5.72	5.64	5.69	1280300	7276000
2014/5/28	5.57	5.83	5.56	5.72	1909800	10922000
2014/5/27	5.63	5.65	5.56	5.57	1167600	6533000
2014/5/26	5.68	5.7	5.63	5.65	1365700	7731000
2014/5/23	5.51	5.68	5.51	5.68	1169600	6566000
2014/5/22	5.55	5.65	5.51	5.56	1213400	6791000
2014/5/21	5.47	5.56	5.45	5.56	1115200	6148000
2014/5/20	5.55	5.64	5.51	5.53	1548200	8620000
2014/5/19	5.67	5.67	5.45	5.52	1956600	10839000
2014/5/16	5.6	5.73	5.55	5.7	1546900	8750000
2014/5/15	5.86	5.95	5.66	5.69	4036000	23271000
2014/5/14	6.09	6.34	5.88	5.98	7886200	48203000
2014/5/12	5.78	5.94	5.73	5.85	1981000	11616000
2014/5/9	5.93	5.93	5.7	5.72	2321000	13471000
2014/5/8	5.91	6	5.85	5.93	2167700	12842000
2014/5/7	6.04	6.09	5.89	5.91	2999900	17956000
2014/5/6	6.15	6.31	6.04	6.09	4866000	29966000
2014/5/5	6	6.29	5.99	6.18	4437400	27183000
2014/4/30	5.77	6.09	5.62	6.09	9521400	56466000
2014/4/29	5.8	5.92	5.58	5.8	6627900	37529000
2014/4/28	6.16	6.24	5.87	5.87	4491200	26714000
2014/4/25	6.33	6.57	6.11	6.18	7601700	47464000
2014/4/24	6.4	6.62	6.29	6.43	6881000	44457000
2014/4/23	6.09	6.38	6.05	6.38	4327100	26925000
2014/4/22	6.07	6.15	5.99	6.08	2595100	15705000
2014/4/21	5.89	6.15	5.86	6.09	3002300	18209000
2014/4/18	6	6	5.84	5.95	2892000	17064000
2014/4/17	6.13	6.14	6	6.01	2971700	17959000
2014/4/16	6.18	6.22	6.12	6.13	1757100	10834000
2014/4/15	6.12	6.19	6.08	6.18	2953300	18134000
2014/4/14	6.25	6.25	6	6.09	4991900	30410000
2014/4/11	6.27	6.37	6.24	6.25	2874500	18121000
2014/4/10	6.19	6.36	6.15	6.33	3424300	21331000
2014/4/9	6.18	6.23	6.12	6.2	2211200	13676000
2014/4/8	6.19	6.33	6.13	6.18	3912000	24280000
2014/4/4	6.01	6.3	6	6.25	3563000	21861000
2014/4/3	6.17	6.28	6	6.07	4339900	26624000
2014/4/2	6.3	6.41	6.1	6.12	6590100	40866000
2014/4/1	6.27	6.51	6.15	6.39	4817900	30642000
2014/3/31	6.65	6.65	6.35	6.35	8782900	56564000
2014/3/28	6.3	6.69	6.26	6.68	16996900	111897000
2014/3/27	6.07	6.37	6.07	6.37	13911100	88153000
2014/3/26	5.95	6.2	5.94	6.07	5385500	32855000
2014/3/25	5.91	6	5.9	5.94	2869800	17057000
2014/3/24	5.87	6.02	5.8	5.94	5647400	33423000
2014/3/21	5.81	5.99	5.76	5.94	4014600	23632000
2014/3/20	6	6.09	5.8	5.8	4754100	28400000
2014/3/19	5.97	6.1	5.93	6.01	4924600	29634000
2014/3/18	5.83	6.05	5.71	5.98	5175200	30506000
2014/3/17	5.87	6.02	5.64	5.85	6505400	38070000
2014/3/14	5.6	5.92	5.54	5.86	7149100	41303000
2014/3/13	5.35	5.64	5.3	5.64	3752600	21065000
2014/3/12	5.43	5.43	5.23	5.37	2968600	15760000
2014/3/11	5.71	5.79	5.41	5.45	7020400	38807000
2014/3/10	5.54	5.69	5.44	5.69	8584400	48524000
2014/3/7	5.16	5.42	5.12	5.42	3026400	16180000
2014/3/6	5.11	5.18	5.08	5.16	1558200	7994000
2014/3/5	5.09	5.13	5.03	5.11	1531700	7766000
2014/3/4	5.11	5.15	5.03	5.08	1767800	9005000
2014/3/3	5.05	5.18	5.03	5.12	1910100	9732000
2014/2/28	5.13	5.19	4.98	5.06	2110200	10660000
2014/2/27	5.22	5.3	5.11	5.11	2117800	11036000
2014/2/26	5.16	5.32	5.1	5.24	2140900	11179000
2014/2/25	5.45	5.49	5.2	5.23	2743800	14682000
2014/2/24	5.6	5.66	5.45	5.46	2603400	14437000
2014/2/21	5.4	5.63	5.26	5.61	4109900	22508000
2014/2/20	5.66	5.66	5.38	5.45	4332500	23792000
2014/2/19	5.7	5.73	5.61	5.65	2344500	13219000
2014/2/18	5.67	5.74	5.61	5.71	2989100	17013000
2014/2/17	5.64	5.7	5.6	5.67	3002500	16959000
2014/2/14	5.63	5.71	5.61	5.64	2564200	14545000
2014/2/13	5.63	5.7	5.61	5.63	2391400	13504000
2014/2/12	5.83	5.83	5.58	5.67	4985700	28386000
2014/2/11	5.92	5.95	5.84	5.85	2595400	15238000
2014/2/10	5.86	6.03	5.8	5.93	4221900	25004000
2014/2/7	5.67	6	5.64	5.93	4278100	25298000
2014/1/30	5.67	5.78	5.64	5.71	1505400	8580000
2014/1/29	5.62	5.8	5.58	5.67	2304800	13154000
2014/1/28	5.9	5.9	5.58	5.64	4460600	25347000
2014/1/27	6.01	6.07	5.8	5.81	6459700	38077000
2014/1/24	5.71	6.02	5.63	6.02	10049900	59863000
2014/1/23	5.77	5.84	5.57	5.73	7319400	41576000
2014/1/22	6	6.05	5.75	5.84	7915900	46241000
2014/1/21	5.99	6.15	5.76	6.05	8499600	50732000
2014/1/20	6.23	6.27	5.97	5.99	14472600	89057000
2014/1/17	5.8	5.97	5.8	5.97	8850200	52483000
2014/1/16	5.34	5.69	5.3	5.69	10374400	57860000
2014/1/15	5.21	5.69	5.19	5.42	10929300	58883000
2014/1/14	5.99	5.99	5.42	5.46	22265700	129497000
2014/1/13	5.7	5.7	5.7	5.7	501700	2860000
2014/1/8	5.43	5.43	5.43	5.43	1174700	6378000
2014/1/7	4.99	5.17	4.93	5.17	3544200	18221000
2014/1/6	4.68	4.92	4.63	4.92	6387600	31200000
2014/1/3	4.49	4.77	4.45	4.69	6770300	31598000
2014/1/2	4.47	4.62	4.18	4.62	13970000	61922000
2013/12/31	4.36	4.4	4.19	4.4	10270500	45139000
2012/11/12	4.45	4.55	4.19	4.19	12130500	51968000
2012/11/9	4.48	4.63	4.29	4.41	8305400	37166000
2012/11/8	4.75	4.77	4.51	4.51	5731900	26100000
2012/11/7	4.71	4.94	4.66	4.75	5595000	26930000
2012/11/6	4.55	4.8	4.47	4.77	8356700	38255000
2012/11/5	5	5	4.7	4.7	5556300	26474000
2012/11/2	4.95	5.09	4.91	4.95	3552700	17653000
2012/11/1	4.9	5.05	4.89	4.97	3398400	16905000
2012/10/31	4.89	5.18	4.89	4.98	6595900	33029000
2012/10/30	5.25	5.39	4.89	4.93	11026300	57097000
2012/10/29	4.88	5.15	4.85	5.15	10136300	51376000
2012/10/26	4.76	4.95	4.64	4.9	8662600	41869000
2012/10/25	4.66	4.87	4.66	4.76	10849900	52156000
2012/10/24	4.38	4.64	4.37	4.64	4889600	22243000
2012/10/23	4.46	4.55	4.42	4.42	4845600	21710000
2012/10/22	4.55	4.8	4.49	4.54	9102800	42022000
2012/10/19	4.83	4.83	4.37	4.66	18880900	87282000
2012/10/18	4.6	4.6	4.6	4.6	677600	3117000
2012/10/17	4.38	4.38	4.38	4.38	265500	1163000
2012/10/16	4.17	4.17	4.17	4.17	872200	3637000
2012/10/12	3.97	3.97	3.95	3.97	1540500	6114000
2012/10/11	3.6	3.78	3.58	3.78	5729500	21356000
2012/10/10	3.47	3.62	3.47	3.6	2725900	9755000
2012/10/9	3.49	3.6	3.49	3.51	3387800	12025000
2012/10/8	3.5	3.55	3.41	3.49	4189200	14548000
2012/9/28	3.3	3.39	3.23	3.39	1963100	6497000
2012/9/27	3.28	3.32	3.21	3.27	2462700	8071000
2012/9/26	3.2	3.36	3.18	3.27	2601900	8542000
2012/9/25	3.2	3.26	3.15	3.2	814900	2618000
2012/9/24	3.25	3.25	3.15	3.23	918100	2951000
2012/9/21	3.2	3.25	3.16	3.24	722300	2312000
2012/9/20	3.23	3.27	3.19	3.2	1164200	3747000
2012/9/19	3.28	3.31	3.26	3.28	803400	2639000
2012/9/18	3.23	3.3	3.2	3.25	687700	2239000
2012/9/17	3.33	3.34	3.23	3.23	1131900	3702000
2012/9/14	3.38	3.4	3.28	3.33	1239700	4111000
2012/9/13	3.4	3.44	3.35	3.36	1208700	4099000
2012/9/12	3.35	3.45	3.35	3.42	2074600	7073000
2012/9/11	3.36	3.36	3.29	3.33	932300	3098000
2012/9/10	3.32	3.44	3.32	3.36	1442000	4860000
2012/9/7	3.32	3.36	3.28	3.32	2050100	6814000
2012/9/6	3.29	3.33	3.27	3.29	906100	2979000
2012/9/5	3.29	3.35	3.24	3.29	858600	2824000
2012/9/4	3.34	3.4	3.29	3.29	1454500	4864000
2012/9/3	3.27	3.38	3.23	3.32	1328700	4414000
2012/8/31	3.21	3.33	3.21	3.28	1667300	5439000
2012/8/30	3.22	3.25	3.15	3.19	1499500	4799000
2012/8/29	3.24	3.28	3.21	3.25	1308700	4249000
2012/8/28	3.28	3.3	3.14	3.26	1874300	6027000
2012/8/27	3.18	3.37	3.18	3.31	4072000	13586000
2012/8/24	3.25	3.26	3.16	3.21	2339100	7486000
2012/8/23	3.2	3.35	3.19	3.24	3794300	12453000
2012/8/22	3.05	3.19	3.05	3.19	2864300	9049000
2012/8/21	2.97	3.1	2.95	3.04	1003700	3067000
2012/8/20	2.95	2.97	2.9	2.96	1041100	3056000
2012/8/17	2.98	2.98	2.94	2.96	572200	1692000
2012/8/16	2.96	2.98	2.88	2.97	847000	2491000
2012/8/15	2.99	3	2.94	2.94	955200	2823000
2012/8/14	2.86	3	2.86	2.99	1795600	5297000
2012/8/13	2.99	3.01	2.86	2.86	1415100	4146000
2012/8/10	3	3.05	2.97	3.01	850900	2557000
2012/8/9	3	3.02	2.93	3.01	714500	2131000
2012/8/8	2.97	3.01	2.9	3	1083500	3219000
2012/8/7	2.95	3.01	2.94	2.98	1276500	3803000
2012/8/6	2.85	2.99	2.83	2.94	1898100	5529000
2012/8/3	2.76	2.88	2.76	2.87	2228500	6320000
2012/8/2	2.68	2.83	2.68	2.77	3577200	9867000
2012/8/1	2.82	2.82	2.82	2.82	1743200	4915000
2012/7/31	2.97	2.97	2.97	2.97	392500	1165000
2012/7/30	3.13	3.13	3.13	3.13	834000	2610000
2012/7/27	3.32	3.37	3.25	3.29	1113700	3673000
2012/7/26	3.36	3.41	3.3	3.34	1026900	3454000
2012/7/25	3.5	3.5	3.31	3.42	1547400	5285000
2012/7/24	3.48	3.5	3.43	3.46	1806000	6238000
2012/7/23	3.55	3.6	3.42	3.5	2929200	10308000
2012/7/20	3.41	3.57	3.38	3.47	2448600	8575000
2012/7/19	3.35	3.44	3.3	3.4	1372100	4641000
2012/7/18	3.36	3.38	3.29	3.36	784000	2610000
2012/7/17	3.27	3.39	3.23	3.36	937600	3122000
2012/7/16	3.46	3.47	3.28	3.29	2723800	9039000
2012/7/13	3.45	3.54	3.4	3.45	1123400	3913000
2012/7/12	3.4	3.49	3.36	3.44	1497500	5148000
2012/7/11	3.26	3.45	3.26	3.45	2160300	7340000
2012/7/10	3.39	3.42	3.27	3.29	1836800	6113000
2012/7/9	3.51	3.57	3.4	3.4	3148600	10823000
2012/7/6	3.55	3.61	3.5	3.58	2624900	9375000
2012/7/5	3.4	3.63	3.33	3.55	4663100	16554000
2012/7/4	3.45	3.5	3.38	3.46	1348800	4631000
2012/7/3	3.34	3.5	3.34	3.45	3399700	11715000
2012/7/2	3.17	3.34	3.12	3.34	1514100	4965000
2012/6/29	3.2	3.24	3.12	3.18	1350700	4306000
2012/6/28	3.17	3.19	3.1	3.16	829600	2612000
2012/6/27	3.21	3.24	3.15	3.15	972600	3107000
2012/6/26	3.19	3.24	3.08	3.22	1496800	4721000
2012/6/25	3.31	3.39	3.17	3.19	1557900	5120000
2012/6/21	3.28	3.37	3.24	3.33	1984100	6563000
2012/6/20	3.39	3.42	3.22	3.28	1774900	5888000
2012/6/19	3.37	3.44	3.37	3.38	931400	3177000
2012/6/18	3.43	3.44	3.34	3.4	1652600	5601000
2012/6/15	3.43	3.49	3.39	3.43	1240300	4264000
2012/6/14	3.49	3.51	3.42	3.43	1991400	6872000
2012/6/13	3.54	3.54	3.43	3.49	2397000	8338000
2012/6/12	3.51	3.59	3.46	3.54	1833400	6466000
2012/6/11	3.58	3.58	3.45	3.51	3088800	10817000
2012/6/8	3.38	3.53	3.33	3.52	5588800	19557000
2012/6/7	3.4	3.48	3.34	3.36	3371800	11475000
2012/6/6	3.32	3.42	3.32	3.42	6143300	20823000
2012/6/5	3.09	3.26	3.09	3.26	2477600	7946000
2012/6/4	3.1	3.18	3.04	3.1	1464300	4560000
2012/6/1	3.21	3.24	3.12	3.18	2802000	8845000
2012/5/31	3.25	3.26	3.2	3.2	1382600	4460000
2012/5/30	3.23	3.28	3.18	3.25	1648200	5330000
2012/5/29	3.2	3.27	3.15	3.23	1543100	4965000
2012/5/28	3.2	3.2	3.09	3.2	2713600	8549000
2012/5/24	3.41	3.45	3.24	3.25	4310800	14261000
2012/5/23	3.36	3.49	3.34	3.41	5223600	17977000
2012/5/22	3.4	3.46	3.34	3.36	4179400	14158000
2012/5/21	3.25	3.42	3.23	3.4	8871300	30159000
2012/5/18	3.16	3.35	3.13	3.26	3510700	11502000
2012/5/17	3.11	3.31	3.1	3.26	6592800	21489000
2012/5/16	3.32	3.33	3.1	3.15	7178300	22880000
2012/5/15	3.2	3.2	3.2	3.2	3451400	11044000
2012/5/11	3.05	3.07	2.97	3.05	3051100	9216000
2012/5/10	3.06	3.09	2.98	3.05	3508100	10659000
2012/5/9	3.11	3.19	3.01	3.06	5315200	16489000
2012/5/8	2.93	3.1	2.9	3.1	11785300	36451000
2012/5/7	2.75	2.95	2.72	2.95	9584800	27323000
2012/5/4	2.6	2.87	2.6	2.81	12691900	34140000
2012/5/3	2.74	2.74	2.74	2.74	592200	1622000
2012/5/2	2.88	2.88	2.88	2.88	1014400	2921000
2012/4/27	3.05	3.07	2.99	3.03	1849900	5592000
2012/4/26	3.11	3.11	3.03	3.06	2214200	6808000
2012/4/25	3.04	3.12	2.97	3.11	3730200	11385000
2012/4/24	3.15	3.17	3.01	3.06	4301800	13190000
2012/4/23	3.33	3.34	3.15	3.17	4228800	13614000
2012/4/20	3.21	3.32	3.21	3.32	2589500	8496000
2012/4/19	3.25	3.31	3.24	3.28	2198600	7200000
2012/4/18	3.21	3.27	3.19	3.25	2614100	8466000
2012/4/17	3.29	3.31	3.2	3.2	3191800	10355000
2012/4/16	3.27	3.36	3.24	3.29	3384100	11166000
2012/4/13	3.24	3.39	3.22	3.31	3847700	12758000
2012/4/12	3.19	3.24	3.15	3.23	2669600	8556000
2012/4/11	3.11	3.19	3.07	3.17	2570900	8105000
2012/4/10	3.07	3.14	3.02	3.13	3038600	9423000
2012/4/9	3.02	3.16	2.96	3.12	4445700	13733000
2012/4/6	2.99	3.04	2.97	3.01	2186900	6574000
2012/4/5	2.9	3	2.88	3	2331400	6888000
2012/3/30	2.91	2.94	2.88	2.9	2123800	6187000
2012/3/29	3	3	2.9	2.93	3435000	10054000
2012/3/28	3.2	3.2	3.05	3.05	2341900	7240000
2012/3/27	3.19	3.24	3.17	3.21	2547500	8137000
2012/3/26	3.21	3.23	3.17	3.18	1971000	6313000
2012/3/23	3.18	3.33	3.16	3.21	4813600	15623000
2012/3/22	3.18	3.21	3.13	3.18	3163300	10031000
2012/3/21	3.28	3.31	3.13	3.21	5329900	17018000
2012/3/20	3.34	3.35	3.27	3.28	3374100	11136000
2012/3/19	3.33	3.36	3.29	3.36	2581700	8596000
2012/3/16	3.25	3.35	3.21	3.33	3544800	11690000
2012/3/15	3.42	3.42	3.28	3.28	5990100	19809000
2012/3/14	3.62	3.67	3.45	3.45	6719900	23780000
2012/3/13	3.55	3.63	3.54	3.63	4105700	14690000
2012/3/12	3.73	3.73	3.58	3.59	5667700	20698000
2012/3/9	3.55	3.6	3.5	3.57	3788700	13456000
2012/3/8	3.52	3.57	3.48	3.55	3301900	11639000
2012/3/7	3.56	3.67	3.52	3.52	4568500	16416000
2012/3/6	3.55	3.66	3.43	3.62	6947300	24691000
2012/3/5	3.51	3.58	3.49	3.53	3797700	13419000
2012/3/2	3.44	3.52	3.44	3.51	2989600	10449000
2012/3/1	3.49	3.5	3.38	3.47	4339800	14945000
2012/2/29	3.45	3.59	3.45	3.51	8824000	31042000
2012/2/28	3.42	3.48	3.35	3.47	4635500	15827000
2012/2/27	3.45	3.51	3.42	3.44	4815100	16677000
2012/2/24	3.38	3.46	3.37	3.45	4205800	14416000
2012/2/23	3.42	3.46	3.33	3.4	4678600	15867000
2012/2/22	3.45	3.48	3.41	3.46	3476800	11979000
2012/2/21	3.36	3.47	3.34	3.46	4529100	15439000
2012/2/20	3.37	3.41	3.34	3.35	2974500	10039000
2012/2/17	3.41	3.42	3.26	3.35	4563300	15219000
2012/2/16	3.48	3.52	3.34	3.41	7332800	24991000
2012/2/15	3.45	3.53	3.4	3.51	6229900	21771000
2012/2/14	3.4	3.49	3.38	3.44	6299000	21581000
2012/2/13	3.27	3.43	3.22	3.4	6653700	22158000
2012/2/10	3.22	3.38	3.22	3.3	5312500	17562000
2012/2/9	3.21	3.38	3.21	3.26	4527400	14948000
2012/2/8	3.14	3.28	3.09	3.23	4617000	14779000
2012/2/7	3.3	3.33	3.19	3.19	5128000	16434000
2012/2/6	3.43	3.43	3.3	3.36	7927600	26566000
2012/2/3	3.15	3.3	3.15	3.3	4647600	15246000
2012/2/2	3.22	3.22	3.1	3.14	6538600	20568000
2012/2/1	3.15	3.22	3.08	3.22	12790100	40826000
2012/1/31	2.91	3.07	2.91	3.07	3621900	10998000
2012/1/30	2.91	2.98	2.86	2.92	2222300	6532000
2012/1/20	2.85	2.94	2.85	2.9	1866400	5406000
2012/1/19	2.84	2.92	2.81	2.86	1870600	5353000
2012/1/18	2.84	2.89	2.78	2.79	1827800	5175000
2012/1/17	2.69	2.84	2.69	2.84	2208900	6152000
2012/1/16	2.75	2.77	2.68	2.7	1603600	4364000
2012/1/13	2.95	2.95	2.77	2.77	3491800	9846000
2012/1/12	2.92	2.98	2.91	2.92	2439200	7190000
2012/1/11	2.96	2.98	2.9	2.94	3008100	8842000
2012/1/10	2.86	2.99	2.85	2.98	4250300	12474000
2012/1/9	2.77	2.9	2.69	2.89	3426400	9708000
2012/1/6	2.7	2.8	2.7	2.77	3794700	10354000
2012/1/5	2.68	2.85	2.67	2.84	6166100	17443000
2012/1/4	2.75	2.78	2.69	2.71	1415800	3878000
2011/12/30	2.67	2.78	2.67	2.73	1977600	5385000
2011/12/29	2.6	2.74	2.6	2.66	1471700	3950000
2011/12/28	2.67	2.69	2.57	2.66	3224800	8385000
2011/12/27	2.83	2.84	2.7	2.71	2826800	7761000
2011/12/26	2.9	2.94	2.83	2.84	1823700	5262000
2011/12/23	2.79	2.95	2.76	2.9	2501100	7193000
2011/12/22	2.81	2.88	2.72	2.84	3183100	8778000
2011/12/21	2.96	3.04	2.85	2.86	4638900	13721000
2011/12/20	2.81	2.96	2.79	2.96	5290100	15552000
2011/12/19	2.76	2.83	2.72	2.82	2442000	6750000
2011/12/16	2.67	2.84	2.63	2.81	3946700	10620000
2011/12/15	2.8	2.83	2.71	2.71	5068900	13803000
2011/12/14	2.92	2.98	2.84	2.85	2412900	7016000
2011/12/13	3.09	3.09	2.99	2.99	2911500	8742000
2011/12/12	3.32	3.36	3.15	3.15	1852000	5950000
2011/12/9	3.28	3.38	3.26	3.32	1837300	6091000
2011/12/8	3.34	3.37	3.19	3.32	2988600	9854000
2011/12/7	3.29	3.4	3.19	3.35	3858300	12647000
2011/12/6	3.33	3.33	3.22	3.29	3811100	12469000
2011/12/5	3.51	3.57	3.39	3.39	3897700	13419000
2011/12/2	3.75	3.75	3.57	3.57	6136700	22006000
2011/12/1	3.77	3.83	3.72	3.76	3478700	13133000
2011/11/30	3.87	3.87	3.71	3.71	2239500	8383000
2011/11/29	3.88	3.92	3.75	3.91	3810100	14626000
2011/11/28	3.95	3.97	3.79	3.84	4606800	17838000
2011/11/25	4.14	4.16	3.95	3.96	3808900	15369000
2011/11/24	4.19	4.19	4.11	4.16	2613200	10830000
2011/11/23	4.24	4.27	4.19	4.21	1502000	6344000
2011/11/22	4.24	4.26	4.16	4.23	1956400	8226000
2011/11/21	4.32	4.37	4.21	4.26	2380600	10136000
2011/11/18	4.48	4.49	4.34	4.35	2373300	10447000
2011/11/17	4.43	4.52	4.43	4.48	1826700	8190000
2011/11/16	4.6	4.63	4.43	4.46	3539800	15975000
2011/11/15	4.53	4.65	4.49	4.63	4322100	19784000
2011/11/14	4.49	4.54	4.44	4.52	3034000	13650000
2011/11/11	4.43	4.48	4.39	4.45	1783400	7915000
2011/11/10	4.44	4.47	4.37	4.43	3161400	13996000
2011/11/9	4.47	4.5	4.39	4.47	2457300	10948000
2011/11/8	4.5	4.51	4.45	4.45	2143000	9610000
2011/11/7	4.51	4.53	4.48	4.5	1790100	8060000
2011/11/4	4.48	4.55	4.47	4.52	3547500	15994000
2011/11/3	4.47	4.55	4.45	4.47	5181200	23255000
2011/11/2	4.4	4.49	4.37	4.47	2748900	12165000
2011/11/1	4.41	4.48	4.39	4.46	2766600	12313000
2011/10/31	4.42	4.46	4.38	4.44	2124700	9399000
2011/10/28	4.43	4.5	4.39	4.46	4559500	20256000
2011/10/27	4.32	4.5	4.29	4.44	5204700	22730000
2011/10/26	4.35	4.42	4.31	4.39	2941600	12835000
2011/10/25	4.3	4.39	4.25	4.38	2196400	9488000
2011/10/24	4.22	4.3	4.18	4.26	2322700	9859000
2011/10/21	4.29	4.3	4.22	4.22	1375500	5847000
2011/10/20	4.47	4.47	4.27	4.3	3488900	15076000
2011/10/19	4.48	4.56	4.36	4.49	4164400	18475000
2011/10/18	4.7	4.7	4.47	4.47	4197500	19167000
2011/10/17	4.79	4.83	4.68	4.71	3040300	14433000
2011/10/14	4.81	4.86	4.7	4.78	2728700	13027000
2011/10/13	4.8	4.9	4.77	4.8	3659000	17687000
2011/10/12	4.72	4.86	4.64	4.84	2650400	12710000
2011/10/11	4.74	4.83	4.68	4.7	2352800	11158000
2011/10/10	4.75	4.78	4.66	4.68	1888800	8893000
2011/9/30	4.62	4.73	4.57	4.69	2615800	12191000
2011/9/29	4.8	4.86	4.61	4.62	5592900	26202000
2011/9/28	5.05	5.11	4.78	4.85	5245100	25840000
2011/9/27	5.12	5.18	4.96	5.03	5486900	27775000
2011/9/26	5.13	5.33	5.05	5.09	9940100	51108000
2011/9/23	5.5	5.5	5.25	5.25	14073100	75102000
2011/9/22	5.26	5.53	5.19	5.53	23917000	131137000
2011/9/21	5.1	5.35	5.06	5.27	6249900	32872000
2011/9/20	5.11	5.15	4.98	5.11	2255200	11431000
2011/9/19	5.24	5.28	5.08	5.09	3168500	16332000
2011/9/16	5.15	5.29	5.1	5.25	4398200	22886000
2011/9/15	5.22	5.26	5.13	5.15	3343200	17309000
2011/9/14	5.18	5.29	5.14	5.22	3589900	18672000
2011/9/13	5.07	5.39	5.04	5.2	6579900	34494000
2011/9/9	4.99	5.2	4.95	5.14	4647800	23684000
2011/9/8	4.95	5.02	4.93	4.97	1891000	9422000
2011/9/7	4.88	4.96	4.87	4.95	1565200	7704000
2011/9/6	4.84	4.96	4.8	4.87	1891600	9251000
2011/9/5	5.03	5.03	4.84	4.89	2568300	12626000
2011/9/2	5.06	5.15	5	5.08	4013600	20401000
2011/9/1	4.92	5.16	4.9	5.03	5076500	25825000
2011/8/31	5.02	5.04	4.85	4.91	2702900	13301000
2011/8/30	5	5.09	4.99	5.02	2183500	11024000
2011/8/29	5	5.04	4.96	5.03	2320400	11628000
2011/8/26	5.04	5.05	4.99	5.03	1896700	9543000
2011/8/25	4.99	5.06	4.97	5.03	1883900	9451000
2011/8/24	5.02	5.1	4.97	4.97	1986800	9981000
2011/8/23	4.96	5.04	4.92	5.02	1505100	7539000
2011/8/22	4.89	5.02	4.89	4.96	2304100	11414000
2011/8/19	4.79	4.96	4.71	4.92	2956700	14265000
2011/8/18	5.08	5.14	4.95	4.95	4890700	24648000
2011/8/17	4.83	5.07	4.8	5.07	7877200	39559000
2011/8/16	4.88	4.91	4.8	4.83	2585900	12545000
2011/8/15	4.8	4.89	4.78	4.88	2497200	12127000
2011/8/12	4.72	4.84	4.67	4.83	3503800	16677000
2011/8/11	4.47	4.74	4.47	4.72	3617200	16771000
2011/8/10	4.71	4.78	4.67	4.69	3217500	15168000
2011/8/9	4.57	4.68	4.57	4.64	5474600	25147000
2011/8/8	5.05	5.05	4.81	4.81	3217000	15666000
2011/8/5	5.06	5.13	5.01	5.06	3083200	15672000
2011/8/4	5.13	5.22	5.06	5.22	3150700	16293000
2011/8/3	5.12	5.15	5	5.13	1768700	9022000
2011/8/2	5.2	5.26	5.08	5.16	2704500	13930000
2011/8/1	5.08	5.23	5.06	5.2	4073800	21037000
2011/7/29	5.05	5.13	5	5.09	3018000	15291000
2011/7/28	5.11	5.17	4.98	5.06	4829400	24413000
2011/7/27	5.09	5.2	5.09	5.18	2902900	14961000
2011/7/26	5.18	5.21	5.04	5.14	3895000	19933000
2011/7/25	5.46	5.46	5.19	5.19	9153800	48291000
2011/7/22	5.32	5.52	5.32	5.46	10731000	58350000
2011/7/21	5.29	5.37	5.25	5.32	7885800	41978000
2011/7/20	5.24	5.31	5.2	5.27	2850900	14997000
2011/7/19	5.26	5.27	5.15	5.22	4155500	21617000
2011/7/18	5.31	5.36	5.26	5.27	4862400	25825000
2011/7/15	5.29	5.36	5.26	5.31	7135000	37840000
2011/7/14	5.27	5.31	5.23	5.28	7896500	41571000
2011/7/13	5.2	5.29	5.12	5.23	6574500	34342000
2011/7/12	5.24	5.31	5.2	5.2	6920900	36406000
2011/7/11	5.29	5.35	5.23	5.3	9331700	49332000
2011/7/8	5.31	5.36	5.21	5.34	10195300	53898000
2011/7/7	5.22	5.46	5.19	5.36	13604100	71840000
2011/7/6	5.24	5.29	5.15	5.27	5420800	28252000
2011/7/5	5.22	5.31	5.16	5.27	10034300	52404000
2011/7/4	5.19	5.26	5.11	5.26	7522500	39008000
2011/7/1	5.16	5.28	5.07	5.16	4890700	25226000
2011/6/30	5.12	5.18	5.03	5.1	2755500	14033000
2011/6/29	5.03	5.27	4.94	5.16	4523700	23187000
2011/6/27	5	5.05	4.97	5.02	1594400	7982000
2011/6/24	4.89	5.03	4.86	4.98	1726600	8580000
2011/6/23	4.82	4.93	4.77	4.9	1357900	6620000
2011/6/22	4.82	4.84	4.76	4.82	608800	2924000
2011/6/21	4.78	4.83	4.75	4.82	1038800	4979000
2011/6/20	4.8	4.83	4.71	4.75	1517500	7238000
2011/6/17	4.87	4.9	4.77	4.77	999600	4829000
2011/6/16	4.91	4.99	4.79	4.87	2056200	10024000
2011/6/15	5.02	5.13	4.97	5.01	2233300	11248000
2011/6/14	4.94	5.04	4.93	5.01	1391900	6949000
2011/6/13	5.03	5.03	4.82	4.94	2564500	12554000
2011/6/10	4.92	5.16	4.83	5.07	3581900	17793000
2011/6/9	5.22	5.25	4.91	4.91	3135500	16143000
2011/6/8	5.12	5.14	4.91	5.14	1823300	9281000
2011/6/7	5.05	5.23	5.01	5.12	1649400	8447000
2011/6/3	4.91	5.09	4.91	5.06	1548600	7803000
2011/6/2	5	5.04	4.78	4.99	1376600	6774000
2011/6/1	5.02	5.07	4.97	5.03	1154600	5785000
2011/5/31	4.95	5.04	4.85	5.02	1192500	5897000
2011/5/30	4.89	4.98	4.76	4.9	998700	4875000
2011/5/27	5.09	5.11	4.88	4.89	1535900	7643000
2011/5/26	5.15	5.18	5.04	5.09	1484200	7589000
2011/5/25	5.17	5.23	5.1	5.12	1340400	6918000
2011/5/24	5.21	5.23	5.03	5.17	2068600	10568000
2011/5/23	5.56	5.58	5.27	5.27	2698300	14395000
2011/5/19	5.68	5.72	5.54	5.55	1873100	10516000
2011/5/18	5.57	5.78	5.56	5.67	2979000	16874000
2011/5/17	5.6	5.64	5.49	5.61	2544400	14215000
2011/5/16	5.65	5.65	5.57	5.6	1845800	10347000
2011/5/13	5.61	5.67	5.6	5.65	1848500	10423000
2011/5/12	5.55	5.68	5.4	5.65	3577700	20011000
2011/5/11	5.56	5.61	5.53	5.59	2253500	12583000
2011/5/10	5.55	5.57	5.51	5.56	1136300	6295000
2011/5/9	5.48	5.54	5.44	5.54	1468900	8080000
2011/5/6	5.51	5.54	5.4	5.48	2035000	11122000
2011/5/5	5.41	5.54	5.37	5.5	1973300	10831000
2011/5/4	5.52	5.54	5.4	5.42	1659000	9063000
2011/5/3	5.43	5.61	5.43	5.53	2146400	11891000
2011/4/29	5.36	5.48	5.24	5.46	2449800	13197000
2011/4/28	5.61	5.66	5.4	5.4	4141000	22645000
2011/4/27	5.9	6	5.68	5.68	2572800	14956000
2011/4/26	6.1	6.1	5.88	5.98	1929300	11473000
2011/4/25	6.35	6.39	6.06	6.06	2942600	18126000
2011/4/22	6.48	6.5	6.3	6.38	1843600	11743000
2011/4/21	6.4	6.52	6.38	6.48	1907800	12281000
2011/4/20	6.4	6.46	6.3	6.43	2237600	14275000
2011/4/19	6.5	6.59	6.27	6.38	3837500	24517000
2011/4/18	6.41	6.64	6.38	6.58	3301700	21622000
2011/4/15	6.52	6.65	6.32	6.38	3588400	23126000
2011/4/14	6.52	6.72	6.47	6.53	3505000	23108000
2011/4/13	6.56	6.74	6.46	6.51	5555300	36720000
2011/4/12	6.4	6.69	6.31	6.58	8965500	59272000
2011/4/11	6.24	6.38	6.21	6.37	3783100	23786000
2011/4/8	6.11	6.26	6.11	6.25	2975800	18483000
2011/4/7	6.17	6.24	6.11	6.2	3066100	18939000
2011/4/6	6.35	6.39	6.13	6.19	6279300	39273000
2011/4/1	6.18	6.2	6.1	6.2	6320900	39162000
2011/3/31	5.96	6.09	5.88	5.9	1817800	10851000
2011/3/30	6.1	6.1	5.95	5.98	2059000	12366000
2011/3/29	5.95	6.22	5.87	6.06	4066600	24508000
2011/3/28	5.86	6.02	5.86	5.95	3627000	21623000
2011/3/25	5.8	5.88	5.78	5.86	2618700	15312000
2011/3/24	5.81	5.83	5.73	5.79	1771400	10214000
2011/3/23	5.84	5.87	5.77	5.82	1890900	10969000
2011/3/22	5.8	5.92	5.76	5.84	2031600	11878000
2011/3/21	5.8	5.8	5.7	5.77	1626000	9336000
2011/3/18	5.81	5.82	5.7	5.79	1367100	7885000
2011/3/17	5.83	5.87	5.71	5.72	1800800	10432000
2011/3/16	5.92	5.94	5.76	5.87	2608900	15254000
2011/3/15	5.78	5.98	5.72	5.93	5321300	31311000
2011/3/14	5.72	5.8	5.63	5.78	1746100	10034000
2011/3/11	5.67	5.84	5.66	5.78	2172400	12518000
2011/3/10	5.71	5.72	5.56	5.67	2136500	12056000
2011/3/9	5.8	5.88	5.71	5.73	1763200	10161000
2011/3/8	5.82	5.82	5.74	5.79	1793500	10353000
2011/3/7	5.8	5.9	5.75	5.82	2676400	15512000
2011/3/4	5.72	5.96	5.72	5.85	4171300	24497000
2011/3/3	5.9	5.95	5.63	5.68	5510300	31931000
2011/3/2	5.59	5.86	5.55	5.86	8137600	47424000
2011/3/1	5.5	5.61	5.46	5.58	3214200	17799000
2011/2/28	5.45	5.52	5.38	5.52	2101700	11449000
2011/2/25	5.38	5.47	5.38	5.47	1395600	7580000
2011/2/24	5.39	5.43	5.3	5.39	1064600	5720000
2011/2/23	5.31	5.37	5.3	5.37	1096600	5845000
2011/2/22	5.52	5.54	5.29	5.31	2055700	11106000
2011/2/21	5.47	5.54	5.38	5.51	2074100	11343000
2011/2/18	5.52	5.59	5.47	5.49	1466400	8091000
2011/2/17	5.57	5.58	5.49	5.56	1595600	8839000
2011/2/16	5.47	5.58	5.46	5.57	1494400	8243000
2011/2/15	5.41	5.64	5.4	5.53	3264600	18058000
2011/2/14	5.4	5.45	5.36	5.42	2168700	11721000
2011/2/11	5.4	5.44	5.36	5.4	1483200	7996000
2011/2/10	5.35	5.48	5.35	5.42	1681400	9100000
2011/2/9	5.28	5.48	5.28	5.4	1407400	7595000
2011/2/1	5.32	5.41	5.28	5.35	1184800	6344000
2011/1/31	5.15	5.44	5.12	5.4	2355300	12640000
2011/1/28	5	5.2	5	5.18	1552300	7878000
2011/1/27	5.03	5.07	4.92	5.02	1477900	7400000
2011/1/26	5.09	5.12	4.92	5.07	2447800	12311000
2011/1/25	5.46	5.47	5.15	5.16	3978700	21207000
2011/1/14	5.28	5.3	5.12	5.21	3440100	17866000
2011/1/13	5.64	5.65	5.3	5.39	7957100	44139000
2011/1/12	5.33	5.38	5.17	5.38	1825700	9751000
2011/1/11	4.96	5.12	4.93	5.12	1809600	9234000
2011/1/10	5.1	5.1	4.88	4.88	1409100	7053000
2011/1/7	5.01	5.23	5	5.08	2282100	11629000
2011/1/6	5.05	5.05	4.95	5	1388900	6942000
2011/1/5	5.04	5.1	4.98	5.03	1512900	7616000
2011/1/4	5.03	5.05	4.97	5.02	1804900	9040000
2010/12/31	4.97	5.03	4.93	5.01	1196900	5963000
2010/12/30	4.88	5.01	4.83	4.96	2065800	10191000
2010/12/29	4.81	5.04	4.81	4.9	3376900	16426000
2010/12/28	5.21	5.22	5.05	5.06	1485700	7622000
2010/12/27	5.47	5.56	5.2	5.24	2102300	11313000
2010/12/24	5.54	5.54	5.4	5.47	1060900	5786000
2010/12/23	5.58	5.59	5.44	5.52	1004400	5538000
2010/12/22	5.56	5.61	5.53	5.58	1257700	6993000
2010/12/21	5.44	5.65	5.41	5.59	1808500	10068000
2010/12/20	5.6	5.65	5.32	5.45	1689000	9256000
2010/12/17	5.55	5.63	5.51	5.6	1707800	9547000
2010/12/16	5.53	5.57	5.46	5.53	1128500	6235000
2010/12/15	5.64	5.64	5.46	5.5	2186600	12097000
2010/12/14	5.53	5.66	5.51	5.64	1481500	8240000
2010/12/13	5.5	5.56	5.47	5.55	1739300	9592000
2010/12/10	5.36	5.53	5.33	5.5	2059100	11172000
2010/12/9	5.46	5.51	5.34	5.34	2056800	11149000
2010/12/8	5.48	5.54	5.37	5.4	1310600	7179000
2010/12/7	5.43	5.56	5.33	5.49	1281200	6954000
2010/12/6	5.58	5.58	5.41	5.46	1433500	7852000
2010/12/3	5.62	5.65	5.53	5.6	1123500	6267000
2010/12/2	5.71	5.75	5.59	5.62	1461500	8252000
2010/12/1	5.62	5.65	5.48	5.55	1560900	8652000
2010/11/30	5.85	5.94	5.6	5.64	2705300	15389000
2010/11/29	5.73	5.9	5.68	5.89	2867300	16719000
2010/11/26	5.8	5.82	5.66	5.75	1500800	8622000
2010/11/25	5.7	5.89	5.66	5.81	2680800	15485000
2010/11/24	5.65	5.72	5.6	5.69	1618100	9178000
2010/11/23	5.68	5.68	5.51	5.68	1417000	7925000
2010/11/22	5.52	5.79	5.45	5.68	3527800	19994000
2010/11/19	5.57	5.58	5.41	5.55	1373900	7552000
2010/11/18	5.45	5.56	5.37	5.5	1246300	6810000
2010/11/17	5.52	5.62	5.36	5.44	1661500	9117000
2010/11/16	5.8	5.84	5.52	5.56	2544700	14420000
2010/11/15	5.78	5.83	5.55	5.8	3551300	20199000
2010/11/12	6.13	6.17	5.83	5.83	3695800	22019000
2010/11/11	6.14	6.27	6.12	6.14	4061400	25189000
2010/11/10	6.29	6.41	6.16	6.18	4794600	30006000
2010/11/9	6.22	6.43	6.13	6.38	6458100	40785000
2010/11/8	5.98	6.27	5.98	6.24	6943400	42815000
2010/11/5	6.01	6.01	5.88	5.98	4290300	25435000
2010/11/4	5.83	6	5.8	5.95	3465300	20586000
2010/11/3	5.93	5.93	5.74	5.85	3650700	21288000
2010/11/2	5.89	5.98	5.85	5.92	3247100	19154000
2010/11/1	5.89	5.94	5.85	5.93	3387300	19922000
2010/10/29	5.86	5.97	5.85	5.91	2120900	12493000
2010/10/28	5.94	5.97	5.82	5.88	2053000	12085000
2010/10/27	5.91	6.05	5.9	5.99	1971000	11762000
2010/10/26	6.05	6.06	5.87	5.91	2668400	15905000
2010/10/25	5.87	6.15	5.86	6.06	2826300	17068000
2010/10/22	5.87	5.97	5.75	5.86	2274300	13413000
2010/10/21	5.86	5.9	5.76	5.85	1562400	9130000
2010/10/20	5.81	5.92	5.75	5.84	2429600	14180000
2010/10/19	5.69	5.96	5.63	5.94	2412300	14020000
2010/10/18	6	6.1	5.69	5.69	4576500	26288000
2010/10/15	6.05	6.11	5.96	5.99	2696800	16274000
2010/10/14	6.46	6.48	6.13	6.13	4235900	26470000
2010/10/13	6.55	6.58	6.4	6.45	2930100	18926000
2010/10/12	6.58	6.68	6.44	6.55	3526100	23101000
2010/10/11	6.95	6.95	6.62	6.63	4001300	26888000
2010/9/30	6.5	6.79	6.5	6.73	2647600	17821000
2010/9/29	6.43	6.7	6.43	6.59	2812200	18563000
2010/9/28	6.42	6.48	6.33	6.46	1743500	11177000
2010/9/27	6.42	6.46	6.3	6.43	1932900	12336000
2010/9/21	6.28	6.54	6.28	6.38	2202100	14020000
2010/9/20	6.64	6.64	6.31	6.31	3883400	24895000
2010/9/17	6.68	6.87	6.6	6.64	3664000	24566000
2010/9/16	7.19	7.19	6.75	6.88	9080400	63611000
2010/9/8	6.69	7	6.58	6.85	3811200	26004000
2010/9/7	6.65	6.79	6.61	6.7	2553200	17125000
2010/9/6	6.72	7.06	6.68	6.74	5945000	40890000
2010/9/3	6.4	6.72	6.26	6.72	5976200	38859000
2010/9/2	6.36	6.5	6.26	6.4	3255500	20783000
2010/9/1	6.55	6.65	6.31	6.35	3955100	25429000
2010/8/31	6.53	6.71	6.45	6.55	4237500	27955000
2010/8/30	6.57	6.61	6.38	6.55	5108800	33061000
2010/8/27	6.83	6.83	6.35	6.5	6225100	40697000
2010/8/25	6.44	6.8	6.33	6.64	7631100	50564000
2010/8/24	6.55	6.73	6.31	6.51	10718900	69967000
2010/8/23	6.19	6.45	6.19	6.45	6374600	41039000
2010/8/20	6.01	6.3	5.89	6.14	9632500	58977000
2010/8/19	5.86	6	5.8	6	6354700	38037000
2010/8/18	5.8	5.8	5.64	5.71	1922900	10990000
2010/8/17	5.76	5.86	5.74	5.78	2474400	14352000
2010/8/16	5.53	5.76	5.53	5.76	2673100	15166000
2010/8/13	5.39	5.57	5.39	5.54	1437300	7905000
2010/8/12	5.44	5.56	5.42	5.44	1674400	9180000
2010/8/11	5.42	5.58	5.42	5.56	1982700	10943000
2010/8/10	5.8	5.87	5.56	5.56	3562800	20272000
2010/8/9	5.66	5.94	5.63	5.85	4238000	24445000
2010/8/6	5.48	5.74	5.45	5.7	3228700	18127000
2010/8/5	5.51	5.64	5.46	5.53	2130100	11867000
2010/8/4	5.51	5.55	5.38	5.49	2407400	13145000
2010/8/3	5.58	5.73	5.55	5.55	3446300	19439000
2010/8/2	5.55	5.6	5.48	5.57	2469100	13685000
2010/7/30	5.6	5.62	5.46	5.53	2643000	14624000
2010/7/29	5.53	5.7	5.47	5.65	3266600	18182000
2010/7/28	5.44	5.56	5.37	5.54	4026900	22090000
2010/7/27	5.21	5.52	5.19	5.52	3737000	20051000
2010/7/26	5.22	5.27	5.17	5.26	2259700	11819000
2010/7/23	5.22	5.27	5.11	5.19	1636900	8461000
2010/7/22	5.19	5.25	5.14	5.21	1347300	6988000
2010/7/21	5.37	5.37	5.14	5.17	2569700	13382000
2010/7/20	5.06	5.18	5.03	5.15	1888700	9669000
2010/7/19	4.82	5.06	4.8	5.06	1631600	8102000
2010/7/16	4.9	4.9	4.7	4.82	1454900	6968000
2010/7/15	5.04	5.09	4.9	4.9	1164800	5843000
2010/7/14	5	5.12	5	5.07	1286600	6519000
2010/7/13	5.21	5.25	4.99	5.04	1708200	8640000
2010/7/12	5.15	5.29	5.13	5.23	1497000	7815000
2010/7/9	5.09	5.19	5.04	5.17	1428000	7339000
2010/7/8	5.16	5.16	5.04	5.08	1274300	6482000
2010/7/7	5.15	5.16	5.04	5.12	1475700	7532000
2010/7/6	5	5.17	5	5.17	1248800	6348000
2010/7/5	4.92	5.02	4.89	4.99	1041800	5174000
2010/7/2	5.05	5.13	4.8	5	1685000	8344000
2010/7/1	5.07	5.15	5.02	5.05	1031500	5239000
2010/6/30	5.09	5.19	5.07	5.07	1218600	6227000
2010/6/29	5.52	5.66	5.34	5.34	1498100	8109000
2010/6/28	5.68	5.74	5.6	5.62	760700	4308000
2010/6/25	5.74	5.76	5.6	5.69	946300	5372000
2010/6/24	5.67	5.8	5.67	5.74	1010900	5811000
2010/6/23	5.82	5.87	5.65	5.74	1887000	10855000
2010/6/22	5.87	5.92	5.72	5.89	1835600	10743000
2010/6/21	5.69	5.93	5.5	5.89	2698100	15477000
2010/6/18	5.91	6.08	5.66	5.72	2764400	16284000
2010/6/17	6.39	6.39	5.94	5.95	4899600	30098000
2010/6/11	6.25	6.25	6.18	6.25	4269700	26680000
2010/6/10	5.88	6.09	5.83	5.95	2478400	14787000
2010/6/9	5.89	5.94	5.7	5.9	2177100	12793000
2010/6/8	6.02	6.02	5.71	5.87	2143900	12610000
2010/6/7	5.86	6.06	5.74	5.98	3105000	18216000
2010/6/4	5.99	6.11	5.63	6.04	7525600	44283000
2010/6/3	5.82	5.82	5.82	5.82	902000	5249000
2010/6/2	5.31	5.54	5.31	5.54	1601100	8839000
2010/6/1	5.32	5.38	5.28	5.28	2336800	12364000
2010/5/28	5.54	5.64	5.49	5.56	3137400	17381000
2010/5/27	5.52	5.69	5.39	5.59	5597500	31106000
2010/5/26	5.16	5.42	5.1	5.42	3439800	18420000
2010/5/25	5.31	5.38	5.12	5.16	3416800	17998000
2010/5/24	5.18	5.42	5.13	5.39	4809700	25741000
2010/5/21	5.08	5.25	5.01	5.24	4114800	20847000
2010/5/20	5.55	5.64	5.27	5.27	2966500	15904000
2010/5/19	5.69	5.79	5.55	5.55	4329300	24279000
2010/5/18	5.84	5.95	5.84	5.84	4351700	25444000
2010/5/17	6.31	6.43	6.15	6.15	2261800	14050000
2010/5/14	6.46	6.56	6.39	6.47	1935300	12535000
2010/5/13	6.54	6.62	6.33	6.54	1964800	12737000
2010/5/12	6.53	6.72	6.28	6.53	2127400	13978000
2010/5/11	6.55	6.78	6.55	6.59	3653500	24332000
2010/5/10	6.25	6.59	6.25	6.54	3282800	21293000
2010/5/7	6.26	6.55	6.12	6.42	2320900	14813000
2010/5/6	6.46	6.77	6.35	6.38	3606000	23696000
2010/5/5	6.23	6.56	6.23	6.56	2701100	17410000
2010/5/4	6.26	6.38	6.22	6.25	2030500	12797000
2010/4/30	6.45	6.47	6.13	6.3	5124500	32244000
2010/4/29	6.66	6.82	6.43	6.43	4597000	30160000
2010/4/28	6.78	7.22	6.77	6.77	5745800	39789000
2010/4/26	7.23	7.38	6.97	7.13	5382200	38573000
2010/4/23	7.66	7.66	7.25	7.25	6693100	49356000
2010/4/22	7.75	7.77	7.57	7.63	4547000	34800000
2010/4/21	7.78	7.82	7.69	7.73	5504100	42584000
2010/4/20	7.74	7.93	7.61	7.79	4713200	36693000
2010/4/19	7.65	8.09	7.58	7.82	8565100	67394000
2010/4/16	7.88	7.92	7.68	7.71	3675600	28517000
2010/4/15	7.83	8.04	7.75	7.86	6045700	47673000
2010/4/14	7.72	7.98	7.66	7.78	4979600	38757000
2010/4/13	7.96	7.99	7.59	7.78	9333000	72383000
2010/4/12	8.1	8.18	7.93	7.99	7367600	59079000
2010/4/9	7.99	8.17	7.94	8.13	9327300	75343000
2010/4/8	8.02	8.12	7.89	8.05	9186000	73651000
2010/4/7	7.78	8.14	7.72	8.07	10800000	85375000
2010/4/6	7.87	7.9	7.73	7.79	5973700	46583000
2010/4/2	7.66	8.04	7.62	7.82	13949000	109176000
2010/4/1	7.53	7.75	7.41	7.71	12144200	91682000
2010/3/30	7.58	7.64	7.45	7.51	8161300	61257000
2010/3/29	7.67	7.73	7.5	7.56	10065900	76501000
2010/3/26	7.77	7.96	7.7	7.71	13565200	105700000
2010/3/25	7.7	7.87	7.46	7.82	16853600	128726000
2010/3/24	7.59	7.9	7.55	7.76	13404000	103442000
2010/3/23	7.86	7.9	7.66	7.67	22474400	174100992
2010/3/22	7.68	8.29	7.68	8.06	35212400	277836992
2010/3/19	8.08	8.08	8.08	8.08	3264800	26379000
2010/3/18	7.82	9.2	7.3	8.5	57641600	473404000

:						
000017 A  						
      	    	    	    	    	    	    