2019/9/23	3.26	3.28	3.18	3.2	6500400	20882668
2019/9/20	3.27	3.32	3.26	3.29	5847700	19272870
2019/9/19	3.28	3.29	3.24	3.27	4850090	15803322
2019/9/18	3.28	3.3	3.27	3.27	3495600	11485663
2019/9/17	3.39	3.39	3.25	3.27	9201733	30458572
2019/9/16	3.39	3.4	3.36	3.39	6691400	22659748
2019/9/12	3.38	3.4	3.37	3.39	6862626	23229824
2019/9/11	3.42	3.42	3.36	3.37	10535873	35614296
2019/9/10	3.43	3.44	3.39	3.41	9179126	31282762
2019/9/9	3.42	3.43	3.37	3.42	14164085	48131136
2019/9/6	3.37	3.46	3.32	3.41	19655727	66564008
2019/9/5	3.33	3.41	3.32	3.37	20283855	68350296
2019/9/4	3.35	3.42	3.3	3.38	25913134	87316752
2019/9/3	3.27	3.3	3.25	3.29	10607301	34627008
2019/9/2	3.2	3.43	3.19	3.31	18706004	61944388
2019/8/30	3.21	3.22	3.16	3.2	5378184	17128472
2019/8/29	3.22	3.23	3.18	3.19	4584600	14660751
2019/8/28	3.19	3.22	3.18	3.21	5723820	18329542
2019/8/27	3.14	3.2	3.14	3.2	5560820	17683366
2019/8/26	3.16	3.16	3.11	3.13	4932000	15453244
2019/8/23	3.22	3.23	3.19	3.21	4429228	14183012
2019/8/22	3.21	3.26	3.19	3.24	5430000	17486440
2019/8/21	3.18	3.24	3.17	3.19	5002102	16021795
2019/8/20	3.19	3.26	3.18	3.21	8456502	27268500
2019/8/19	3.13	3.19	3.11	3.18	7828762	24714842
2019/8/16	3.12	3.15	3.09	3.11	5534902	17268798
2019/8/15	3.05	3.12	3.02	3.11	7427678	22843160
2019/8/14	3.16	3.19	3.14	3.15	7743416	24491136
2019/8/13	3.2	3.21	3.08	3.13	14714584	46011104
2019/8/12	3.25	3.26	3.2	3.25	5416030	17480750
2019/8/9	3.39	3.4	3.24	3.25	9498664	31432684
2019/8/8	3.38	3.42	3.37	3.39	6758380	22869620
2019/8/7	3.46	3.5	3.35	3.37	10746472	36608648
2019/8/6	3.32	3.49	3.29	3.46	21699308	73776744
2019/8/5	3.34	3.41	3.31	3.32	8215624	27626384
2019/8/2	3.29	3.34	3.26	3.31	6845896	22612478
2019/8/1	3.37	3.41	3.33	3.35	8457700	28481064
2019/7/31	3.6	3.6	3.4	3.42	18676204	64873344
2019/7/30	3.6	3.63	3.58	3.61	11451638	41257688
2019/7/29	3.59	3.69	3.59	3.63	18204180	66201128
2019/7/25	3.9	3.93	3.84	3.9	10521202	41053560
2019/7/24	3.91	3.92	3.86	3.91	8578796	33419662
2019/7/23	3.73	3.9	3.73	3.89	9759762	37547076
2019/7/22	3.85	3.86	3.74	3.74	7432800	28056712
2019/7/19	3.88	3.9	3.84	3.87	4817900	18654740
2019/7/18	3.86	3.92	3.84	3.84	7257500	28061478
2019/7/17	3.83	3.91	3.82	3.86	7554600	29159408
2019/7/16	3.79	3.95	3.78	3.87	10231882	39570024
2019/7/15	3.75	3.82	3.75	3.8	4808300	18188734
2019/7/12	3.76	3.83	3.75	3.8	7066700	26826322
2019/7/11	3.74	3.79	3.71	3.72	4915800	18399518
2019/7/10	3.77	3.78	3.71	3.74	3687200	13799573
2019/7/9	3.75	3.79	3.71	3.78	4442801	16656263
2019/7/8	3.83	3.83	3.69	3.73	8355600	31273722
2019/7/5	3.81	3.86	3.8	3.84	4955144	18978440
2019/7/4	3.82	3.85	3.79	3.81	6486200	24729192
2019/7/3	3.96	3.98	3.8	3.84	19172902	74029936
2019/7/2	4	4	3.96	3.98	7052200	28065336
2019/7/1	4	4.02	3.97	4.01	12008340	47991800
2019/6/28	3.98	4.02	3.93	3.95	10215960	40615148
2019/6/27	3.98	4.02	3.96	3.97	8864658	35286924
2019/6/26	3.97	4.01	3.95	3.98	7911841	31452606
2019/6/25	3.98	4.01	3.93	4.01	13593934	53991788
2019/6/24	4.04	4.05	3.95	3.97	15167900	60462096
2019/6/21	4.02	4.07	4.02	4.04	19576086	79194720
2019/6/20	4.01	4.07	3.98	4.04	25220722	101424064
2019/6/19	4.11	4.17	4.02	4.05	36037292	147351696
2019/6/18	4.13	4.24	4.07	4.1	55193751	227983040
2019/6/17	3.95	4.38	3.88	4.29	86040150	363253632
2019/6/14	3.9	4.08	3.83	3.98	27742507	109943704
2019/6/13	3.82	3.9	3.79	3.89	10538062	40699748
2019/6/12	3.85	3.94	3.81	3.82	11239800	43428176
2019/6/11	3.7	3.86	3.7	3.86	10875482	41501820
2019/6/10	3.66	3.73	3.66	3.71	3949700	14631491
2019/6/6	3.75	3.8	3.61	3.66	7877200	29228134
2019/6/5	3.77	3.8	3.74	3.75	4166820	15685799
2019/6/4	3.86	3.86	3.71	3.73	8582400	32441082
2019/6/3	3.93	3.98	3.85	3.87	13683004	53221868
2019/5/31	3.83	4.02	3.8	3.98	24233037	95171264
2019/5/30	3.82	3.88	3.77	3.85	8407500	32158030
2019/5/29	3.82	3.89	3.76	3.86	9405956	36083408
2019/5/28	3.91	3.96	3.82	3.84	13008800	50561448
2019/5/27	3.72	3.86	3.69	3.84	9696700	36853008
2019/5/24	3.7	3.81	3.68	3.72	6852900	25713518
2019/5/23	3.82	3.86	3.75	3.76	13593600	51685808
2019/5/22	3.73	4.04	3.71	3.9	25507910	99284336
2019/5/21	3.65	3.79	3.63	3.73	8438140	31435942
2019/5/20	3.67	3.71	3.57	3.67	8537239	31058002
2019/5/17	3.89	3.93	3.68	3.71	22121377	84128800
2019/5/16	3.82	4.09	3.77	3.96	41168395	160693472
2019/5/15	3.78	4.02	3.72	3.9	40667435	160935360
2019/5/14	3.65	3.71	3.62	3.65	4414640	16130818
2019/5/13	3.7	3.72	3.67	3.68	4381300	16182428
2019/5/10	3.61	3.79	3.53	3.75	11960390	43951824
2019/5/9	3.6	3.7	3.6	3.6	4806004	17503628
2019/5/8	3.6	3.71	3.58	3.65	4749650	17384158
2019/5/7	3.64	3.71	3.58	3.69	5539657	20253078
2019/5/6	3.9	3.9	3.56	3.64	12319867	46033476
2019/4/30	3.88	3.97	3.86	3.95	9114590	35781812
2019/4/29	3.85	4	3.82	3.86	10352771	40424824
2019/4/26	3.9	3.93	3.84	3.88	7732200	30064452
2019/4/25	4.05	4.08	3.91	3.91	13703536	54789520
2019/4/24	3.99	4.07	3.95	4.06	8744574	35053544
2019/4/23	4.11	4.11	3.93	3.98	13807420	55561812
2019/4/22	4.17	4.2	4.09	4.12	15015641	62406016
2019/4/19	4.12	4.18	4.06	4.17	15438265	63632568
2019/4/18	4.14	4.17	4.09	4.12	14489798	59786700
2019/4/17	4.13	4.15	4.09	4.14	15461724	63779060
2019/4/16	4.08	4.14	4	4.14	17201750	70176192
2019/4/15	4.24	4.24	4.07	4.08	15218125	63112212
2019/4/12	4.11	4.12	4.05	4.1	11555662	47201252
2019/4/11	4.12	4.18	4.1	4.12	17495462	72227200
2019/4/10	4.13	4.19	4.1	4.15	20968022	86826488
2019/4/9	4.3	4.3	4.15	4.17	30846656	129409344
2019/4/8	4.27	4.5	4.24	4.3	55000911	239524176
2019/4/4	4.1	4.33	4.07	4.21	46409322	196187232
2019/4/3	4.06	4.15	4.03	4.11	24691906	101389784
2019/4/2	4	4.07	3.98	4.05	20034835	80759392
2019/4/1	3.92	4	3.9	3.99	18347066	72826080
2019/3/29	3.8	3.89	3.74	3.88	14418912	55093812
2019/3/28	3.89	3.91	3.79	3.79	13030000	50143200
2019/3/27	3.88	3.94	3.82	3.92	15164327	58790916
2019/3/26	3.92	4.02	3.88	3.89	15897731	62616712
2019/3/25	3.97	4	3.9	3.92	14575968	57654032
2019/3/22	4.01	4.05	3.93	4.04	15374255	61541040
2019/3/21	3.99	4.02	3.94	4	15133065	60506964
2019/3/20	4.02	4.02	3.9	3.97	14533560	57409164
2019/3/19	4.04	4.05	3.96	4	12692473	50742472
2019/3/18	3.95	4.03	3.92	4.02	13874352	55232608
2019/3/15	3.89	3.94	3.87	3.92	12716351	49678492
2019/3/14	3.98	4.05	3.82	3.86	20503202	80165896
2019/3/13	4.17	4.17	3.99	4.02	29051283	118419344
2019/3/12	4.23	4.33	4.1	4.17	36842875	154629072
2019/3/11	3.99	4.2	3.99	4.17	29591526	121624312
2019/3/8	4.1	4.35	4.01	4.06	59602853	249606784
2019/3/7	4.03	4.23	3.99	4.18	47803443	197670544
2019/3/6	3.87	4.09	3.84	4.03	40609050	161054640
2019/3/5	3.75	3.88	3.72	3.87	28284150	107608760
2019/3/4	3.72	3.83	3.7	3.78	27439019	103001128
2019/3/1	3.73	3.77	3.65	3.71	12809602	47315640
2019/2/28	3.68	3.74	3.66	3.71	14814848	54763396
2019/2/27	3.69	3.76	3.64	3.68	25132128	93048208
2019/2/26	3.7	3.8	3.64	3.71	37851262	140686112
2019/2/25	3.57	3.7	3.53	3.68	32272678	116975248
2019/2/22	3.5	3.54	3.46	3.54	13830385	48649248
2019/2/21	3.55	3.58	3.48	3.49	20633790	72800312
2019/2/20	3.48	3.55	3.45	3.55	15670940	54835760
2019/2/19	3.51	3.55	3.45	3.51	22218039	77733640
2019/2/18	3.48	3.58	3.43	3.54	25485759	89378368
2019/2/15	3.43	3.58	3.42	3.43	29315355	102016264
2019/2/14	3.34	3.39	3.3	3.33	9682384	32312008
2019/2/13	3.28	3.35	3.27	3.34	11917594	39455948
2019/2/12	3.24	3.29	3.22	3.26	10067164	32756006
2019/2/11	3.18	3.24	3.15	3.23	6289064	20161752
2019/2/1	3.1	3.16	3.08	3.16	7019623	21962408
2019/1/31	3.12	3.16	3.04	3.07	9101427	28213980
2019/1/30	3.21	3.23	3.1	3.12	9325302	29550270
2019/1/29	3.33	3.37	3.15	3.24	14932654	48384856
2019/1/28	3.45	3.46	3.34	3.37	9228300	31250650
2019/1/25	3.5	3.52	3.41	3.41	16539754	57056008
2019/1/24	3.57	3.6	3.5	3.55	25384149	89830760
2019/1/23	3.58	3.83	3.53	3.62	44174471	161321200
2019/1/22	3.32	3.65	3.29	3.65	24827484	89387392
2019/1/21	3.31	3.35	3.28	3.32	13077902	43369292
2019/1/18	3.21	3.53	3.21	3.37	21924080	74157600
2019/1/17	3.24	3.27	3.19	3.21	4993700	16076655
2019/1/16	3.28	3.3	3.24	3.26	3854600	12569363
2019/1/15	3.25	3.3	3.22	3.28	7952640	25894206
2019/1/14	3.22	3.28	3.22	3.23	4511028	14650608
2019/1/11	3.19	3.24	3.19	3.23	4417300	14223542
2019/1/10	3.23	3.23	3.19	3.19	4182500	13438969
2019/1/9	3.26	3.27	3.22	3.23	5294940	17196420
2019/1/8	3.25	3.27	3.22	3.23	5862706	18971640
2019/1/7	3.19	3.3	3.16	3.28	12787902	41330844
2019/1/4	3.06	3.2	3.02	3.19	8108224	25390544
2019/1/3	3.08	3.13	3.06	3.1	3831000	11866499
2019/1/2	3.13	3.16	3.06	3.08	3494362	10781960
2018/12/28	3.11	3.14	3.09	3.13	3489102	10870483
2018/12/27	3.24	3.24	3.1	3.11	4329000	13765921
2018/12/26	3.2	3.22	3.16	3.18	3376804	10741209
2018/12/25	3.29	3.29	3.11	3.2	8431400	26890910
2018/12/24	3.51	3.56	3.25	3.31	13901201	46646200
2018/12/21	3.54	3.54	3.5	3.53	2325500	8181707
2018/12/20	3.51	3.55	3.5	3.54	2223100	7845449
2018/12/19	3.59	3.6	3.5	3.52	4119417	14543326
2018/12/18	3.59	3.61	3.55	3.58	1950000	6976921
2018/12/17	3.62	3.64	3.58	3.61	3171721	11437726
2018/12/14	3.69	3.69	3.63	3.65	3187700	11673828
2018/12/13	3.67	3.71	3.65	3.69	3443563	12689226
2018/12/12	3.67	3.7	3.66	3.67	2475641	9100118
2018/12/11	3.69	3.72	3.64	3.67	3542180	13023988
2018/12/10	3.62	3.65	3.6	3.64	2395202	8685014
2018/12/7	3.67	3.68	3.64	3.65	2349802	8594897
2018/12/6	3.77	3.77	3.63	3.65	6215750	22969270
2018/12/5	3.78	3.8	3.73	3.75	6717302	25257564
2018/12/4	3.81	3.96	3.78	3.85	12050992	46782596
2018/12/3	3.76	3.83	3.73	3.81	8498300	32252648
2018/11/30	3.68	3.74	3.65	3.74	5513900	20394014
2018/11/29	3.72	3.74	3.66	3.67	5084000	18823354
2018/11/28	3.61	3.76	3.58	3.73	7606131	28036380
2018/11/27	3.61	3.63	3.56	3.61	4905240	17655804
2018/11/26	3.66	3.67	3.55	3.6	6610756	23800388
2018/11/23	3.84	3.86	3.62	3.66	8601402	32239994
2018/11/22	3.86	3.87	3.83	3.84	3998900	15387245
2018/11/21	3.8	3.86	3.79	3.86	6313725	24168396
2018/11/20	3.9	3.92	3.85	3.85	8456960	32877092
2018/11/19	3.94	3.95	3.89	3.94	9803163	38458688
2018/11/16	3.96	3.96	3.91	3.92	12702628	49902396
2018/11/15	3.92	3.98	3.91	3.96	13655211	53802656
2018/11/14	3.93	4.05	3.91	3.96	23085162	91592552
2018/11/13	4.14	4.14	3.89	4.05	54609004	219243008
2018/6/8	3.73	3.77	3.69	3.76	10482868	39174408
2018/6/7	3.7	3.75	3.7	3.74	7042380	26316686
2018/6/6	3.69	3.73	3.64	3.72	7427836	27402494
2018/6/5	3.63	3.7	3.61	3.69	6219962	22771726
2018/6/4	3.69	3.71	3.62	3.64	6032400	22014372
2018/6/1	3.56	3.84	3.55	3.69	16352495	60589996
2018/5/31	3.59	3.61	3.5	3.55	4907187	17422466
2018/5/30	3.72	3.72	3.57	3.58	6905702	25058784
2018/5/29	3.8	3.82	3.74	3.76	5279060	19913994
2018/5/28	3.91	3.92	3.79	3.8	5978600	22996708
2018/5/25	3.95	3.97	3.88	3.9	4850100	18963976
2018/5/24	3.92	3.97	3.91	3.93	6255500	24717232
2018/5/23	3.96	3.97	3.92	3.92	4432900	17473714
2018/5/22	3.96	3.97	3.92	3.97	5263270	20785980
2018/5/21	3.91	3.98	3.91	3.97	8101386	32025734
2018/5/18	3.88	3.91	3.85	3.91	4673002	18155768
2018/5/17	3.85	3.91	3.84	3.88	4131202	16000341
2018/5/16	3.85	3.9	3.84	3.85	3674100	14194367
2018/5/15	3.86	3.89	3.82	3.89	3836514	14793863
2018/5/14	3.94	3.95	3.85	3.86	7858274	30638074
2018/5/11	3.93	4	3.89	3.96	12615360	49948216
2018/5/10	3.9	3.97	3.89	3.91	7384600	29000104
2018/5/9	3.89	3.9	3.86	3.89	4005302	15525058
2018/5/8	3.9	3.9	3.87	3.9	4668970	18150880
2018/5/7	3.87	3.91	3.84	3.9	5098390	19835172
2018/5/4	3.85	3.9	3.83	3.87	5458600	21103168
2018/5/3	3.81	3.85	3.75	3.84	6070178	23048974
2018/5/2	3.89	3.91	3.8	3.82	6231982	23931144
2018/4/27	3.9	3.93	3.86	3.89	6163546	23954244
2018/4/26	4.04	4.04	3.89	3.91	15224882	59965760
2018/4/25	4.08	4.12	4.07	4.1	4050786	16578438
2018/4/24	4.05	4.12	4.03	4.11	4663030	19089710
2018/4/23	4.08	4.1	4.02	4.05	5310418	21569130
2018/4/20	4.2	4.2	4.09	4.1	6996700	28893772
2018/4/19	4.17	4.21	4.15	4.2	4696820	19677334
2018/4/18	4.17	4.2	4.11	4.17	4972200	20637000
2018/4/17	4.18	4.22	4.15	4.16	5720340	23884830
2018/4/16	4.24	4.24	4.15	4.18	5807800	24303364
2018/4/13	4.26	4.28	4.22	4.24	4273911	18136238
2018/4/12	4.3	4.32	4.24	4.25	6011400	25680784
2018/4/11	4.27	4.31	4.26	4.29	6933162	29743892
2018/4/10	4.23	4.26	4.2	4.26	5090460	21548502
2018/4/9	4.21	4.24	4.15	4.22	5891974	24728970
2018/4/4	4.25	4.27	4.22	4.22	5093100	21622340
2018/4/3	4.28	4.28	4.2	4.23	7200700	30509606
2018/4/2	4.37	4.37	4.31	4.32	8513534	36924920
2018/3/30	4.34	4.37	4.34	4.36	6055211	26374048
2018/3/29	4.29	4.35	4.28	4.33	7202611	31119926
2018/3/28	4.28	4.33	4.27	4.29	6695449	28688688
2018/3/27	4.27	4.35	4.27	4.35	10154542	43729180
2018/3/26	4.19	4.25	4.09	4.24	12088310	50347720
2018/3/23	4.44	4.45	4.12	4.24	15068072	65096660
2018/3/22	4.48	4.52	4.47	4.51	6095457	27412590
2018/3/21	4.53	4.57	4.49	4.49	9978926	45193352
2018/3/20	4.5	4.53	4.46	4.52	8654548	38868808
2018/3/19	4.58	4.58	4.53	4.54	6844196	31169812
2018/3/16	4.62	4.64	4.58	4.59	7291102	33653568
2018/3/15	4.69	4.72	4.6	4.63	11883000	55274028
2018/3/14	4.71	4.78	4.7	4.73	11415486	54133420
2018/3/13	4.74	4.78	4.71	4.73	9041362	42889568
2018/3/12	4.71	4.78	4.68	4.78	15953127	75475856
2018/3/9	4.67	4.71	4.63	4.7	10831763	50592180
2018/3/8	4.65	4.67	4.63	4.65	5959060	27715052
2018/3/7	4.73	4.73	4.61	4.63	11109400	51721468
2018/3/6	4.69	4.73	4.63	4.73	16598506	77613856
2018/3/5	4.69	4.84	4.65	4.73	23753213	112657896
2018/3/2	4.56	4.72	4.55	4.61	16546510	76623384
2018/3/1	4.52	4.61	4.5	4.6	10124555	46312076
2018/2/28	4.57	4.59	4.49	4.55	8542681	38816272
2018/2/27	4.55	4.61	4.53	4.55	9590804	43801396
2018/2/26	4.53	4.57	4.49	4.56	9353288	42424832
2018/2/23	4.53	4.53	4.47	4.51	6094532	27419522
2018/2/22	4.5	4.55	4.45	4.54	7596384	34299812
2018/2/14	4.43	4.47	4.42	4.47	3960480	17621392
2018/2/13	4.47	4.48	4.4	4.43	5800900	25743244
2018/2/12	4.37	4.43	4.35	4.41	6156430	27066024
2018/2/9	4.36	4.43	4.29	4.33	11148143	48511088
2018/2/8	4.47	4.54	4.42	4.47	8325523	37327900
2018/2/7	4.42	4.56	4.36	4.45	11591876	51687320
2018/2/6	4.45	4.53	4.34	4.35	10124493	44795424
2018/2/5	4.5	4.65	4.45	4.58	8439970	38710976
2018/2/2	4.42	4.58	4.36	4.55	10157100	45658772
2018/2/1	4.88	4.91	4.39	4.46	20392302	93149840
2018/1/31	4.96	4.97	4.86	4.88	11011910	53942472
2018/1/30	4.99	5.02	4.97	5	6777754	33853292
2018/1/29	5.06	5.07	4.99	5.04	11213375	56518320
2018/1/26	5.04	5.05	5.01	5.02	7199001	36204524
2018/1/25	5.02	5.09	5	5.07	12197875	61549412
2018/1/24	5.03	5.04	4.96	5.01	6633847	33144318
2018/1/23	4.99	5.07	4.97	5.04	8934904	44888160
2018/1/22	4.95	5.02	4.92	5	5817354	28941492
2018/1/19	4.98	5.01	4.94	4.98	7302989	36326472
2018/1/18	4.95	5.03	4.93	5	7470521	37279872
2018/1/17	4.95	4.98	4.88	4.95	7173860	35308388
2018/1/16	4.92	4.98	4.91	4.95	12018832	59369536
2018/1/15	5.11	5.11	4.92	4.95	9536160	47812016
2018/1/12	5.09	5.11	5.07	5.11	6024739	30617232
2018/1/11	5.04	5.11	5.04	5.09	7105747	36118952
2018/1/10	5.15	5.15	5.04	5.07	10341598	52643196
2018/1/9	5.2	5.22	5.13	5.15	12129000	62606784
2018/1/8	5.16	5.32	5.12	5.24	20456108	107019000
2018/1/5	5.13	5.17	5.1	5.16	9989104	51323940
2018/1/4	5.09	5.15	5.08	5.13	9741668	49792700
2018/1/3	5.18	5.2	5.13	5.14	14276282	73557952
2018/1/2	5.06	5.16	5.03	5.12	13568622	69222008
2017/12/29	5.17	5.28	5.06	5.07	16379576	83978696
2017/12/28	4.96	5.06	4.93	5.05	11830296	59281568
2017/12/27	4.91	4.98	4.87	4.97	8698100	42982184
2017/12/26	4.86	4.96	4.83	4.93	5063928	24713170
2017/12/25	4.94	4.96	4.84	4.84	5809900	28348598
2017/12/22	4.93	4.98	4.92	4.94	4390326	21753784
2017/12/21	4.94	4.97	4.87	4.93	5090143	25062772
2017/12/20	5.04	5.05	4.93	4.94	6904709	34376232
2017/12/19	5.04	5.07	5.01	5.04	5616624	28317666
2017/12/18	5.05	5.07	5	5.03	7059900	35498608
2017/12/15	5.04	5.19	5.04	5.09	14093331	72012160
2017/12/14	5	5.06	4.97	5.05	6317480	31699600
2017/12/13	4.96	5.02	4.94	5.01	4859600	24208260
2017/12/12	5.07	5.08	4.97	4.97	6634500	33282432
2017/12/11	5.07	5.09	5.03	5.07	6835740	34551240
2017/12/8	5.03	5.07	4.99	5.06	8296600	41809296
2017/12/7	5.05	5.09	5.01	5.03	7823500	39509208
2017/12/6	4.99	5.06	4.93	5.05	9187202	45837672
2017/12/5	5.11	5.15	4.91	4.98	16081029	81132168
2017/12/4	5.21	5.36	5.16	5.17	26975064	141650592
2017/12/1	5.13	5.16	5.08	5.11	15427153	79035840
2017/11/30	5.04	5.14	5	5.14	17900075	90371168
2017/11/29	4.94	5.1	4.92	5.08	16152038	81224488
2017/11/28	4.86	4.96	4.85	4.94	6655698	32723370
2017/11/27	4.94	4.94	4.83	4.86	7634128	37287076
2017/11/24	4.93	4.97	4.9	4.93	8499503	41894684
2017/11/23	5.07	5.1	4.93	4.94	10259201	51499264
2017/11/22	5.06	5.13	5.03	5.08	6698110	33984468
2017/11/21	5.09	5.13	5.02	5.06	5926750	30046928
2017/11/20	5.08	5.13	4.94	5.12	8989784	45193112
2017/11/17	5.27	5.3	5.07	5.1	14966915	77157040
2017/11/16	5.31	5.32	5.27	5.29	4957977	26262580
2017/11/15	5.34	5.35	5.29	5.29	5986475	31787374
2017/11/14	5.37	5.39	5.33	5.33	7778824	41657008
2017/11/13	5.44	5.45	5.34	5.38	8935650	48042896
2017/11/10	5.47	5.47	5.39	5.44	7120800	38640720
2017/11/9	5.43	5.51	5.41	5.48	6890600	37704696
2017/11/8	5.43	5.48	5.37	5.44	7675303	41742920
2017/11/7	5.43	5.45	5.39	5.45	5988623	32455330
2017/11/6	5.36	5.43	5.32	5.41	5548600	29855460
2017/11/3	5.45	5.46	5.34	5.37	7227254	38988504
2017/11/2	5.54	5.54	5.42	5.46	7528280	41120436
2017/11/1	5.57	5.62	5.55	5.56	4831280	26964984
2017/10/31	5.52	5.57	5.51	5.56	5794360	32111328
2017/10/30	5.72	5.72	5.42	5.5	10679661	59111568
2017/10/27	5.77	5.8	5.7	5.71	5965800	34267672
2017/10/26	5.76	5.8	5.73	5.77	6714604	38708840
2017/10/25	5.8	5.81	5.74	5.76	6984180	40258728
2017/10/24	5.77	5.87	5.76	5.81	8960280	52121988
2017/10/23	5.77	5.78	5.71	5.76	4555578	26162542
2017/10/20	5.68	5.77	5.65	5.76	6803729	38825100
2017/10/19	5.83	5.85	5.61	5.67	12337181	70520632
2017/10/18	6	6.03	5.81	5.83	11856331	70075824
2017/10/17	6	6.04	5.96	5.99	6393242	38319056
2017/10/16	6.14	6.16	5.98	6	11485900	69587064
2017/10/13	6.14	6.14	6.1	6.14	7505784	45923256
2017/10/12	6.13	6.17	6.06	6.12	10048809	61525872
2017/10/11	6.23	6.25	6.09	6.11	14451201	88898256
2017/10/10	6.22	6.23	6.16	6.2	9330260	57755660
2017/10/9	6.18	6.22	6.15	6.22	10739719	66392452
2017/9/29	6.06	6.16	6.06	6.12	9367431	57189820
2017/9/28	6.15	6.19	6.06	6.07	10475600	64117640
2017/9/27	6.12	6.19	6.09	6.15	9852555	60534288
2017/9/26	6.09	6.18	6.08	6.16	11095323	67881312
2017/9/25	6.25	6.27	6.08	6.1	14607019	89857672
2017/9/22	6.31	6.34	6.24	6.25	15843980	99427288
2017/9/21	6.5	6.51	6.35	6.36	25085697	160829184
2017/9/20	6.27	6.55	6.23	6.53	42067892	271472416
2017/9/19	6.4	6.41	6.21	6.26	14828510	93430656
2017/9/18	6.29	6.41	6.27	6.4	14123478	89774072
2017/9/15	6.39	6.4	6.26	6.28	19286154	121892392
2017/9/14	6.51	6.59	6.33	6.39	24637133	158478912
2017/9/13	6.5	6.58	6.43	6.51	26295468	170841408
2017/9/12	6.56	6.66	6.45	6.54	55241168	362738432
2017/9/11	6.42	6.58	6.38	6.57	42851904	278551040
2017/9/8	6.28	6.54	6.27	6.47	54049998	347421664
2017/9/7	6.37	6.44	6.24	6.26	25111833	159314032
2017/9/6	6.24	6.36	6.21	6.3	19344202	121907344
2017/9/5	6.33	6.33	6.22	6.26	17419902	109049824
2017/9/4	6.24	6.41	6.22	6.34	35187540	223040080
2017/9/1	6.14	6.31	6.12	6.23	32070698	199834464
2017/8/31	6.15	6.16	6.08	6.14	13460780	82428768
2017/8/30	6.06	6.17	6.04	6.15	21097599	128980016
2017/8/29	6.11	6.17	6.04	6.05	14936078	91110768
2017/8/28	6.1	6.17	6.07	6.12	14669349	89814568
2017/8/25	5.98	6.1	5.97	6.08	14324767	86530696
2017/8/24	6.09	6.13	5.92	5.95	19150989	115632320
2017/8/23	6.18	6.24	6.06	6.09	18761890	115012744
2017/8/22	6.19	6.28	6.16	6.2	20436522	126957208
2017/8/21	6.12	6.24	6.12	6.21	16088126	99539192
2017/8/18	6.1	6.16	6.06	6.12	16021772	97814120
2017/8/17	6.18	6.21	6.09	6.18	25167168	154819168
2017/8/16	6.2	6.26	6.01	6.1	27923100	170741712
2017/8/15	6.29	6.33	6.16	6.22	25865970	161436144
2017/8/14	6.24	6.37	6.19	6.28	31504329	198356096
2017/8/11	6.53	6.56	6.15	6.2	48246902	306967328
2017/8/10	6.75	6.78	6.57	6.62	46020836	306213504
2017/8/9	6.64	6.86	6.51	6.82	64521080	431319904
2017/8/8	6.67	6.86	6.6	6.64	55258871	371547072
2017/8/7	6.45	6.77	6.4	6.72	47458805	312858272
2017/8/4	6.7	6.8	6.51	6.51	63636894	423765888
2017/8/3	6.46	6.89	6.35	6.78	82234332	545714048
2017/8/2	6.52	6.65	6.42	6.46	42759063	279474368
2017/8/1	6.6	6.64	6.45	6.54	41403918	270143072
2017/7/31	6.48	6.72	6.44	6.65	62192822	410399424
2017/7/28	6.28	6.6	6.26	6.52	52836855	340980832
2017/7/27	6.5	6.77	6.37	6.39	71714514	469546560
2017/7/26	6.3	6.53	6.23	6.52	60111751	384994848
2017/7/25	6.34	6.36	6.21	6.28	28292632	177414192
2017/7/24	6.3	6.55	6.23	6.4	46867772	298469408
2017/7/21	6.24	6.36	6.18	6.34	44851828	282295232
2017/7/20	6.25	6.34	6.18	6.27	44966610	280968032
2017/7/19	6.07	6.38	6.03	6.28	57737258	359049504
2017/7/18	5.79	6.14	5.75	6.12	37963604	225165280
2017/7/17	6.19	6.21	5.73	5.78	38013296	225117200
2017/7/14	6.18	6.24	6.07	6.22	26901920	166133728
2017/7/13	6.24	6.36	6.12	6.2	46149679	288489760
2017/7/12	6.05	6.25	5.95	6.24	43945820	268941440
2017/7/11	6.18	6.23	5.95	5.97	33469300	203140864
2017/7/10	6.2	6.38	6.15	6.19	43222779	270204992
2017/7/7	6.1	6.41	5.99	6.27	64445232	397607808
2017/7/6	5.88	6.06	5.82	6.06	44089172	262323312
2017/7/5	5.75	5.9	5.75	5.88	23695682	138061392
2017/7/4	5.85	5.85	5.75	5.76	16814534	97206480
2017/7/3	5.87	5.89	5.75	5.85	19829166	115308208
2017/6/30	5.81	5.91	5.81	5.85	20912219	122366392
2017/6/29	5.8	5.97	5.8	5.85	31033698	182031008
2017/6/28	5.85	6.05	5.75	5.77	53038374	312764128
2017/6/27	5.62	5.84	5.59	5.84	37173194	212571552
2017/6/26	5.56	5.65	5.53	5.64	27728710	155021280
2017/6/23	5.36	5.68	5.34	5.57	40738648	226130720
2017/6/22	5.5	5.51	5.37	5.38	16706808	91284464
2017/6/21	5.5	5.52	5.44	5.5	10115370	55487812
2017/6/20	5.55	5.56	5.48	5.49	15280205	84344432
2017/6/19	5.5	5.57	5.46	5.55	15055498	83217288
2017/6/16	5.46	5.6	5.4	5.53	22859188	125913784
2017/6/15	5.38	5.48	5.36	5.44	15934748	86667088
2017/6/14	5.36	5.46	5.33	5.37	14308840	77114960
2017/6/13	5.26	5.38	5.25	5.36	11871350	63251880
2017/6/12	5.34	5.34	5.25	5.26	9654502	51126864
2017/6/9	5.38	5.42	5.33	5.37	9075542	48721676
2017/6/8	5.45	5.46	5.38	5.39	10875587	58893176
2017/6/7	5.34	5.45	5.32	5.44	15065487	81341968
2017/6/6	5.3	5.35	5.27	5.35	7325100	38988680
2017/6/5	5.28	5.34	5.24	5.31	8828610	46769692
2017/6/2	5.16	5.31	5.14	5.28	9415069	49298944
2017/6/1	5.37	5.37	5.18	5.18	10188350	53589432
2017/5/31	5.47	5.52	5.35	5.36	12887678	69988176
2017/5/26	5.35	5.55	5.32	5.45	15775121	85442360
2017/5/25	5.29	5.37	5.18	5.35	12125066	64088580
2017/5/24	5.23	5.3	5.15	5.28	9815683	51453016
2017/5/23	5.47	5.47	5.2	5.22	15889332	84557272
2017/5/22	5.62	5.65	5.45	5.46	12324338	68262360
2017/5/19	5.64	5.68	5.6	5.62	9629918	54171972
2017/5/18	5.67	5.73	5.63	5.66	12601700	71437960
2017/5/17	5.76	5.89	5.71	5.75	18989250	110047896
2017/5/16	5.66	5.84	5.52	5.81	17250841	98094312
2017/5/15	5.7	5.76	5.65	5.65	10026800	57141940
2017/5/12	5.65	5.69	5.55	5.69	12985701	73095960
2017/5/11	5.66	5.73	5.46	5.7	15973415	89550240
2017/5/10	5.82	5.9	5.73	5.75	10590302	61627392
2017/5/9	5.72	5.87	5.7	5.85	10109211	58698636
2017/5/8	5.83	5.85	5.72	5.74	12424861	71933880
2017/5/5	6.02	6.02	5.87	5.88	14176927	84061864
2017/5/4	6.14	6.16	6.03	6.04	15374643	93352448
2017/5/3	6.13	6.25	6.1	6.14	15882716	97994496
2017/5/2	6.13	6.18	6.01	6.16	16563939	100736064
2017/4/28	6.08	6.16	6.06	6.13	18300944	111764008
2017/4/27	5.85	6.27	5.81	6.16	44083495	265634432
2017/4/26	5.7	5.79	5.69	5.76	11857884	68136296
2017/4/25	5.76	5.81	5.69	5.73	13517644	77760568
2017/4/24	5.85	5.87	5.6	5.66	16218097	92476720
2017/4/21	6.04	6.08	5.84	5.87	16686120	99263672
2017/4/20	6.05	6.14	5.98	6.04	18420696	111566984
2017/4/19	6.18	6.18	5.9	6.01	24420302	147318960
2017/4/18	6.49	6.49	6.21	6.21	23282489	147890608
2017/4/17	6.39	6.54	6.36	6.48	25120772	162429120
2017/4/14	6.4	6.44	6.34	6.4	17364014	110906648
2017/4/13	6.38	6.49	6.36	6.41	15086102	97099696
2017/4/12	6.41	6.52	6.32	6.42	21816881	139535104
2017/4/11	6.35	6.45	6.3	6.45	24800543	158312976
2017/4/10	6.54	6.54	6.32	6.34	35693032	229023632
2017/4/7	6.72	6.72	6.58	6.6	31800192	210883216
2017/4/6	6.82	6.82	6.7	6.74	28967446	195334272
2017/4/5	6.69	6.87	6.66	6.82	38342610	260632336
2017/3/31	6.69	6.74	6.58	6.68	25843440	172265328
2017/3/30	6.78	6.81	6.6	6.63	32134974	215127952
2017/3/29	6.77	6.82	6.7	6.71	32547500	220083168
2017/3/28	6.98	7.01	6.68	6.69	62793188	427726976
2017/3/27	7.17	7.24	7.04	7.06	52007489	370682592
2017/3/24	7.08	7.14	6.99	7.08	50433509	355666976
2017/3/23	6.94	7.24	6.87	7.12	91520574	647463360
2017/3/22	6.85	7.09	6.82	6.99	70484372	491307712
2017/3/21	6.86	6.92	6.8	6.86	26915440	184175856
2017/3/20	6.85	6.9	6.76	6.9	36101732	246213584
2017/3/17	6.99	7.05	6.85	6.9	64662043	448749632
2017/3/16	6.85	7.28	6.8	7.04	96016828	678618880
2017/3/15	6.91	6.94	6.75	6.8	41516954	283082880
2017/3/14	6.89	7	6.77	6.78	49568607	340384704
2017/3/13	6.85	6.93	6.74	6.93	48603340	332620896
2017/3/10	7.04	7.09	6.88	6.91	66898599	466420512
2017/3/9	6.99	7.28	6.9	7.13	97721805	693228544
2017/3/8	7.01	7.06	6.86	7.05	79285193	552079744
2017/3/7	7.13	7.25	6.94	7.01	110980345	782474368
2017/3/6	7.1	7.26	7.04	7.21	139018878	993938816
2017/3/3	6.94	7.73	6.94	7.44	238315462	1780920832
2017/3/2	6.92	7.36	6.82	7.03	200073960	1405968896
2017/3/1	6.13	6.75	6.1	6.75	105836697	689544768
2017/2/28	6.09	6.16	6.03	6.14	18726292	114191176
2017/2/27	6.25	6.25	6.06	6.1	22903996	140901680
2017/2/24	6.26	6.33	6.13	6.22	32133026	199655696
2017/2/23	6	6.39	5.97	6.27	63407545	394121728
2017/2/22	6.16	6.2	6.04	6.05	35627890	217082048
2017/2/21	5.87	6.13	5.83	6.03	36167867	216174352
2017/2/20	5.79	5.91	5.78	5.85	10468142	61227620
2017/2/17	5.83	5.93	5.8	5.82	16573658	97128992
2017/2/16	5.7	5.83	5.67	5.8	14203462	82136784
2017/2/15	5.78	5.8	5.67	5.69	11687702	66912400
2017/2/14	5.8	5.83	5.74	5.78	10406677	60177172
2017/2/13	5.83	5.87	5.8	5.8	10858600	63306164
2017/2/10	5.77	5.85	5.75	5.82	12359827	71829744
2017/2/9	5.8	5.84	5.75	5.8	12535484	72570240
2017/2/8	5.66	5.75	5.62	5.73	10141459	57658396
2017/2/7	5.72	5.74	5.61	5.65	10714296	60611316
2017/2/6	5.65	5.77	5.65	5.74	8076759	46331120
2017/2/3	5.67	5.76	5.57	5.68	7792608	44063152
2017/1/26	5.55	5.68	5.55	5.68	6018806	33912832
2017/1/25	5.51	5.58	5.5	5.56	4673002	25983658
2017/1/24	5.5	5.59	5.5	5.52	6330765	35110432
2017/1/23	5.48	5.56	5.47	5.53	6084360	33599056
2017/1/20	5.41	5.48	5.37	5.46	4912159	26776104
2017/1/19	5.41	5.47	5.36	5.41	5564423	30135332
2017/1/18	5.43	5.51	5.42	5.45	5045316	27564020
2017/1/17	5.43	5.53	5.35	5.5	6230830	33987388
2017/1/16	5.73	5.74	5.21	5.42	12757800	70506072
2017/1/13	5.85	5.86	5.67	5.73	11949854	68943856
2017/1/12	5.85	5.97	5.85	5.89	11400880	67261832
2017/1/11	5.94	5.97	5.87	5.87	8523722	50377076
2017/1/10	5.97	6.02	5.95	5.97	12442813	74556616
2017/1/9	5.93	5.98	5.91	5.96	7473851	44468876
2017/1/6	5.91	5.99	5.89	5.95	17007068	101173728
2017/1/5	5.91	5.93	5.88	5.88	6648011	39200520
2017/1/4	5.88	5.91	5.85	5.9	7384112	43482680
2017/1/3	5.87	5.89	5.84	5.87	7693864	45209200
2016/12/30	5.78	5.84	5.78	5.81	4014627	23346562
2016/12/29	5.82	5.85	5.81	5.81	3794100	22109062
2016/12/28	5.84	5.87	5.81	5.82	5714286	33379182
2016/12/27	5.8	5.92	5.79	5.84	9627964	56399488
2016/12/26	5.73	5.8	5.71	5.8	6133158	35275828
2016/12/23	5.86	5.87	5.8	5.81	5581758	32502602
2016/12/22	5.91	5.91	5.83	5.85	6372744	37320012
2016/12/21	5.87	5.91	5.85	5.91	7522294	44273384
2016/12/20	5.84	5.86	5.79	5.85	6628020	38556256
2016/12/19	5.88	5.88	5.81	5.84	5972202	34869208
2016/12/16	5.89	5.95	5.83	5.88	9423400	55433364
2016/12/15	5.72	5.98	5.7	5.89	14829804	87002912
2016/12/14	5.88	5.88	5.73	5.77	9150704	53107320
2016/12/13	5.86	5.9	5.76	5.87	10095408	58950728
2016/12/12	6.22	6.22	5.86	5.87	25750700	155127808
2016/12/9	6.17	6.24	6.11	6.2	13483017	83224536
2016/12/8	6.16	6.19	6.13	6.16	15346309	94561064
2016/12/7	6.11	6.18	6.07	6.15	16304135	99847632
2016/12/6	6.07	6.19	6.07	6.11	15647319	96204456
2016/12/5	6.03	6.09	5.98	6.08	10756882	65158064
2016/12/2	6.11	6.12	6.04	6.06	12351139	74938976
2016/12/1	6.1	6.15	6.09	6.11	15426890	94411064
2016/11/30	6.16	6.2	6	6.07	31200655	189887008
2016/11/29	6.26	6.28	6.14	6.16	18648250	115452640
2016/11/28	6.27	6.3	6.23	6.26	12130598	75944216
2016/11/25	6.25	6.27	6.14	6.27	14482003	89796744
2016/11/24	6.3	6.33	6.2	6.24	16808386	105473248
2016/11/23	6.38	6.42	6.31	6.32	16466345	104735560
2016/11/22	6.3	6.39	6.27	6.36	19859395	125695000
2016/11/21	6.27	6.34	6.25	6.28	15543092	97835496
2016/11/18	6.42	6.42	6.29	6.31	23763075	150700224
2016/11/17	6.35	6.44	6.34	6.43	36876976	236059056
2016/11/16	6.4	6.42	6.32	6.33	16973633	107772936
2016/11/15	6.38	6.42	6.32	6.4	24110719	153593376
2016/11/14	6.29	6.4	6.27	6.37	30640554	193949520
2016/11/11	6.22	6.41	6.18	6.36	40574526	256547024
2016/11/10	6.19	6.23	6.18	6.22	15516126	96261952
2016/11/9	6.25	6.25	6.08	6.14	23589540	145473504
2016/11/8	6.25	6.28	6.23	6.24	14639800	91547056
2016/11/7	6.28	6.3	6.22	6.24	20158170	125916344
2016/11/4	6.38	6.42	6.31	6.32	27075040	172235568
2016/11/3	6.27	6.34	6.22	6.31	22435303	141120112
2016/11/2	6.26	6.45	6.25	6.27	28921632	183290752
2016/11/1	6.24	6.26	6.17	6.25	10649785	66306704
2016/10/31	6.22	6.28	6.18	6.23	9792048	61094044
2016/10/28	6.3	6.34	6.21	6.24	13161648	82436792
2016/10/27	6.36	6.36	6.27	6.3	16696008	105201272
2016/10/26	6.29	6.48	6.22	6.37	44746383	284369376
2016/10/25	6.28	6.38	6.23	6.34	39314719	248678176
2016/10/24	6.11	6.29	6.1	6.22	20132355	124595880
2016/10/21	6.17	6.17	6.07	6.1	10725334	65603556
2016/10/20	6.16	6.18	6.14	6.17	8564233	52744492
2016/10/19	6.19	6.19	6.14	6.16	11027008	68009768
2016/10/18	6.1	6.18	6.09	6.18	11636305	71530544
2016/10/17	6.16	6.18	6.08	6.1	9580124	58754912
2016/10/14	6.23	6.25	6.12	6.17	13443113	83028048
2016/10/13	6.13	6.43	6.12	6.23	26347399	165120944
2016/10/12	6.16	6.16	6.11	6.12	8356032	51206044
2016/10/11	6.18	6.18	6.14	6.17	9304222	57319760
2016/10/10	6.12	6.18	6.1	6.17	10219333	62851116
2016/9/30	6.08	6.13	6.08	6.1	8463993	51595048
2016/9/29	6.02	6.07	6.02	6.02	6313552	38157308
2016/9/28	6.05	6.05	6	6.01	5776428	34776348
2016/9/27	6.02	6.07	5.98	6.07	9544774	57496264
2016/9/26	6.18	6.22	6.01	6.04	11152336	68257472
2016/9/23	6.25	6.26	6.16	6.17	11807475	73125056
2016/9/22	6.28	6.29	6.23	6.24	9369535	58644956
2016/9/21	6.22	6.28	6.22	6.25	8227537	51385652
2016/9/20	6.28	6.29	6.22	6.26	8747993	54630988
2016/9/19	6.21	6.35	6.21	6.29	13114485	82594560
2016/9/14	6.21	6.29	6.19	6.23	10473885	65299200
2016/9/13	6.24	6.28	6.2	6.24	7477113	46582236
2016/9/12	6.31	6.35	6.21	6.21	16858546	105961784
2016/9/9	6.4	6.47	6.36	6.43	16762998	107658488
2016/9/8	6.38	6.43	6.35	6.39	15619437	99731504
2016/9/7	6.5	6.58	6.41	6.41	26551548	172152128
2016/9/6	6.36	6.4	6.3	6.4	13896407	88347784
2016/9/5	6.29	6.39	6.29	6.35	11894604	75516800
2016/9/2	6.35	6.37	6.26	6.29	11373231	71865480
2016/9/1	6.4	6.44	6.36	6.37	12570158	80395544
2016/8/31	6.44	6.45	6.36	6.4	9020293	57677828
2016/8/30	6.43	6.45	6.4	6.42	8962602	57565656
2016/8/29	6.36	6.45	6.35	6.41	9388545	60095384
2016/8/26	6.4	6.43	6.37	6.38	8704299	55708004
2016/8/25	6.44	6.44	6.31	6.39	16181101	103083608
2016/8/24	6.51	6.54	6.46	6.47	12399300	80546456
2016/8/23	6.46	6.55	6.44	6.53	16480797	106983424
2016/8/22	6.52	6.53	6.43	6.44	14880200	96327632
2016/8/19	6.57	6.61	6.49	6.53	23525286	153561536
2016/8/18	6.53	6.88	6.51	6.61	47698110	320148480
2016/8/17	6.53	6.56	6.48	6.53	19285175	125654584
2016/8/16	6.51	6.62	6.5	6.55	24649030	161664736
2016/8/15	6.45	6.6	6.39	6.54	32182206	209203024
2016/8/12	6.42	6.55	6.42	6.47	27814708	180410160
2016/8/11	6.39	6.45	6.31	6.34	19007573	121000776
2016/8/10	6.41	6.58	6.38	6.47	26127647	169748752
2016/8/9	6.41	6.49	6.38	6.45	12681116	81676352
2016/8/8	6.35	6.44	6.3	6.42	10737642	68652200
2016/8/5	6.48	6.5	6.36	6.37	15810992	101417424
2016/8/4	6.34	6.68	6.24	6.52	30533086	197134704
2016/8/3	6.44	6.5	6.38	6.41	20386263	131299544
2016/8/2	6.25	6.43	6.19	6.43	20737746	130887888
2016/8/1	6.3	6.31	6.1	6.24	16551936	102283904
2016/7/29	6.4	6.4	6.29	6.32	10782910	68427864
2016/7/28	6.4	6.45	6.28	6.38	15600881	99357440
2016/7/27	6.77	6.8	6.22	6.38	32334699	210635904
2016/7/26	6.66	6.77	6.66	6.76	16009932	107721680
2016/7/25	6.61	6.71	6.61	6.65	16458429	109623432
2016/7/22	6.82	6.84	6.66	6.68	26788911	180297184
2016/7/21	6.83	6.89	6.82	6.84	18402804	126071904
2016/7/20	6.83	6.87	6.82	6.83	19242925	131749944
2016/7/19	6.95	7	6.8	6.87	39772109	272456384
2016/7/18	7.01	7.12	6.98	7	24780852	174714976
2016/7/15	7.09	7.13	7.04	7.04	20282885	143531120
2016/7/14	7.12	7.15	7.01	7.09	32045388	226489376
2016/7/13	7.12	7.17	7.06	7.13	39683558	282041888
2016/7/12	7.08	7.17	6.94	7.11	44400538	313486528
2016/7/11	7.11	7.29	7.04	7.07	56473459	404926976
2016/7/8	7.3	7.36	7.1	7.11	66128469	475070784
2016/7/7	7.06	7.47	7.03	7.38	120412925	876814464
2016/7/6	7	7.18	6.86	7.07	53080581	372799392
2016/7/5	7.04	7.1	6.95	7	40974434	287548992
2016/7/4	6.88	7.07	6.83	7.04	43653118	306276608
2016/7/1	6.88	6.96	6.83	6.94	28426040	196004640
2016/6/30	7.02	7.07	6.9	6.9	31466220	218923808
2016/6/29	6.95	7.05	6.83	7.02	53972215	375195424
2016/6/28	6.79	6.86	6.66	6.86	34393584	232698368
2016/6/27	6.6	6.79	6.58	6.77	23853918	160696080
2016/6/24	6.85	6.96	6.5	6.67	37667246	253703424
2016/6/23	6.99	6.99	6.74	6.89	33303630	229168528
2016/6/22	6.87	6.99	6.84	6.99	25619320	177569200
2016/6/21	7.05	7.07	6.83	6.89	35632077	248032064
2016/6/20	7.09	7.12	6.86	6.97	40139913	279181280
2016/6/17	7.2	7.27	7.05	7.12	50207861	360102848
2016/6/16	7.3	7.37	7.14	7.19	76221318	551239424
2016/6/15	6.83	7.56	6.79	7.38	112713999	824664000
2016/6/14	6.75	6.95	6.54	6.95	57988873	394247744
2016/6/13	6.69	7.09	6.61	6.69	61471433	420970208
2016/6/8	6.74	6.86	6.59	6.81	37502905	252659168
2016/6/7	6.8	6.8	6.67	6.74	25100864	168516384
2016/6/6	6.85	6.89	6.74	6.8	26709025	181557264
2016/6/3	6.9	6.93	6.75	6.81	42390674	288939680
2016/6/2	6.91	7.12	6.83	6.87	72195192	502010112
2016/6/1	6.62	6.8	6.55	6.76	50509857	338742752
2016/5/31	6.35	6.59	6.34	6.59	37054607	241104352
2016/5/30	6.46	6.46	6.22	6.34	20116058	127852584
2016/5/27	6.56	6.59	6.48	6.49	26199805	171047888
2016/5/26	6.54	6.65	6.33	6.6	34544938	223890384
2016/5/25	6.83	6.86	6.59	6.61	36627046	246267152
2016/5/24	6.7	6.85	6.53	6.78	44512907	298600608
2016/5/23	6.64	6.82	6.62	6.7	37635875	252325424
2016/5/20	6.48	6.56	6.36	6.54	29566629	191699184
2016/5/19	6.49	6.66	6.41	6.58	33282861	218733584
2016/5/18	6.6	6.81	6.25	6.5	46596832	307556672
2016/5/17	6.63	6.95	6.48	6.71	55364742	373944480
2016/5/16	6.36	6.59	6.3	6.58	31418773	202923168
2016/5/13	6.46	6.66	6.37	6.47	41412399	270616960
2016/5/12	6.32	6.38	6.07	6.35	30524877	190443872
2016/5/11	6.66	6.69	6.41	6.45	30645846	200269376
2016/5/10	6.54	6.73	6.51	6.58	30024265	198505808
2016/5/9	7.16	7.16	6.52	6.61	58745860	397115776
2016/5/6	7.71	7.79	7.16	7.24	92051524	692317504
2016/5/5	7.5	7.88	7.46	7.83	102202719	789874496
2016/5/4	7.47	7.7	7.43	7.52	60550645	458224320
2016/5/3	7.32	7.61	7.23	7.52	59539998	443717856
2016/4/29	7.3	7.46	7.26	7.32	37183521	273084160
2016/4/28	7.33	7.67	7.21	7.4	64147901	476678400
2016/4/27	7.52	7.57	7.27	7.32	60408124	447175584
2016/4/26	7.48	7.59	7.36	7.56	66045361	494167680
2016/4/25	7.31	7.66	7.31	7.65	74815406	565059264
2016/4/22	7.21	7.37	7.15	7.3	51455018	373147712
2016/4/21	7.18	7.73	6.98	7.41	95378755	705328256
2016/4/20	7.89	7.95	7.1	7.28	111141982	832607552
2016/4/19	7.89	8.09	7.57	7.88	113803918	891307456
2016/4/18	7.86	8.08	7.72	7.91	165879480	1310634624
2016/4/15	7.1	7.88	7.06	7.88	138751906	1030492160
2016/4/14	6.88	7.25	6.75	7.16	88869286	623466048
2016/4/13	6.77	6.93	6.75	6.81	55711687	382217920
2016/4/12	6.86	6.87	6.62	6.72	44164856	296166848
2016/4/11	6.79	6.97	6.75	6.92	41088274	282999648
2016/4/8	6.82	6.85	6.58	6.72	47692794	319587968
2016/4/7	7.1	7.19	6.86	6.9	60668195	427680480
2016/4/6	7.03	7.21	6.92	7.04	67114102	474135840
2016/4/5	6.95	7.25	6.75	7.12	87838029	618688320
2016/4/1	6.68	6.99	6.62	6.97	85813618	586572096
2016/3/31	6.66	6.87	6.51	6.73	67348200	449286112
2016/3/30	6.46	6.64	6.45	6.63	45031281	295092032
2016/3/29	6.65	6.65	6.34	6.4	40957648	263802336
2016/3/28	6.62	6.8	6.51	6.61	59319991	395920224
2016/3/25	6.46	6.65	6.43	6.54	41450345	270762720
2016/3/24	6.55	6.86	6.45	6.51	71698424	476184000
2016/3/23	6.6	6.79	6.56	6.67	67993277	451772896
2016/3/22	6.35	7.07	6.28	6.76	111141367	729241472
2016/3/21	6.23	6.56	6.14	6.46	80516100	510367008
2016/3/18	5.97	6.25	5.96	6.19	61992498	379309824
2016/3/17	5.84	5.99	5.82	5.98	39505052	233892816
2016/3/16	5.9	5.98	5.74	5.8	27266480	159686784
2016/3/15	5.94	5.97	5.81	5.85	35741283	210445072
2016/3/14	5.86	6.1	5.8	6.01	50991429	305393536
2016/3/11	6	6.01	5.65	5.81	65491317	379753088
2016/3/10	6.19	6.26	6.01	6.08	47722460	293057920
2016/3/9	6	6.29	6	6.14	56584476	348939584
2016/3/8	6.5	6.67	6.3	6.53	103837126	676261888
2016/3/7	6.04	6.3	6.03	6.28	56007053	345636704
2016/3/4	6.02	6.26	5.8	5.97	71738062	434739968
2016/3/3	6.35	6.66	6.28	6.33	112921672	733723200
2016/3/2	5.76	6.05	5.7	6.05	24137275	143661104
2016/3/1	5.4	5.53	5.31	5.5	24323498	132124536
2016/2/29	5.71	5.77	5.25	5.33	28717751	154839232
2016/2/26	5.8	5.99	5.58	5.8	32033596	185231152
2016/2/25	6.39	6.45	5.72	5.72	44811869	271321920
2016/2/24	6.29	6.42	6.16	6.35	42122797	264989216
2016/2/23	6.24	6.63	6.18	6.4	57105739	366109632
2016/2/22	6.36	6.36	6.16	6.24	32713469	203613952
2016/2/19	6.09	6.17	6.04	6.13	31695359	193472496
2016/2/18	6.03	6.39	5.97	6.17	61810356	383082624
2016/2/17	5.9	5.99	5.8	5.97	35809451	211501888
2016/2/16	5.76	6.03	5.76	5.94	33956311	200628624
2016/2/15	5.47	5.84	5.4	5.73	27195205	153515632
2016/2/5	5.63	5.98	5.63	5.81	41766350	244015328
2016/2/4	5.48	5.75	5.46	5.67	34328672	193475248
2016/2/3	5.36	5.46	5.26	5.43	24767752	132471760
2016/2/2	5.27	5.6	5.27	5.48	26751012	146402896
2016/2/1	5.69	5.69	5.16	5.29	33367066	181331392
2016/1/29	5.5	5.82	5.44	5.72	32987888	186416736
2016/1/28	6.05	6.12	5.54	5.56	36224421	212434624
2016/1/27	6.12	6.21	5.63	6.15	38681255	228002032
2016/1/26	6.57	6.58	6.07	6.15	43239290	271742720
2016/1/25	6.81	6.85	6.63	6.74	28946475	195442464
2016/1/22	6.67	6.9	6.41	6.73	44495355	297061792
2016/1/21	6.68	7.09	6.56	6.56	45722839	310032544
2016/1/20	6.8	7.13	6.71	6.86	63614663	441641696
2016/1/19	6.38	7.05	6.3	6.92	68096021	456153152
2016/1/18	6.25	6.6	6.11	6.41	33351146	212771856
2016/1/15	6.95	6.95	6.4	6.4	36784486	244535360
2016/1/14	6.36	7.12	6.36	7.02	46537265	311420352
2016/1/13	7.58	7.68	6.82	6.82	45981624	333875552
2016/1/12	7.52	7.8	7.32	7.58	40285736	307011936
2016/1/11	7.7	8.29	7.51	7.59	57253424	452670432
2016/1/8	7.8	8.16	7.15	7.98	60043343	469316448
2016/1/7	8.05	8.2	7.5	7.5	12586587	98422456
2016/1/6	7.86	8.48	7.86	8.33	50317687	409318304
2016/1/5	7.57	8.12	7.45	7.83	50242800	391098368
2016/1/4	9.05	9.15	8.15	8.15	35776246	307669664
2015/12/31	9.32	9.49	9.02	9.05	47344451	437571328
2015/12/30	9.49	9.63	9.27	9.42	51861170	488729536
2015/12/29	9.35	9.69	9.17	9.6	68349710	641010496
2015/12/28	9.94	10.3	9.44	9.44	94803841	935511616
2015/12/25	10.21	10.67	9.96	10.04	141602079	1447076480
2015/12/24	8.88	9.9	8.64	9.9	77532612	714175488
2015/12/23	9.5	10.37	9	9	117032676	1136088704
2015/12/22	8.63	9.46	8.63	9.46	84442711	774043776
2015/12/21	8.5	8.72	8.48	8.6	20462769	176743520
2015/12/18	8.69	8.72	8.5	8.57	28812146	247771024
2015/12/17	8.26	9.05	8.26	8.71	52663530	457860512
2015/12/16	8.39	8.39	8.21	8.23	15933057	132126696
2015/12/15	8.25	8.52	8.18	8.31	19389445	162397696
2015/12/14	7.9	8.28	7.82	8.22	13611411	110051384
2015/12/11	8.08	8.14	7.9	7.98	15195668	121407624
2015/12/10	8.26	8.45	8.11	8.13	18812217	155711328
2015/12/9	8.35	8.52	8.25	8.29	22384747	187498544
2015/12/8	8.52	8.88	8.5	8.56	43904580	381332832
2015/12/7	8.26	8.68	8.15	8.66	32799101	273452544
2015/12/4	8.24	8.48	8.13	8.28	27319550	227137568
2015/12/3	8	8.36	7.96	8.24	24372194	199919280
2015/12/2	8.03	8.03	7.52	7.99	20224615	158224496
2015/12/1	8.03	8.09	7.84	7.97	21282943	169329328
2015/11/30	8.04	8.23	7.4	8.02	31658101	249859296
2015/11/27	8.81	8.91	8.08	8.1	50919595	430799264
2015/11/26	9.27	9.28	8.96	8.98	36014814	326248736
2015/11/25	8.95	9.38	8.9	9.23	47116986	432384480
2015/11/24	8.85	9.1	8.52	8.89	39081216	344027968
2015/11/23	8.93	9.49	8.71	8.99	74782178	683467072
2015/11/20	8.25	9.02	8.18	8.86	77013862	670706688
2015/11/19	7.89	8.34	7.89	8.23	59357619	484633760
2015/11/18	8.12	8.16	7.85	7.9	35599374	284131520
2015/11/17	8.35	8.41	8.01	8.07	43423612	355201536
2015/11/16	8	8.25	7.9	8.25	33583525	273192992
2015/11/13	8.2	8.38	8.02	8.2	57676470	475330848
2015/11/12	8.11	8.64	8.03	8.43	79741043	656404992
2015/11/11	8.04	8.04	7.82	7.98	45161825	357361920
2015/11/10	7.8	8.29	7.75	8	73306806	587892096
2015/11/9	7.62	7.78	7.55	7.71	37447776	287433504
2015/11/6	7.59	7.77	7.51	7.69	41205918	315852064
2015/11/5	7.6	7.69	7.47	7.58	32136315	243564032
2015/11/4	7.38	7.59	7.27	7.58	30721705	230151104
2015/11/3	7.36	7.5	7.24	7.3	21372942	157287424
2015/11/2	7.56	7.69	7.4	7.41	26737858	201131376
2015/10/30	7.7	7.9	7.51	7.69	37296752	287532960
2015/10/29	7.68	7.88	7.52	7.74	40041503	309904928
2015/10/28	7.67	7.86	7.51	7.56	31385898	241321168
2015/10/27	7.8	7.84	7.4	7.73	35200473	269085248
2015/10/26	7.87	8.07	7.65	7.92	50562892	396632480
2015/10/23	7.54	7.82	7.52	7.74	42636247	327112288
2015/10/22	7.39	7.69	7.13	7.59	45130727	336877536
2015/10/21	8.17	8.17	7.45	7.45	72736567	569988928
2015/10/20	8	8.38	7.74	8.28	74331796	594377408
2015/10/19	7.91	8.25	7.82	8.01	82360986	660670656
2015/10/16	7.97	7.97	7.7	7.87	71478898	560571840
2015/10/15	7.83	8.13	7.67	8.01	118052177	933731456
2015/10/14	7.25	7.96	7.2	7.96	132276841	1030685248
2015/10/13	7.15	7.29	7.06	7.24	56671536	405065152
2015/10/12	7.01	7.33	6.98	7.22	86454077	618280576
2015/10/9	7	7.18	6.9	6.94	95322415	668889408
2015/10/8	7	8.08	7	7.5	164501506	1185269248
2015/9/30	7.78	7.78	7.78	7.78	749700	5832666
2015/9/29	8.64	8.64	8.64	8.64	589400	5092416
2015/9/28	9.6	9.6	9.6	9.6	690900	6632640
2015/5/15	19.36	21.34	19.24	21.34	23166461	479591200
2015/5/14	18.5	19.96	18.3	19.4	17014952	327353344
2015/5/13	17.8	18.95	17.8	18.52	15502013	285405408
2015/5/12	17.9	18.58	17.39	18.43	19976809	357963712
2015/5/11	17.46	18.37	16.92	17.99	21624827	380832992
2015/5/8	16.02	17.6	16.02	17.44	27448680	464875488
2015/5/7	15.65	16.05	15.41	16	10390490	164283680
2015/5/6	16.2	16.35	15.71	15.8	16504554	264977760
2015/5/5	15.54	16.06	15.38	15.93	16642279	263558752
2015/5/4	15.16	15.75	15.07	15.54	9948428	153754656
2015/4/30	15.24	15.4	15.06	15.18	6154986	93741744
2015/4/29	14.97	15.38	14.82	15.22	8661508	131356408
2015/4/28	15.84	15.85	15.01	15.1	11368049	173799536
2015/4/27	15.72	16.08	15.53	15.86	22684310	359230464
2015/4/24	15.65	15.96	15.26	15.62	13473777	210693152
2015/4/23	15.44	15.95	15.22	15.89	18540076	286994624
2015/4/22	15.25	15.5	15.2	15.44	12310999	188957792
2015/4/21	14.73	15.35	14.7	15.25	7314951	110147568
2015/4/20	15.68	15.99	14.7	14.73	11477976	174599200
2015/4/17	15.81	16.2	15.6	15.65	11633485	184388864
2015/4/16	15.66	15.9	15.18	15.81	8513078	133479312
2015/4/15	16.19	16.59	15.55	15.58	11633207	186287072
2015/4/14	16.73	16.9	16.18	16.43	19204798	316766592
2015/4/13	16.02	16.99	15.97	16.75	26668844	442373920
2015/4/10	15.09	16	14.86	15.97	13850085	217517424
2015/4/9	15.7	15.73	14.81	15.12	11112937	167710224
2015/4/8	16.2	16.25	15.4	15.69	15555327	244624512
2015/4/7	15.89	16.49	15.57	16.2	19757564	317490304
2015/4/3	15.03	16.36	15.03	15.97	18010220	280942880
2015/4/2	15.1	15.29	14.83	15.01	11159292	168264768
2015/4/1	14.8	15.15	14.7	15.09	11768355	175991888
2015/3/31	14.67	15.2	14.67	14.83	11420330	169865888
2015/3/30	14.78	14.79	14.45	14.67	9903796	144547728
2015/3/27	15.38	15.57	14.31	14.88	14097275	209300224
2015/3/26	15.33	15.8	14.6	15.34	25198605	390165792
2015/3/25	18.28	19.48	17.92	19.4	14058701	263975552
2015/3/24	18.65	18.76	17.5	18.26	7295567	132714120
2015/3/23	17.89	18.82	17.8	18.45	9170997	167057328
2015/3/20	17.65	17.96	17.54	17.71	6772923	120045536
2015/3/19	17.3	17.8	17.3	17.6	7895853	138700304
2015/3/18	17.07	17.37	16.82	17.13	5132231	87602136
2015/3/17	17.12	17.62	16.69	17.07	7472677	128833656
2015/3/16	16.65	16.93	16.45	16.92	5147120	86209888
2015/3/13	16.48	16.83	16.48	16.65	3762045	62536744
2015/3/12	16.46	17.1	16.46	16.65	6362251	106962488
2015/3/11	16.77	17.07	16.2	16.41	4410527	73121032
2015/3/10	16.87	17.19	16.62	16.98	4755212	80489528
2015/3/9	16.72	17.13	16.28	16.89	6542615	109520232
2015/3/6	16	17.12	15.9	16.77	13357853	222074080
2015/3/5	15.62	16.16	15.32	16.12	7874358	125038080
2015/3/4	15.35	15.76	15.25	15.62	3899408	60641352
2015/3/3	16.1	16.15	15.28	15.32	5790401	90245024
2015/3/2	15.81	16.17	15.62	16.07	4459447	71131936
2015/2/27	15.82	16.11	15.5	15.77	3057163	48079712
2015/2/26	15.7	16.2	15.6	15.82	1715090	27189392
2015/2/25	16.07	16.09	15.48	15.82	2466687	38728332
2015/2/17	15.72	16.5	15.31	16.08	3411095	54487952
2015/2/16	15.19	15.8	14.99	15.71	2736372	42555252
2015/2/13	14.68	15.25	14.68	15.07	1551058	23412192
2015/2/12	14.7	15.03	14.6	14.65	1600814	23788846
2015/2/11	14.4	14.89	14.4	14.7	1271305	18626912
2015/2/10	14.35	14.87	14.32	14.65	1638949	23844266
2015/2/9	14.56	14.76	14.22	14.4	1605295	23264392
2015/2/6	15.15	15.15	14.55	14.56	2081598	30717654
2015/2/5	15.43	15.46	14.98	15.16	3556194	54066284
2015/2/4	15.2	15.48	15.19	15.23	2162405	33135688
2015/2/3	15.2	15.48	14.82	15.21	2214639	33677480
2015/2/2	15.11	15.36	14.63	15.17	2988454	45110944
2015/1/30	15.51	15.65	15.05	15.11	5030050	76985016
2015/1/29	16.19	16.19	15.47	15.5	6539372	102428440
2015/1/28	16.15	16.56	15.7	16.25	5561925	89999352
2015/1/27	15.52	16.24	15.43	16.23	7232258	115243312
2015/1/26	14.81	15.71	14.81	15.53	5909031	91079344
2015/1/23	15.03	15.22	14.88	14.92	3883018	58398448
2015/1/22	15.17	15.22	14.76	15.14	6425805	96277456
2015/1/21	14.99	15.57	14.91	15.13	7767361	117746496
2015/1/20	14.3	14.86	14.21	14.75	6525788	95827752
2015/1/19	14.3	14.77	13.88	14.31	4811887	69731200
2015/1/16	14.6	14.7	14.19	14.51	5181675	74876760
2015/1/15	13.8	14.96	13.52	14.55	12524616	179830896
2015/1/14	13.5	13.84	13.33	13.6	4142336	55947408
2015/1/13	13.68	13.77	13.55	13.68	2119279	29023240
2015/1/12	13.53	13.72	13.43	13.6	2171611	29474352
2015/1/9	13.5	13.8	13.32	13.69	3030152	41044836
2015/1/8	13.52	13.68	13.3	13.5	2747901	37005796
2015/1/7	13.52	13.75	13.4	13.52	2317047	31448198
2015/1/6	13.5	13.85	13.29	13.68	3557489	48535700
2015/1/5	13.68	13.86	13.13	13.65	3516053	47641456
2014/12/31	13.78	13.95	13.34	13.67	3759651	51381364
2014/12/30	13.85	14.09	13.62	13.88	3168671	43815396
2014/12/29	13.98	14.04	13.68	13.86	2005751	27831142
2014/12/26	13.68	14.5	13.68	14.02	5271402	74133208
2014/12/25	13.59	13.89	13.59	13.69	3423652	46980672
2014/12/24	12.92	14.2	12.85	13.59	4846454	65380224
2014/12/23	13.15	13.52	12.75	12.91	4188209	55144604
2014/12/22	13.98	14.18	12.83	12.85	6835788	91016384
2014/12/19	14.27	14.27	13.75	13.93	2999692	42010188
2014/12/18	14.28	14.44	14.08	14.27	3158966	45032852
2014/12/17	14.66	14.8	14.17	14.3	4497093	65123840
2014/12/16	14.88	15.15	14.45	14.87	6964284	102995808
2014/12/15	14.3	14.8	14.19	14.73	6049621	87910416
2014/12/12	14.06	14.38	13.83	14.34	7945652	112802632
2014/12/11	13.85	14.19	13.7	14.06	3929970	54831860
2014/12/10	13.33	14.07	13.3	13.9	5390396	74378712
2014/12/9	13.83	14.06	13.22	13.39	6241536	85693656
2014/12/8	13.97	14.27	13.65	13.9	8266861	115334320
2014/12/5	14.66	14.66	13.6	14.1	7089721	100373568
2014/12/4	14.34	14.77	14.2	14.67	8664721	126544656
2014/12/3	14.2	14.68	14.07	14.37	8504337	122073128
2014/12/2	13.85	14.34	13.6	14.2	5999878	84665472
2014/12/1	14.5	14.51	13.78	13.9	8861320	124954120
2014/11/28	14.5	14.71	14.41	14.51	6505508	94700520
2014/11/27	14.55	14.84	14.31	14.51	6667977	96804600
2014/11/26	15.01	15.14	14.3	14.65	9363310	137366624
2014/11/25	14.55	15.15	14.52	15.05	8253075	122881360
2014/11/24	14.79	14.79	14.4	14.58	7354160	107329816
2014/11/21	14.35	14.95	14.33	14.75	9651586	141764736
2014/11/20	14.06	14.9	13.98	14.33	5195908	74292240
2014/11/19	14.14	14.2	13.83	14.17	4592843	64598356
2014/11/18	14.06	14.19	13.91	14.08	4023930	56594004
2014/11/17	13.92	14.29	13.57	14.07	6455201	90662512
2014/11/14	13.69	13.93	13.56	13.82	4904769	67157408
2014/11/13	14.09	14.39	13.65	13.69	6204406	86664856
2014/11/12	13.84	14.34	13.6	14.09	5411859	76353056
2014/11/11	14.15	14.15	13.59	13.9	6268119	86632464
2014/11/10	14.25	14.34	13.86	14.17	5151678	72459680
2014/11/7	14.42	14.81	14.11	14.18	8548209	123225896
2014/11/6	13.96	14.65	13.82	14.54	14010990	199833184
2014/11/5	13.5	14.05	13.48	13.82	6167269	85368544
2014/11/4	13.8	13.8	13.47	13.55	5549634	75669360
2014/11/3	13.92	13.96	13.68	13.85	5943465	82187448
2014/10/31	14.28	14.28	13.72	13.85	8264631	115085944
2014/10/30	14.2	14.66	13.93	14.27	10029426	144127440
2014/10/29	13.9	14.39	13.77	14.19	10003132	140337904
2014/10/28	14.1	14.1	13.74	13.97	8470481	117878736
2014/10/27	13.99	14.15	13.67	14	7073217	98737856
2014/10/24	13.32	14.11	13.27	14	8404603	115818904
2014/10/23	14.07	14.24	13.22	13.43	9945842	135115936
2014/10/22	13.35	14.18	13.16	13.9	14752977	203736096
2014/10/21	13.2	13.59	13.09	13.49	12375990	166016080
2014/10/20	13.19	13.98	13.16	13.29	20117738	270024864
2014/10/17	12.5	12.98	11.92	12.8	15686324	196330576
2014/10/16	12.55	12.97	12.37	12.62	9483401	120376296
2014/10/15	12.48	12.76	12.4	12.58	6605865	83063936
2014/10/14	12.55	13.44	12.45	12.68	11693779	150915504
2014/10/13	12.2	12.78	12.15	12.64	9521967	119135152
2014/10/10	12.1	12.3	11.99	12.28	7806266	95236600
2014/10/9	12.3	12.37	11.82	12.16	7196827	87216856
2014/10/8	12.28	12.45	12.11	12.3	7523063	92457984
2014/9/30	12.2	12.41	12.14	12.28	6058249	74118160
2014/9/29	11.99	12.33	11.92	12.27	9169855	111529976
2014/9/26	11.97	12.35	11.83	11.99	8652501	104662208
2014/9/25	11.65	12.4	11.44	12	11843537	142000464
2014/9/24	11.3	11.68	11.3	11.6	7636544	88283432
2014/9/23	11.1	11.3	11.05	11.25	5471492	61094348
2014/9/22	11.15	11.19	11	11.07	4671647	51689980
2014/9/19	11.26	11.27	11.04	11.15	3683318	41135980
2014/9/18	10.92	11.29	10.92	11.25	4498933	50184312
2014/9/17	11.05	11.12	10.73	11.05	5277243	57719560
2014/9/16	11.63	11.75	11	11	9205031	104866736
2014/9/15	11.01	11.57	11.01	11.57	11092896	125523312
2014/9/12	10.92	11.23	10.9	11.13	5783027	64186060
2014/9/11	11.06	11.28	10.79	10.92	9956225	110046656
2014/9/10	10.86	11.15	10.85	11.08	8046409	88699768
2014/9/9	10.9	10.94	10.75	10.86	5574953	60486292
2014/9/5	10.66	10.99	10.62	10.9	9195824	99455440
2014/9/4	10.63	10.82	10.61	10.66	8298011	88938496
2014/9/3	10.72	10.77	10.42	10.6	8719199	92128704
2014/9/2	10.47	10.68	10.3	10.63	8073640	84517800
2014/9/1	10.24	10.48	10.24	10.46	3570740	37185796
2014/8/29	10.1	10.3	10.1	10.24	2343724	23935268
2014/8/28	10.04	10.15	10.04	10.06	3589124	36228556
2014/8/27	10.08	10.18	9.99	10.06	5647632	56789144
2014/8/26	10.21	10.28	9.99	10.04	5396809	54614144
2014/8/25	10.52	10.65	10.14	10.3	7211518	74444888
2014/8/22	10.4	10.54	10.35	10.46	3473432	36265312
2014/8/21	10.58	10.61	10.22	10.39	5692771	59076712
2014/8/20	10.61	10.73	10.51	10.58	4679757	49653204
2014/8/19	10.64	10.76	10.54	10.72	6551664	69878840
2014/8/18	10.6	10.69	10.43	10.63	8718502	92019056
2014/8/15	10.81	10.86	10.56	10.74	6501972	69471144
2014/8/14	10.92	11.19	10.73	10.82	10403352	114067552
2014/8/13	10.55	11.2	10.54	10.93	15910953	172778880
2014/8/12	10.55	10.63	10.46	10.58	6130673	64609356
2014/8/11	10.45	10.64	10.34	10.6	8872531	93330864
2014/8/8	10.45	10.49	10.33	10.39	5038676	52332676
2014/8/7	10.53	10.61	10.33	10.34	6354489	66154468
2014/8/6	10.32	10.63	10.2	10.59	8901293	92942344
2014/8/5	10.54	10.69	10.26	10.4	8700316	90824640
2014/8/4	10.2	10.59	10.15	10.48	9296541	96839704
2014/8/1	10.45	10.45	10.06	10.14	7814050	80056856
2014/7/31	10.37	10.64	10.26	10.48	9343280	97148952
2014/7/30	10.52	10.73	10.18	10.37	10498386	109118576
2014/7/29	10.39	10.68	10.18	10.57	10617535	111045840
2014/7/28	10.33	10.8	10.23	10.35	11705922	122548248
2014/7/25	10.55	10.74	10.3	10.41	11024393	115921256
2014/7/24	10.1	10.98	10	10.41	15550831	163234464
2014/7/23	9.83	10.25	9.81	9.99	9426773	94863744
2014/7/22	9.42	10.06	9.4	9.87	12263494	120893240
2014/7/21	9.52	9.7	9.48	9.48	3112188	29758106
2014/7/18	9.71	9.92	9.57	9.61	5051930	49214672
2014/7/17	9.55	9.8	9.4	9.75	5536978	53371360
2014/7/16	9.6	9.65	9.45	9.58	3801945	36290276
2014/7/15	9.64	9.72	9.45	9.61	6851842	65405408
2014/7/14	9.38	9.93	9.27	9.7	14318236	138120240
2014/7/11	9.12	9.45	9.12	9.4	10836660	101266400
2014/7/10	9.09	9.16	8.99	9.04	3245954	29432868
2014/7/9	9.21	9.29	9.07	9.08	3729295	34215496
2014/7/8	9.1	9.28	9.02	9.27	4806859	44054628
2014/7/7	9.2	9.33	9.1	9.15	4288841	39415708
2014/7/4	9.5	9.65	9.14	9.15	10379773	97474200
2014/7/3	9.16	9.33	9.05	9.28	7408047	68185784
2014/7/2	9	9.17	9	9.12	3758152	34038220
2014/7/1	9.05	9.19	8.98	9.05	3939750	35715648
2014/6/30	8.87	9.3	8.87	9.11	6056614	54900720
2014/6/27	8.77	8.97	8.75	8.89	3329412	29557070
2014/6/26	8.66	8.85	8.66	8.8	3419153	29991914
2014/6/25	8.69	8.97	8.63	8.73	3703992	32624230
2014/6/24	8.65	8.75	8.55	8.71	2727335	23644478
2014/6/23	8.68	8.8	8.58	8.66	3125460	27168584
2014/6/20	8.53	8.68	8.48	8.64	2356166	20245094
2014/6/19	9.11	9.2	8.37	8.58	8752690	77212072
2014/6/18	8.94	9.47	8.88	9.3	10740333	99312512
2014/6/17	9.06	9.13	8.92	8.92	3251203	29308672
2014/6/16	9.15	9.24	9.06	9.13	5250742	47956716
2014/6/13	8.96	9.27	8.93	9.16	6620660	60132908
2014/6/12	8.8	9.38	8.71	9.09	8627319	78478560
2014/6/11	8.9	8.99	8.79	8.89	3525103	31258666
2014/6/10	8.66	8.95	8.6	8.83	3793660	33379540
2014/6/9	8.71	8.78	8.63	8.72	3946031	34354756
2014/6/6	8.76	9.34	8.75	8.92	8901012	80500968
2014/6/5	8.43	8.65	8.39	8.61	2572071	21937570
2014/6/4	8.7	8.7	8.38	8.42	2929436	24781720
2014/6/3	8.65	8.84	8.65	8.71	1662128	14513704
2014/5/30	8.7	8.83	8.61	8.71	2181880	19062480
2014/5/29	8.87	8.88	8.65	8.65	2710035	23761964
2014/5/28	8.82	8.89	8.75	8.88	2370819	20952484
2014/5/27	8.91	8.97	8.83	8.84	2513373	22340960
2014/5/26	8.83	8.98	8.81	8.9	2510068	22269780
2014/5/23	8.72	9	8.72	8.84	3010700	26758094
2014/5/22	8.95	9.07	8.77	8.78	3389967	30233214
2014/5/21	8.96	9.16	8.73	9.02	3469900	31068526
2014/5/20	9.04	9.19	8.94	9.04	5939101	53675832
2014/5/19	8.71	9.3	8.49	9.16	8031200	71862248
2014/5/16	8.64	8.91	8.61	8.74	3704283	32434956
2014/5/15	8.7	8.79	8.61	8.62	4522123	39353744
2014/5/14	9.13	9.15	8.84	8.9	7208006	64560152
2014/5/13	9.48	9.9	9.17	9.27	15155232	143938208
2014/5/12	8.25	9	8.19	9	5050480	44421256
2014/5/9	8.2	8.28	8.11	8.18	1996954	16362382
2014/5/8	8.16	8.34	8.12	8.16	1959602	16138906
2014/5/7	8.36	8.36	8.1	8.17	2272321	18685920
2014/5/6	8.29	8.44	8.28	8.38	2390147	20008666
2014/5/5	8.28	8.32	8.19	8.31	1886767	15565416
2014/4/30	8.29	8.39	8.2	8.32	2183063	18092698
2014/4/29	8.09	8.32	8.08	8.26	3116916	25537060
2014/4/28	9.02	9.09	8.33	8.33	5790633	49098908
2014/4/25	9.64	9.75	9.24	9.25	2860246	27161052
2014/4/24	9.67	9.67	9.55	9.62	2063201	19803948
2014/4/23	9.65	9.76	9.5	9.6	2248543	21653962
2014/4/22	9.83	9.93	9.51	9.7	3804848	36921372
2014/4/21	10.13	10.2	9.81	9.85	4186651	42015160
2014/4/18	10.1	10.24	9.96	10.22	3413319	34415104
2014/4/17	10.13	10.25	10.12	10.13	2939243	29885808
2014/4/16	10.37	10.39	10.11	10.16	5159217	52779240
2014/4/15	10.28	10.47	10.15	10.38	8846079	91582400
2014/4/14	10.06	10.36	10.03	10.28	5646932	57835168
2014/4/11	10.14	10.17	10.02	10.05	3966446	40014992
2014/4/10	10.27	10.39	10.13	10.2	4977201	50991140
2014/4/9	10.19	10.32	10.14	10.28	4762300	48713184
2014/4/8	9.89	10.34	9.83	10.23	7450455	75852456
2014/4/4	9.69	9.89	9.6	9.88	2608125	25461648
2014/4/3	9.78	9.82	9.6	9.7	2936014	28476846
2014/4/2	9.84	9.95	9.73	9.76	2585022	25454368
2014/4/1	9.7	9.87	9.64	9.86	2686245	26320360
2014/3/31	9.68	9.77	9.51	9.75	3185241	30729952
2014/3/28	10.2	10.3	9.65	9.69	6513872	65034440
2014/3/27	10.16	10.55	10.03	10.29	8131250	83891184
2014/3/26	10.29	10.38	10.01	10.19	5911540	59922612
2014/3/25	10.49	10.51	10.21	10.25	6021236	62196364
2014/3/24	10.4	10.55	10.23	10.48	9007463	93708552
2014/3/21	9.69	10.68	9.68	10.46	14215912	146533616
2014/3/20	9.99	10.04	9.8	9.8	5266158	52157364
2014/3/19	9.45	10.14	9.41	10.08	8634539	85398648
2014/3/18	9.46	9.6	9.44	9.47	2450587	23307414
2014/3/17	9.28	9.67	9.22	9.55	3212827	30278884
2014/3/14	9.39	9.39	9.1	9.22	2612420	24109060
2014/3/13	9.38	9.48	9.34	9.4	2041624	19214118
2014/3/12	9.38	9.48	9.18	9.4	1979173	18507114
2014/3/11	9.3	9.46	9.23	9.38	2006798	18799476
2014/3/10	9.75	9.81	9.3	9.36	3928443	37622132
2014/3/7	9.8	9.87	9.65	9.66	3585590	34927392
2014/3/6	9.97	9.99	9.68	9.8	4438764	43428588
2014/3/5	10.07	10.19	9.95	10.01	4492079	45220444
2014/3/4	10.07	10.22	9.88	10.14	5610701	56439312
2014/3/3	9.95	10.09	9.84	10.08	4630366	46393008
2014/2/28	9.55	9.96	9.52	9.93	3907084	38398696
2014/2/27	9.92	10.06	9.58	9.66	4201286	41420488
2014/2/26	9.5	9.82	9.37	9.81	3633606	35107088
2014/2/25	9.92	10.18	9.42	9.53	5500103	54316976
2014/2/24	10.09	10.13	9.76	9.91	4194276	41430668
2014/2/21	10.12	10.3	10.01	10.13	3376491	34229088
2014/2/20	10.56	10.56	10.1	10.13	7099602	72816048
2014/2/19	10.35	10.75	10.3	10.59	8201967	86615360
2014/2/18	10.67	10.68	10.26	10.38	7876191	81779584
2014/2/17	10.36	10.98	10.36	10.59	11951358	127784400
2014/2/14	9.9	10.38	9.9	10.34	12645240	129342632
2014/2/13	9.65	10.07	9.65	9.77	10586375	104916384
2014/2/12	9.65	9.7	9.5	9.63	4458341	42766700
2014/2/11	9.58	9.69	9.41	9.65	6647770	63619172
2014/2/10	9.19	9.76	9.14	9.66	7049974	66647964
2014/2/7	8.88	9.13	8.75	9.11	2328274	21038942
2014/1/30	9	9.08	8.88	8.88	1728292	15503596
2014/1/29	9.01	9.06	8.95	8.99	2196256	19746350
2014/1/28	8.96	9.05	8.8	9	3206687	28660250
2014/1/27	9.38	9.38	9	9.01	5891782	53745456
2014/1/24	9.22	9.49	9.22	9.4	4366534	41048160
2014/1/23	9.25	9.29	9.19	9.28	2864363	26473050
2014/1/22	9.04	9.3	8.99	9.25	2709630	24844214
2014/1/21	8.8	9	8.8	8.99	2199842	19651314
2014/1/20	9.06	9.06	8.68	8.84	3075104	27212564
2014/1/17	9.17	9.24	9.02	9.06	2151747	19572424
2014/1/16	9.04	9.3	8.99	9.27	3447157	31711272
2014/1/15	8.91	9.03	8.89	8.95	1767104	15802204
2014/1/14	8.83	9.01	8.77	9	1718514	15304295
2014/1/13	8.83	9.03	8.67	8.82	2257024	19980406
2014/1/10	8.9	8.98	8.74	8.8	2357126	20821898
2014/1/9	9.02	9.31	8.88	8.91	3410857	31151134
2014/1/8	9.21	9.24	9.04	9.07	2931887	26737694
2014/1/7	9.24	9.39	9.14	9.21	2560533	23739572
2014/1/6	9.75	9.81	9.3	9.32	3766388	35588304
2014/1/3	9.7	9.92	9.58	9.73	6266291	61257800
2014/1/2	9.68	9.88	9.46	9.7	8282351	80339512
2013/12/31	9	9.38	8.93	9.36	4586223	42375352
2013/12/30	8.92	9.04	8.9	9.03	1812332	16241098
2013/12/27	8.88	8.92	8.73	8.9	1663047	14710556
2013/12/26	9	9.03	8.75	8.76	1893167	16781174
2013/12/25	8.83	9.02	8.83	9	1963100	17510354
2013/12/24	8.93	9.02	8.79	8.86	1817884	16221481
2013/12/23	9.01	9.11	8.79	8.9	1586988	14174010
2013/12/20	9.16	9.41	9.02	9.1	2108812	19457940
2013/12/19	9.2	9.24	9.1	9.13	1602585	14688663
2013/12/18	9.14	9.23	9.09	9.14	1733380	15863825
2013/12/17	9.33	9.33	9.13	9.16	2004050	18397878
2013/12/16	9.4	9.4	9.16	9.25	4577377	42313068
2013/12/13	9.25	9.68	9.24	9.47	4413699	41738772
2013/12/12	9.36	9.4	9.16	9.24	3272175	30298640
2013/12/11	9.42	9.48	9.25	9.33	2090629	19609744
2013/12/10	9.51	9.54	9.35	9.42	3047148	28720300
2013/12/9	9.4	9.58	9.38	9.48	2618415	24821654
2013/12/6	9.39	9.65	9.39	9.5	3450831	32902364
2013/12/5	9.48	9.57	9.36	9.38	3266757	30804852
2013/12/4	9.31	9.65	9.31	9.51	4492353	42838424
2013/12/3	9.29	9.55	8.78	9.49	5907875	54280656
2013/12/2	9.8	9.94	9.3	9.31	7089480	68094888
2013/11/29	10.33	10.33	10.12	10.16	5286308	53776296
2013/11/28	10	10.31	9.96	10.31	7671565	78237992
2013/11/27	10.13	10.13	9.85	10.05	5121549	51124176
2013/11/26	10.18	10.26	10	10.12	4860508	49006544
2013/11/25	10.12	10.68	9.99	10.29	11449855	119175792
2013/11/15	9.69	10.06	9.61	9.99	4501774	44557432
2013/11/14	9.66	9.77	9.43	9.7	4450074	42693332
2013/11/13	10.1	10.1	9.77	9.77	3578887	35559472
2013/11/12	9.92	10.17	9.85	10.1	4253020	42640016
2013/11/11	9.91	10.01	9.62	9.95	3477902	34287324
2013/11/8	9.78	10.13	9.71	9.87	6865944	68583936
2013/11/7	9.82	9.82	9.55	9.7	3694343	35809484
2013/11/6	10.18	10.19	9.89	9.92	6634649	66653540
2013/11/5	10.01	10.28	9.95	10.22	8474227	86150160
2013/11/4	9.58	10.16	9.53	9.97	5976923	58829012
2013/11/1	9.46	9.64	9.35	9.55	3262514	31080550
2013/10/31	9.74	9.74	9.43	9.46	4524970	43303084
2013/10/30	9.61	9.82	9.52	9.8	5907335	57260624
2013/10/29	10.36	10.48	9.5	9.77	9891390	98247128
2013/10/28	11.28	11.28	10.2	10.32	11137342	117408032
2013/10/25	11.29	11.54	11.1	11.25	8138300	92326584
2013/10/24	11.6	11.75	11.1	11.2	9228141	104997840
2013/10/23	12.12	12.37	11.44	11.75	19064537	226390544
2013/10/22	11.88	12.72	11.8	12.1	28517685	351444896
2013/10/21	10.91	11.59	10.68	11.56	12737086	142009296
2013/10/18	10.72	10.99	10.72	10.96	4591370	49926600
2013/10/17	10.83	10.88	10.66	10.71	5464549	58759008
2013/10/16	11.48	11.48	10.64	10.7	11269498	123425440
2013/10/15	11.4	11.74	11.33	11.57	11325480	130719256
2013/10/14	11.49	11.65	11.3	11.4	10797258	123278728
2013/10/11	11.63	11.78	11.32	11.53	17637887	203744400
2013/10/10	10.98	11.69	10.92	11.46	19698180	221500192
2013/10/9	10.8	11.02	10.7	10.93	8097487	88159880
2013/10/8	10.27	10.96	10.22	10.85	8894683	95261968
2013/9/30	10.53	10.58	10.28	10.38	3913306	40654880
2013/9/27	10.21	10.4	10.2	10.27	3601382	37107864
2013/9/26	10.36	10.43	10.12	10.15	4983096	51149792
2013/9/25	10.62	10.69	10.41	10.43	6228343	65583680
2013/9/24	10.86	11.05	10.72	10.75	9293680	100913376
2013/9/23	10.34	10.74	10.32	10.7	7262907	76646016
2013/9/18	10.66	10.75	10.26	10.39	7771191	81061928
2013/9/17	10.8	10.88	10.7	10.71	5066443	54546808
2013/9/16	10.88	11.07	10.7	10.79	5241096	56985408
2013/9/13	10.73	10.97	10.72	10.87	5622263	60862752
2013/9/12	11.02	11.03	10.75	10.83	6364047	69122864
2013/9/11	11	11.25	10.77	10.82	8678618	95465632
2013/9/10	11.15	11.4	10.92	11.03	10880106	121486448
2013/9/9	10.9	11.53	10.81	11.22	12235311	136610240
2013/9/6	11.17	11.25	10.8	10.9	9765003	107196472
2013/9/5	11.44	11.55	11.1	11.2	11770100	132619480
2013/9/4	11.1	11.79	11.02	11.59	17873629	204834864
2013/9/3	11	11.46	11	11.19	11602275	130483560
2013/9/2	10.53	11	10.45	10.97	8678376	93295992
2013/8/30	11.03	11.12	10.5	10.59	12936755	139981568
2013/8/29	11.03	11.28	11.01	11.12	9218314	102654448
2013/8/28	11.66	11.66	11.1	11.16	19701071	223948128
2013/8/27	12.09	12.2	11.8	11.87	14856924	177526048
2013/8/26	11.81	12.12	11.7	12.01	17184017	204334416
2013/8/23	11.9	12.46	11.5	12.05	22732821	273766208
2013/8/22	12.4	12.49	11.7	11.85	19945239	238858592
2013/8/21	11.91	12.17	11.61	11.99	16369953	194807696
2013/8/20	11.28	12.28	11.12	12.19	25967932	305771264
2013/8/19	11.2	11.72	10.86	11.46	23156810	262147776
2013/8/16	13.25	13.56	11.61	11.65	39860389	505875072
2013/8/15	12.17	12.9	12.15	12.9	21554767	271757696
2013/8/14	11.62	11.94	11.4	11.73	25468145	296407744
2013/8/13	11.07	12.2	10.95	11.84	35678527	415590848
2013/8/12	10.45	11.56	10.29	11.15	28486037	312301728
2013/8/9	10.32	10.66	10.22	10.6	18288454	191578240
2013/8/8	10.21	10.52	10.13	10.25	14293621	147485104
2013/8/7	11.13	11.13	10.31	10.36	24995353	269219264
2013/8/6	11.11	11.55	10.9	11.29	29529816	331963808
2013/8/5	10.8	11.24	10.71	10.9	16636779	182483712
2013/8/2	11	11.35	10.91	10.99	22584719	250533616
2013/8/1	11.4	11.4	10.85	11.28	28014329	311065888
2013/7/31	12.4	12.53	11.2	11.49	33912380	399325440
2013/7/30	11.3	12.2	11.03	12.2	31424306	369543104
2013/7/29	12.01	12.47	10.81	11.09	37342976	435205568
2013/7/26	9.6	11.53	9.6	11.52	46736149	501897376
2012/4/25	6.31	6.51	6.1	6.2	15475606	96935568
2012/4/24	6.7	6.83	6.42	6.42	9855477	63934664
2012/4/23	6.6	6.94	6.54	6.76	8964912	60523552
2012/4/20	6.4	6.76	6.4	6.7	9925720	65745324
2012/4/19	6.38	6.63	6.35	6.44	6639231	43022120
2012/4/18	6.31	6.47	6.16	6.38	7252876	45959384
2012/4/17	6.39	6.7	6.36	6.36	17539952	113057008
2012/4/16	6.69	6.69	6.69	6.69	808900	5411541
2012/4/13	7.04	7.04	7.04	7.04	1110500	7817920
2012/4/12	7.1	7.46	7.09	7.41	2204934	16242084
2012/4/11	6.99	7.1	6.86	7.1	918839	6466412
2012/4/10	6.93	7.05	6.8	7.05	751323	5182109
2012/4/9	7.01	7.03	6.76	6.97	1488930	10260869
2012/4/6	7.14	7.14	7.04	7.08	833580	5898387.5
2012/4/5	6.97	7.12	6.77	7.05	1561810	10962537
2012/3/30	6.87	7.13	6.77	6.97	1242182	8630643
2012/3/29	7.27	7.27	6.87	6.87	1712730	11868065
2012/3/28	7.32	7.7	7.16	7.23	2937448	21965000
2012/3/27	7.39	7.47	7.27	7.39	1180005	8695573
2012/3/26	7.15	7.47	7.05	7.4	1670279	12160617
2012/3/23	6.97	7.35	6.95	7.15	1555370	11192379
2012/3/22	6.92	7.1	6.9	7.02	749606	5259783
2012/3/21	7.04	7.14	6.78	7.04	1913985	13401123
2012/3/20	7.32	7.46	7.03	7.04	1348858	9665486
2012/3/19	7	7.31	6.99	7.31	2160644	15666244
2012/3/15	6.88	7.06	6.76	6.96	1408751	9722270
2012/3/14	7.35	7.35	6.96	6.98	2295748	16403554
2012/3/13	7.12	7.41	7.09	7.33	2400384	17530136
2012/3/12	7.08	7.12	6.97	7.12	1383678	9735209
2012/3/9	7.05	7.12	7.03	7.12	1804883	12742739
2012/3/8	7.02	7.15	7.02	7.05	1305091	9246181
2012/3/7	7	7.23	6.97	7.04	1403429	9970100
2012/3/6	7.22	7.29	7.05	7.1	1819474	12992950
2012/3/5	7.32	7.4	7.15	7.22	1989648	14416838
2012/3/2	6.96	7.3	6.96	7.3	1649174	11863977
2012/3/1	6.95	7.07	6.93	6.95	1068416	7468137
2012/2/29	7.13	7.22	6.99	7	1415177	10056526
2012/2/28	6.98	7.22	6.9	7.22	1737870	12229724
2012/2/27	7	7.08	6.96	6.96	1903572	13368731
2012/2/24	6.95	7.04	6.9	7.01	1397026	9735651
2012/2/23	6.99	7.01	6.88	6.95	1005820	6969068.5
2012/2/22	6.92	7.05	6.86	7.01	1173023	8163828.5
2012/2/21	6.93	6.98	6.75	6.95	1092575	7520818.5
2012/2/20	6.96	7.06	6.89	6.93	1166059	8111075
2012/2/17	7	7.1	6.85	6.94	1729080	12000096
2012/2/16	7.09	7.18	6.86	7.08	2433171	16947694
2012/2/15	6.93	7.2	6.82	7.16	2004912	14144382
2012/2/14	6.7	6.97	6.7	6.86	1067352	7319276.5
2012/2/13	6.6	6.78	6.55	6.7	1551395	10378979
2012/2/10	6.53	6.78	6.53	6.65	1118570	7441211
2012/2/9	6.54	6.69	6.46	6.61	1114219	7334928
2012/2/8	6.35	6.55	6.33	6.55	946120	6115236.5
2012/2/7	6.6	6.62	6.33	6.38	1332399	8570481
2012/2/6	6.68	6.8	6.57	6.66	1261467	8425816
2012/2/3	6.57	6.72	6.57	6.67	968134	6464223.5
2012/2/2	6.5	6.68	6.45	6.66	717456	4709325.5
2012/2/1	6.57	6.62	6.4	6.48	1057496	6900400.5
2012/1/31	6.3	6.65	6.26	6.57	1214678	7863844
2012/1/30	6.37	6.54	6.23	6.36	959563	6136328.5
2012/1/20	6.35	6.35	6.2	6.35	1192889	7556009
2012/1/19	5.9	6.06	5.88	6.05	720737	4289880
2012/1/18	5.94	6.06	5.88	5.9	493707	2944186.5
2012/1/17	5.68	5.94	5.66	5.94	582585	3410927.25
2012/1/16	5.8	5.87	5.66	5.66	656501	3747451.75
2012/1/13	6.14	6.2	5.9	5.96	527490	3175960.75
2012/1/12	6.15	6.28	6.1	6.2	723961	4484080.5
2012/1/11	6.25	6.25	6.08	6.15	769694	4728926.5
2012/1/10	6.08	6.28	6.02	6.24	862844	5347070
2012/1/9	5.83	6.08	5.73	6.08	641111	3851495.25
2012/1/6	5.7	5.82	5.61	5.79	466016	2658595.25
2012/1/5	5.9	6.05	5.69	5.69	540000	3160409
2012/1/4	6.26	6.37	5.99	5.99	872650	5395060
2011/12/30	5.9	6.23	5.85	6.23	1562399	9576455
2011/12/29	5.69	5.93	5.64	5.93	1096902	6348968.5
2011/12/28	5.5	5.81	5.41	5.74	1193078	6640828.5
2011/12/27	5.5	5.75	5.5	5.61	1374098	7711449
2011/12/26	5.56	5.65	5.37	5.59	1016860	5639320.5
2011/12/23	5.6	5.76	5.46	5.6	1358648	7636599.5
2011/12/22	5.69	5.88	5.6	5.6	3590162	20130514
2011/12/21	6.21	6.38	5.88	5.89	1460998	9050050
2011/12/20	6.24	6.3	6.19	6.19	1102974	6877841.5
2011/12/19	6.3	6.3	6.17	6.17	2948500	18213344
2011/12/16	6.79	6.92	6.49	6.49	1337767	8724429
2011/12/15	7.08	7.25	6.82	6.83	1017204	7151122.5
2011/12/14	7.12	7.41	7.07	7.18	745764	5352100
2011/12/13	7.45	7.45	7.12	7.13	1452794	10409443
2011/12/12	7.81	7.81	7.35	7.49	784841	5932600.5
2011/12/9	7.45	7.89	7.44	7.73	1525396	11752099
2011/12/8	7.4	7.7	7.3	7.52	981075	7357056
2011/12/7	7.23	7.53	7.23	7.4	1175467	8700500
2011/12/6	7.56	7.6	7.33	7.34	2456733	18103582
2011/12/5	8.15	8.18	7.72	7.72	1708721	13380606
2011/12/2	8.18	8.25	8.04	8.13	1433421	11667568
2011/12/1	8.26	8.33	8.13	8.2	1494311	12316854
2011/11/30	8.2	8.33	7.91	8.1	2114281	17228444
2011/11/29	8.12	8.29	8.07	8.2	1449171	11854839
2011/11/28	8.01	8.09	7.98	8.08	895708	7198080.5
2011/11/25	8.06	8.12	7.96	8.05	819331	6612037.5
2011/11/24	8.03	8.09	7.8	8.07	1198182	9574484
2011/11/23	8.12	8.27	8.05	8.11	966357	7880527.5
2011/11/22	8.04	8.15	7.91	8.07	1531199	12303625
2011/11/21	8.4	8.4	7.99	8.1	2787439	22599618
2011/11/18	8.65	8.76	8.3	8.4	1496732	12662651
2011/11/17	8.65	8.78	8.6	8.69	1649974	14369666
2011/11/16	8.75	8.85	8.56	8.61	2331434	20258458
2011/11/15	8.51	8.85	8.51	8.75	2916758	25471654
2011/11/14	8.44	8.65	8.42	8.52	1825970	15628187
2011/11/11	8.39	8.47	8.26	8.38	920031	7708819
2011/11/10	8.49	8.58	8.34	8.39	1242648	10530608
2011/11/9	8.3	8.55	8.26	8.54	1686726	14151650
2011/11/8	8.5	8.55	8.18	8.26	1700792	14298845
2011/11/7	8.56	8.63	8.44	8.5	2345915	19988102
2011/11/4	8.28	8.61	8.24	8.6	6348529	54119408
2011/11/3	8.15	8.31	8.11	8.2	3524342	29040976
2011/11/2	7.98	8.16	7.92	8.16	2693645	21670732
2011/11/1	7.95	8.12	7.95	8.03	2389137	19227730
2011/10/31	7.99	8.08	7.88	8.03	3273300	26104062
2011/10/28	7.92	8.02	7.83	7.94	2651007	20975646
2011/10/27	7.8	8.01	7.8	7.86	2429507	19196222
2011/10/26	7.72	7.9	7.71	7.83	2518876	19682644
2011/10/25	7.65	7.83	7.6	7.79	3365191	26010438
2011/10/24	7.6	7.8	7.41	7.66	2554959	19408606
2011/10/21	7.61	7.75	7.48	7.56	1508357	11495454
2011/10/20	7.94	8.06	7.6	7.65	2549482	19974188
2011/10/19	7.86	8.1	7.8	7.94	3177659	25265342
2011/10/18	7.98	8.04	7.87	7.9	2012243	16041309
2011/10/17	8.08	8.17	8	8.05	2944309	23825866
2011/10/14	8.14	8.22	7.98	8.01	2175637	17591628
2011/10/13	8.09	8.25	8.03	8.16	4632380	37653964
2011/10/12	7.89	8.11	7.79	8.09	3210219	25669570
2011/10/11	7.96	8.07	7.83	7.87	2844533	22626128
2011/10/10	7.78	8.13	7.73	7.92	3693325	29411146
2011/9/30	7.63	7.82	7.53	7.74	3457871	26637546
2011/9/29	7.81	7.95	7.67	7.67	4864726	37705692
2011/9/28	8.5	8.54	8.07	8.07	6053538	50006784
2011/9/27	8.63	8.74	8.45	8.49	4979496	42650100
2011/9/26	8.63	8.85	8.58	8.6	5271097	45852620
2011/9/23	8.7	8.81	8.45	8.75	7482554	64491660
2011/9/22	8.64	9.09	8.6	8.82	13120080	116132080
2011/9/21	8.75	8.96	8.72	8.85	26339209	231604224
2011/9/20	9.18	9.18	9.18	9.18	239300	2196774
2011/9/19	9.66	9.66	9.66	9.66	37700	364182
2011/9/16	10.17	10.17	10.17	10.17	50500	513585
2011/9/15	10.7	10.7	10.7	10.7	78700	842090
2011/7/19	10.78	11.28	10.64	11.26	6793142	75260008
2011/7/18	10.68	10.85	10.65	10.8	2045174	21988322
2011/7/15	10.83	10.97	10.68	10.7	2491557	26933820
2011/7/14	10.82	11.08	10.6	10.82	2860730	30961612
2011/7/13	10.68	10.88	10.63	10.83	2694627	29013056
2011/7/12	10.62	10.83	10.6	10.67	1961300	21003750
2011/7/11	10.69	10.91	10.62	10.7	2656394	28477444
2011/7/8	10.68	10.88	10.53	10.76	2640824	28401228
2011/7/7	11	11.19	10.69	10.72	3911000	42702908
2011/7/6	10.94	11.18	10.76	11.07	3450720	37802996
2011/7/5	10.76	11.06	10.62	10.92	6037186	65730928
2011/7/4	10.28	10.76	10.28	10.76	6962543	74388112
2011/7/1	9.99	10.37	9.99	10.25	2972788	30465444
2011/6/30	9.98	10.13	9.87	10	1644906	16478580
2011/6/29	10.15	10.2	9.84	9.88	2553562	25498438
2011/6/28	9.99	10.16	9.95	10.16	2442550	24583890
2011/6/27	9.85	10.15	9.81	9.99	3213621	32185662
2011/6/24	9.93	10.19	9.78	9.78	3823180	38019836
2011/6/23	9.83	9.95	9.75	9.89	2432422	23962776
2011/6/22	9.51	10.01	9.51	9.91	6495071	64436904
2011/6/21	9.22	9.57	9.21	9.53	2612034	24585230
2011/6/20	9.1	9.48	9.1	9.2	2419719	22434136
2011/6/17	9.49	9.53	9.02	9.1	4127906	38145324
2011/6/16	9.51	9.66	9.44	9.49	1836619	17531510
2011/6/15	9.5	9.71	9.44	9.56	1745499	16761907
2011/6/14	9.6	9.66	9.5	9.5	2289239	21897872
2011/6/13	9.67	9.75	9.5	9.62	1805976	17340392
2011/6/10	9.38	9.85	9.31	9.67	3007210	28729382
2011/6/9	9.35	9.66	9.35	9.4	3849172	36673488
2011/6/8	9.5	9.59	9.34	9.46	5383312	50842952
2011/6/7	8.89	9.31	8.88	9.31	2059696	19053400
2011/6/3	8.7	8.9	8.62	8.87	1461597	12895354
2011/6/2	8.64	8.74	8.51	8.65	1830970	15745811
2011/6/1	8.61	8.8	8.42	8.78	3381080	29267744
2011/5/31	8.4	8.8	8.09	8.78	4849409	41085680
2011/5/30	8.84	8.88	8.31	8.46	6170060	52304104
2011/5/27	8.82	8.93	8.58	8.75	2105945	18453006
2011/5/26	8.73	9.03	8.73	8.84	2765732	24634410
2011/5/25	8.66	8.79	8.64	8.7	1365982	11893506
2011/5/24	8.7	8.78	8.56	8.68	1895620	16451893
2011/5/23	9.02	9.1	8.62	8.72	4318918	38125008
2011/5/20	8.97	9.21	8.94	9.02	1834387	16605585
2011/5/19	9.19	9.22	9	9.02	2053919	18669504
2011/5/18	9.13	9.35	8.91	9.17	3588066	32779630
2011/5/16	9.2	9.33	9.1	9.17	3108527	28605460
2011/5/13	9.12	9.43	9.11	9.29	3043623	28232992
2011/5/12	9.24	9.33	9.06	9.16	2911528	26893004
2011/5/11	9.17	9.35	9.12	9.27	3002418	27708748
2011/5/10	9.13	9.18	9.05	9.15	1468222	13386620
2011/5/9	9.09	9.15	9.04	9.1	1927629	17524760
2011/5/6	8.81	9.26	8.8	9.12	3432688	31082854
2011/5/5	8.66	8.93	8.64	8.9	1389979	12268182
2011/5/4	8.97	9.04	8.66	8.71	2762396	24479104
2011/5/3	8.89	9.09	8.86	9.01	2936847	26364622
2011/4/29	8.87	9.08	8.72	8.9	4319812	38251824
2011/4/28	8.68	9.18	8.68	8.92	9409539	83359472
2011/4/26	9.31	9.35	8.96	9.12	5804924	52931368
2011/4/25	9.88	9.89	9.31	9.36	5631399	53675160
2011/4/22	9.99	10.16	9.72	9.88	7896922	78302128
2011/4/21	10.16	10.4	10.04	10.06	8484773	86474968
2011/4/20	10.07	10.5	9.93	10.2	10795195	109990816
2011/4/19	9.88	10.5	9.52	10.25	15016739	151404352
2011/4/18	9.55	10.16	9.45	9.98	14460652	143680416
2011/4/15	9.06	9.88	9.04	9.6	14709455	141425008
2011/4/14	9.29	9.36	9.08	9.1	5508589	50665792
2011/4/13	9.29	9.48	9.13	9.37	6243765	58173896
2011/4/12	9.14	9.48	9.01	9.38	7864395	73114336
2011/4/11	9.42	9.48	9.13	9.14	10513762	97921392
2011/4/8	9.5	9.58	9.21	9.52	14188769	133440488
2011/4/7	8.51	9.53	8.48	9.53	20061223	185068448
2011/4/6	8.5	8.99	8.3	8.66	15154711	130232856
2011/2/24	9.15	9.25	9	9.11	3580389	32573682
2011/2/23	8.7	9.4	8.7	9.19	7397961	67563248
2011/2/22	9.08	9.09	8.73	8.76	6450228	57405944
2011/2/21	8.32	9.1	8.32	9.1	10803706	95416920
2011/2/18	8.22	8.27	8.14	8.27	2299573	18843124
2011/2/17	8.23	8.27	8.15	8.22	2439772	19997320
2011/2/16	8.2	8.3	8.15	8.22	2148200	17634170
2011/2/15	8.18	8.35	8.17	8.19	2769681	22837608
2011/2/14	8.12	8.27	8.1	8.17	2725985	22317714
2011/2/11	8.03	8.11	7.98	8.08	2364409	19041928
2011/2/10	7.75	8.1	7.75	8.04	2928353	23374446
2011/2/9	7.73	7.88	7.7	7.78	2308785	18037552
2011/2/1	7.75	7.83	7.71	7.8	1640373	12737787
2011/1/31	7.72	7.77	7.64	7.75	2090082	16119988
2011/1/28	7.64	7.75	7.61	7.72	2151474	16588292
2011/1/27	7.67	7.71	7.48	7.69	3643964	27750206
2011/1/26	7.87	7.87	7.51	7.78	3458891	26428436
2011/1/25	7.83	7.89	7.78	7.88	1200248	9408437
2011/1/24	7.92	7.99	7.82	7.84	1431960	11307892
2011/1/21	8.06	8.17	7.93	7.93	3033327	24365222
2011/1/20	8.45	8.49	8.03	8.11	1946289	16069511
2011/1/19	8.42	8.5	8.31	8.45	1751292	14712947
2011/1/18	8.33	8.43	8.28	8.36	1336442	11144753
2011/1/17	8.99	8.99	8.28	8.37	2660239	22742804
2011/1/14	8.93	9.02	8.86	8.97	1385681	12410758
2011/1/13	8.92	9.04	8.9	8.96	1296729	11626412
2011/1/12	8.82	8.96	8.81	8.96	2179392	19369082
2011/1/11	8.98	8.98	8.72	8.85	2457598	21672686
2011/1/10	9.1	9.2	8.9	8.99	2878062	25976588
2011/1/7	9.13	9.3	9.04	9.2	3344420	30741544
2011/1/6	9.2	9.22	9	9.09	4016366	36532512
2011/1/5	9.25	9.36	9.2	9.21	3063543	28385490
2011/1/4	9.25	9.36	9.05	9.29	5654661	52076116
2010/12/31	9.38	9.39	9	9.28	6976345	63934372
2010/12/30	9.55	9.72	9.3	9.39	5603916	53459812
2010/12/29	9.58	9.85	9.31	9.66	9139847	87979688
2010/12/28	9.38	9.65	9.37	9.6	14383885	136890848
2010/12/27	9.37	9.43	9.14	9.37	3437839	32011282
2010/12/24	9.23	9.47	9.15	9.43	4907834	46053204
2010/12/23	9.24	9.35	9.14	9.22	1530538	14159097
2010/12/22	9.39	9.4	9.24	9.35	1493341	13922613
2010/12/21	9.11	9.47	9.11	9.4	3293496	30660160
2010/12/20	9.35	9.38	9.09	9.19	2149308	19756138
2010/12/17	9.24	9.31	9.18	9.29	1420098	13130199
2010/12/16	9.3	9.35	9.17	9.3	3349960	30967206
2010/12/15	9.3	9.59	9.28	9.36	4226876	39866048
2010/12/14	9.15	9.42	9.09	9.39	4876643	45297644
2010/12/13	8.93	9.18	8.9	9.17	2261549	20554298
2010/12/10	8.89	8.98	8.77	8.94	1785346	15854735
2010/12/9	9.05	9.12	8.95	8.97	1714145	15461113
2010/12/8	9.18	9.26	9.08	9.12	1775317	16261550
2010/12/7	9.03	9.17	8.88	9.15	1750708	15796847
2010/12/6	9.18	9.26	8.98	9.08	2351212	21466738
2010/12/3	9.34	9.35	9.16	9.24	2455190	22639852
2010/12/2	9.42	9.47	9.33	9.38	2489033	23359228
2010/12/1	9.48	9.48	9.29	9.35	1980250	18529860
2010/11/30	9.86	9.91	9.29	9.48	3843656	36747120
2010/11/29	9.67	9.97	9.61	9.91	5859318	57745680
2010/11/26	9.54	9.7	9.4	9.66	3285647	31272196
2010/11/25	9.52	9.7	9.52	9.56	3167226	30397034
2010/11/24	9.18	9.54	9.15	9.51	2312303	21765170
2010/11/23	9.55	9.55	9.18	9.27	2320241	21662866
2010/11/22	9.4	9.66	9.3	9.54	3086457	29464712
2010/11/19	9.28	9.46	9.23	9.44	2244571	21004612
2010/11/18	9.26	9.49	9.06	9.31	2482094	23004112
2010/11/17	9.6	9.8	9.2	9.3	3445556	32797666
2010/11/16	9.7	10.19	9.6	9.7	5917323	58379076
2010/11/15	9.46	9.69	9.46	9.69	2933682	28147086
2010/11/12	10.23	10.23	9.46	9.46	6790606	66984316
2010/11/11	10.4	10.55	10.28	10.29	7568459	78451192
2010/11/10	10.46	10.8	10.4	10.48	12309569	130542216
2010/11/9	10.34	10.48	10.1	10.47	9709306	100324392
2010/11/8	9.91	10.35	9.81	10.32	9843409	99915368
2010/11/5	9.67	9.99	9.63	9.9	6228454	61354124
2010/11/4	9.56	9.65	9.52	9.63	3435949	32981326
2010/11/3	9.79	9.8	9.55	9.55	4752041	45732144
2010/11/2	10	10.05	9.73	9.77	5671676	55717460
2010/11/1	9.84	9.98	9.74	9.97	5153932	50843532
2010/10/29	9.88	9.94	9.74	9.85	3105367	30540184
2010/10/28	9.9	10	9.73	9.87	3895979	38333876
2010/10/27	10.1	10.45	9.92	9.98	9019394	92300800
2010/10/26	9.7	10.05	9.59	10.05	8436913	83074880
2010/10/25	9.61	9.7	9.59	9.67	5060244	48802108
2010/10/22	9.69	9.71	9.57	9.6	3029871	29144412
2010/10/21	9.69	9.77	9.5	9.68	3385338	32609298
2010/10/20	9.5	9.8	9.34	9.65	5026840	48367948
2010/10/19	9.3	9.65	9.24	9.61	3840814	36432960
2010/10/18	9.55	9.55	8.9	9.42	6817025	62557332
2010/10/15	10	10.09	9.6	9.76	6851214	67037604
2010/10/14	10.8	10.8	10.08	10.14	6122990	63845304
2010/10/13	10.51	10.82	10.4	10.8	6464169	68620280
2010/10/12	10.6	10.7	10.43	10.56	5086376	53600164
2010/10/11	10.73	10.81	10.52	10.66	5578533	59414084
2010/10/8	10.67	10.82	10.53	10.74	3917656	41930864
2010/9/30	10.4	10.61	10.26	10.59	3669646	38524612
2010/9/29	10.3	10.52	10.28	10.35	2732118	28343706
2010/9/28	10.5	10.55	10.3	10.33	2056751	21427134
2010/9/27	10.41	10.59	10.38	10.56	2659968	27884576
2010/9/21	10.74	10.74	10.37	10.41	2739018	28761100
2010/9/20	10.79	10.93	10.53	10.57	2838058	30502060
2010/9/17	10.8	10.9	10.62	10.79	2821579	30341294
2010/9/16	10.87	10.88	10.52	10.73	4240916	45258420
2010/9/15	11.18	11.28	10.8	10.9	4846865	53591772
2010/9/14	11.3	11.35	11.14	11.18	5804000	65147616
2010/9/13	11.09	11.28	11	11.28	7394093	82444664
2010/9/10	10.69	11.1	10.69	11.08	6243877	68211608
2010/9/9	10.97	11.25	10.61	10.67	7006423	76430056
2010/9/8	11.24	11.47	10.93	11	8564376	95358440
2010/9/7	11.03	11.48	11.03	11.24	7692994	86664552
2010/9/6	10.86	11.15	10.81	11.05	7786183	85573320
2010/9/3	11	11.08	10.79	10.94	7280258	79470024
2010/9/2	10.85	11.18	10.56	11.04	11930366	130013984
2010/9/1	10.33	11.22	10.18	10.85	15565441	168164816
2010/8/31	10.08	10.35	10.07	10.26	5916221	60527628
2010/8/30	9.98	10.29	9.98	10.17	4668776	47382904
2010/8/27	9.91	10.03	9.76	9.91	3075700	30478336
2010/8/26	9.93	10.05	9.7	9.84	3115525	30765814
2010/8/25	9.83	10.23	9.72	9.91	4716923	47252920
2010/8/24	9.75	9.94	9.59	9.88	2864518	28052680
2010/8/23	9.82	9.93	9.7	9.76	3567054	34900272
2010/8/20	10.38	10.38	9.91	9.95	4560371	45982904
2010/8/19	10.35	10.43	10.21	10.35	5214931	53847816
2010/8/18	10.35	10.5	10.16	10.24	5662065	58367268
2010/8/17	10.26	10.3	10.07	10.18	4911245	49882624
2010/8/16	9.9	10.38	9.89	10.23	6311804	64366268
2010/8/13	9.7	9.95	9.69	9.88	2919257	28678354
2010/8/12	9.9	10	9.68	9.7	3832776	37756168
2010/8/11	9.93	10.08	9.78	9.95	5417114	53748468
2010/8/10	9.9	10.6	9.85	10.04	11003953	112096344
2010/8/9	9.88	9.98	9.75	9.9	3806681	37559896
2010/8/6	9.76	9.88	9.55	9.85	3727938	36331800
2010/8/5	9.94	10.19	9.71	9.81	5656853	56330700
2010/8/4	9.55	9.95	9.49	9.95	5247688	51048616
2010/8/3	9.7	9.84	9.46	9.63	4180894	40289876
2010/8/2	9.48	9.68	9.48	9.66	3134778	30119576
2010/7/30	9.63	9.66	9.28	9.57	4505345	42715128
2010/7/29	9.5	9.97	9.46	9.68	5710382	55672340
2010/7/28	9.37	9.55	9.21	9.5	3956143	37404756
2010/7/27	9.33	9.45	9.16	9.37	3878149	36255748
2010/7/26	9.3	9.37	9.11	9.33	3435387	31827248
2010/7/23	9.12	9.79	9.1	9.34	7330317	69586568
2010/7/22	8.84	9.08	8.76	9.04	3344058	29960132
2010/7/21	8.85	8.98	8.8	8.85	2815022	25008008
2010/7/20	8.62	8.9	8.58	8.9	3403547	29937062
2010/7/19	8.3	8.65	8.21	8.6	2066322	17560150
2010/7/16	8.31	8.43	8.15	8.37	1526119	12597109
2010/7/15	8.55	8.73	8.32	8.34	1828411	15658980
2010/7/14	8.56	8.74	8.52	8.6	1737523	14992617
2010/7/13	8.77	8.78	8.43	8.54	2601949	22420514
2010/7/12	8.81	9.16	8.71	8.94	3626817	32412924
2010/7/9	8.32	8.88	8.25	8.79	3543449	30411454
2010/7/8	8.42	8.5	8.2	8.31	1905698	15960039
2010/7/7	8.31	8.49	8.25	8.49	2338014	19546564
2010/7/6	8.09	8.37	8.05	8.31	2237105	18452428
2010/7/5	8	8.2	7.88	8.15	1586680	12775509
2010/7/2	8.32	8.43	7.8	8.24	2395879	19437044
2010/7/1	8.59	8.7	8.3	8.34	1781091	15093286
2010/6/30	8.9	8.92	8.5	8.59	2197062	18966804
2010/6/29	9.58	9.68	8.85	8.88	3365977	31004864
2010/6/28	9.75	9.78	9.46	9.56	1744147	16760217
2010/6/25	9.84	9.84	9.6	9.69	1717250	16642913
2010/6/24	9.74	9.93	9.65	9.86	2338637	22930612
2010/6/23	9.8	9.99	9.52	9.76	2803370	27415920
2010/6/22	9.69	9.88	9.6	9.75	2314625	22596976
2010/6/21	9.36	9.72	9.33	9.69	2591564	24835366
2010/6/18	9.72	9.84	9.23	9.36	3003893	28897164
2010/6/17	10.21	10.28	9.8	9.82	3017536	30171326
2010/6/11	10.08	10.37	10.07	10.11	4436054	45167556
2010/6/10	10.05	10.17	9.93	10.06	3658637	36845652
2010/6/9	9.75	10.11	9.7	10.04	4747173	46939100
2010/6/8	9.63	9.82	9.55	9.75	2968959	28740168
2010/6/7	9.53	9.75	9.4	9.66	4153988	39932636
2010/6/4	9.76	10.09	9.69	10.01	3148921	31070256
2010/6/3	10.12	10.2	9.9	9.91	3206851	32283328
2010/6/2	9.72	10.14	9.72	10.11	2512020	25069800
2010/6/1	10.33	10.33	9.7	9.81	4070548	40543008
2010/5/31	10.73	10.88	10.38	10.39	4940532	52449420
2010/5/28	10.8	10.9	10.61	10.74	5436952	58435688
2010/5/27	10.24	10.78	10.23	10.67	6390455	67771760
2010/5/26	10.12	10.35	10.04	10.23	2515786	25651006
2010/5/25	10.28	10.39	10.1	10.12	3857444	39373304
2010/5/24	10.23	10.56	10.2	10.46	6255812	65218696
2010/5/21	9.59	10.1	9.42	10.1	4649595	45759716
2010/5/20	10.29	10.35	9.89	9.98	3527558	35637656
2010/5/19	10.45	10.56	10	10.29	4024677	41470544
2010/5/18	10.59	10.65	9.9	10.46	5916569	60727964
2010/5/17	11.6	11.65	10.66	10.66	6009551	67060732
2010/5/14	11.47	11.99	11.37	11.84	8956021	104945168
2010/5/13	11.27	11.45	10.9	11.45	6269829	70302232
2010/5/12	11	11.49	11	11.25	5538700	62458352
2010/5/11	11.56	11.71	11.06	11.25	5374520	61459464
2010/5/7	11	11.48	10.92	11.35	5303489	59830800
2010/5/6	11.99	12.1	11.23	11.29	6319972	74087384
2010/5/5	11.5	12.47	11.36	12.19	8077933	96012040
2010/5/4	11.44	11.75	11.22	11.53	5277464	60855340
2010/4/30	12.01	12.2	11.2	11.63	8399635	96320264
2010/4/28	12.1	12.56	12	12.43	5165665	63958544
2010/4/27	12.5	12.65	11.85	12.16	5752578	70281256
2010/4/26	13	13.27	12.45	12.5	8037981	103036064
2010/4/23	13.46	13.46	12.89	13	6816511	89778472
2010/4/22	13.3	13.92	13.02	13.43	9325583	125297568
2010/4/21	12.95	13.64	12.66	13.5	11409470	151459680
2010/4/20	12.71	13.26	12.71	13.15	12371006	160763472
2010/4/19	13.7	13.78	12.65	12.66	17903546	235788880
2010/4/16	13.96	14.6	13.85	14.05	21537292	305053728
2010/4/15	13.08	14.3	12.86	13.57	31922891	433230848
2010/4/14	13.01	13.01	11.94	13.01	32396795	411405088
2010/4/13	12.2	12.47	11.44	11.83	13086222	156474688
2010/4/12	11.71	12.76	11.71	12.34	24134257	299912352
2010/4/9	11.31	11.78	11.31	11.6	5678508	65673212
2010/4/8	11.6	11.83	11.3	11.56	8191335	95006360
2010/4/7	11.6	11.95	11.42	11.6	11706929	136950064
2010/4/6	11.46	11.7	11.24	11.6	15015397	172514496
2010/4/2	11.06	11.47	10.72	11.47	10109593	112133072
2010/4/1	10.79	11.07	10.72	11	8551510	93650432
2010/3/31	10.47	10.78	10.42	10.73	6416754	68431032
2010/3/30	10.6	10.74	10.37	10.47	3988882	41844972
2010/3/29	10.57	10.8	10.42	10.6	4778618	50683704
2010/3/26	10.25	10.58	10.21	10.45	4834036	50462444
2010/3/25	10.6	10.65	10.25	10.28	6715331	69475560
2010/3/24	10.64	10.9	10.58	10.7	8692381	93320752
2010/3/23	10.77	11.07	10.52	10.89	18344149	197857232
2010/3/22	9.6	10.62	9.6	10.62	15075734	156740896
2010/3/19	9.63	9.69	9.5	9.65	2361006	22636320
2010/3/18	9.57	9.72	9.54	9.63	2326816	22419802
2010/3/17	9.35	9.62	9.33	9.57	2540783	24177602
2010/3/16	9.32	9.39	9.18	9.32	2212246	20579606
2010/3/15	9.5	9.52	9.26	9.3	2328007	21763776
2010/3/12	9.78	9.8	9.47	9.52	2671923	25742916
2010/3/11	9.84	9.9	9.7	9.77	2478299	24274284
2010/3/10	10.1	10.2	9.75	9.85	3242154	32243350
2010/3/9	10.2	10.23	10.03	10.1	3297573	33320984
2010/3/8	9.76	10.29	9.76	10.2	5538909	56050516
2010/3/5	9.73	9.83	9.63	9.76	2677404	26095134
2010/3/4	10.15	10.24	9.71	9.73	3919335	39210592
2010/3/3	10.04	10.22	9.91	10.15	4469633	44998640
2010/3/2	10.23	10.31	10	10.04	4122067	41623904
2010/3/1	10.1	10.35	10.1	10.21	4695445	47951968
2010/2/25	10.1	10.18	10	10.13	5699323	57443548
2010/2/24	9.78	10.07	9.61	10.06	4836671	47959708
2010/2/23	9.89	9.89	9.65	9.8	3000332	29160936
2010/2/22	9.62	10.16	9.57	9.81	4552861	44946396
2010/2/12	9.54	9.63	9.5	9.55	1997333	19121760
2010/2/11	9.55	9.64	9.49	9.5	1928453	18453354
2010/2/10	9.42	9.67	9.42	9.53	2402019	22990096
2010/2/9	9.56	9.67	9.36	9.43	3583526	33967048
2010/2/8	9.95	9.95	9.4	9.72	5702122	55412956
2010/2/5	11.71	11.71	10.21	10.38	12833442	140507792
2010/1/7	10.87	11.05	10.6	10.65	6482301	70116472
2010/1/6	11	11.2	10.91	10.96	6441827	71299120
2010/1/5	10.75	11.12	10.66	11.04	8096198	88311448
2010/1/4	10.65	10.92	10.53	10.82	6370946	68114736
2009/12/31	10.7	10.7	10.32	10.65	6127904	64645668
2009/12/30	10.1	10.73	9.93	10.49	7457657	77358992
2009/12/29	10.08	10.26	9.96	10.11	4034227	40761104
2009/12/28	9.75	10.11	9.75	10.08	4458182	44454452
2009/12/25	9.71	9.95	9.66	9.74	3281670	32172642
2009/12/24	9.45	9.7	9.38	9.65	2636820	25245956
2009/12/23	9.32	9.49	9.3	9.39	2257356	21222380
2009/12/22	9.8	9.8	9.29	9.36	3254101	30955544
2009/12/21	9.6	9.8	9.59	9.79	2081838	20168380
2009/12/18	10.28	10.28	9.6	9.7	4196118	41365600
2009/12/17	10.73	10.84	10.23	10.3	4426385	46426000
2009/12/16	10.47	11	10.41	10.85	9478121	102514184
2009/12/15	10.54	10.65	10.44	10.5	3184379	33616624
2009/12/14	10.57	10.57	10.23	10.45	3252260	33664068
2009/12/11	10.64	10.68	10.4	10.5	3326228	34958120
2009/12/10	10.48	10.57	10.32	10.53	3473473	36277676
2009/12/9	10.42	10.76	10.38	10.4	5174979	54843184
2009/12/8	10.59	10.7	10.35	10.56	3653715	38419164
2009/12/7	10.47	10.75	10.41	10.69	3933413	41671892
2009/12/4	10.8	10.94	10.2	10.48	7718859	81515168
2009/12/3	11.07	11.07	10.75	10.94	6134499	67004356
2009/12/2	10.95	11.15	10.85	11.06	7530768	82678888
2009/12/1	10.87	11.1	10.76	10.99	7049591	77029152
2009/11/30	10.55	10.95	10.43	10.87	6787275	72732616
2009/11/27	10.35	10.78	10.2	10.46	7343815	77208648
2009/11/26	11.06	11.06	10.2	10.39	9248777	99303704
2009/11/25	10.56	11.14	10.56	11.13	9637741	104395528
2009/11/24	11.93	12.1	10.91	10.95	14067002	161613136
2009/11/23	11.8	12.09	11.67	11.92	8573664	101908120
2009/11/20	12.14	12.14	11.7	11.86	13323281	157615824
2009/11/19	12.19	12.32	11.9	12.15	18496005	224097760
2009/11/18	11.41	12.55	11.3	12.4	28655494	345832512
2009/11/17	11.37	11.7	11.12	11.41	14980780	170987456
2009/11/16	11.22	11.39	11.07	11.38	12653746	141966576
2009/11/13	11.03	11.35	10.9	11.15	8900739	98939456
2009/11/12	10.99	11.16	10.95	10.99	8909329	98367856
2009/11/11	11.44	11.44	10.89	11.05	13236065	146693856
2009/11/10	11.19	11.7	11.1	11.4	25001194	285359072
2009/11/9	11.21	11.4	10.9	11.18	25387168	282585312
2009/11/6	12.25	12.67	11.41	11.48	48248888	583967040
2009/11/5	10.8	11.52	10.53	11.52	20797687	230001808
2009/11/4	9.59	10.47	9.39	10.47	23061034	231820688
2009/11/3	9.49	9.63	9.3	9.52	11048450	104348248
2009/11/2	9.15	9.75	9.01	9.51	19156208	181967808
2009/10/30	8.94	9.31	8.88	9.23	10186966	92873544
2009/10/29	8.95	9.16	8.8	8.92	7608130	68766120
2009/10/28	8.8	9.04	8.78	8.96	4542849	40370136
2009/10/27	9.18	9.19	8.91	8.93	8310152	75035016
2009/10/26	9.07	9.71	9.05	9.33	18276196	171207424
2009/10/23	8.95	9.13	8.88	9.08	7004887	63131836
2009/10/22	8.86	9	8.81	8.97	4561489	40623460
2009/10/21	9.09	9.09	8.88	8.9	6241683	55920000
2009/10/20	9.09	9.15	8.97	9.11	7747497	70197904
2009/10/19	8.91	9.21	8.91	9.1	10380967	94431456
2009/10/16	8.87	9.02	8.83	8.95	4426915	39613720
2009/10/15	9.01	9.05	8.82	8.85	4513894	40186628
2009/10/14	8.92	9.06	8.87	8.99	6270943	56240004
2009/10/13	8.84	8.98	8.67	8.97	5442413	47980552
2009/10/12	9.08	9.09	8.85	8.9	6499289	58197872
2009/10/9	9.1	9.24	8.96	9.16	8938994	81542480
2009/9/30	8.9	9.07	8.77	9	7651772	68382872
2009/9/29	8.45	9.12	8.45	8.91	9093655	80597128
2009/9/28	8.81	8.96	8.44	8.49	5866554	51575908
2009/9/25	8.6	8.88	8.54	8.77	5418778	47347148
2009/9/24	8.37	8.7	8.25	8.57	6569965	55607188
2009/9/23	8.76	8.97	8.3	8.35	5661183	48910780
2009/9/22	9.2	9.2	8.75	8.75	6912159	61912992
2009/9/21	8.77	9.15	8.71	9.11	8842283	79361888
2009/9/18	8.97	9.08	8.69	8.79	8709458	77593640
2009/9/17	8.8	9.14	8.79	8.96	8486628	76292856
2009/9/16	8.94	8.97	8.62	8.82	9154156	80378232
2009/9/15	8.81	9.4	8.81	8.99	20639538	188186384
2009/9/14	8.43	8.83	8.35	8.78	15808758	136184752
2009/9/11	8.28	8.58	8.21	8.45	9624708	80712664
2009/9/10	8.2	8.3	8.1	8.3	5880090	48216480
2009/9/9	8.45	8.45	8.08	8.26	7443653	61453404
2009/9/8	8.42	8.42	8.19	8.36	7611133	63143992
2009/9/7	8.37	8.6	8.25	8.43	10962319	92949536
2009/9/4	8.2	8.45	8.14	8.32	8174488	67742152
2009/9/3	8	8.29	7.95	8.24	7292392	59331696
2009/9/2	8.16	8.16	7.85	7.98	5851875	46767920
2009/9/1	8	8.27	7.75	8.17	7773309	62317928
2009/8/31	8.7	8.7	8.2	8.2	10372854	86898536
2009/8/28	9.5	9.6	8.7	8.86	15214582	137731728
2009/8/27	9.28	9.78	9.11	9.57	18877957	179753008
2009/8/26	9.16	9.7	9.01	9.34	19707069	186412256
2009/8/25	9.8	9.85	9.05	9.28	27772768	261743408
2009/8/24	9.11	9.94	9.09	9.94	42792825	417138176
2009/8/21	8.71	9.15	8.63	9.04	11926596	107183728
2009/8/20	8.44	8.86	8.33	8.79	5224974	44893988
2009/8/19	8.68	8.99	8.48	8.56	8475205	74409040
2009/8/18	8.5	8.68	8.21	8.63	6649499	56356228
2009/8/17	8.41	8.99	8.41	8.7	13741671	121358448
2009/8/14	8.56	8.76	8.36	8.4	4505249	38663972
2009/8/13	8.6	8.65	8.36	8.55	2867713	24407916
2009/8/12	9.03	9.05	8.55	8.57	5379006	46906172
2009/8/11	9.08	9.14	8.96	9	3832290	34615276
2009/8/10	8.98	9.14	8.85	9.08	5470232	49185120
2009/8/7	9.03	9.3	8.88	8.89	9976899	91043000
2009/8/6	8.95	9.11	8.7	8.98	7464943	66509456
2009/8/5	8.82	9.16	8.77	8.97	10234128	92236856
2009/8/4	8.77	8.88	8.52	8.83	7344241	63698800
2009/8/3	8.73	8.83	8.63	8.79	5210231	45479788
2009/7/31	8.58	8.75	8.45	8.73	5564360	47943444
2009/7/30	8.5	8.74	8.2	8.55	6435191	54292424
2009/7/29	9.16	9.25	8.24	8.54	8657549	76701784
2009/7/28	9.22	9.23	9.01	9.14	6398499	58135000
2009/7/27	9.04	9.3	9.04	9.2	6494751	59609112
2009/7/24	9.17	9.37	8.89	9.02	7147874	65102464
2009/7/23	9.25	9.25	9.14	9.17	6133630	56297452
2009/7/22	9.16	9.35	9.1	9.26	6979975	64259228
2009/7/21	9.66	9.66	9.1	9.19	12872432	120495360
2009/7/20	9.27	9.8	9.21	9.65	16709144	160173952
2009/7/17	9.1	9.48	9.08	9.28	11573092	107639608
2009/7/16	9.04	9.35	8.95	9.1	13058104	119763560
2009/7/15	9.08	9.1	8.96	9.02	9956684	89822576
2009/7/14	9.09	9.2	8.96	9.13	9374199	85057728
2009/7/13	8.9	9.12	8.89	9.03	9359820	84455832
2009/7/10	8.97	9	8.86	8.9	7107794	63382952
2009/7/9	8.97	9.13	8.87	8.97	8580763	77051152
2009/7/8	8.78	8.95	8.71	8.93	6833888	60632652
2009/7/7	8.75	8.84	8.65	8.78	5665843	49640096
2009/7/6	8.85	8.9	8.6	8.74	7475852	65014584
2009/7/3	8.79	8.9	8.73	8.85	6020204	53120144
2009/7/2	8.96	9.07	8.72	8.85	8114053	71946152
2009/7/1	9.1	9.16	8.85	8.93	9959024	89260192
2009/6/30	9.04	9.34	8.86	9.24	16794296	154242640
2009/6/29	8.7	9.08	8.65	9	17193627	153557568
2009/6/26	8.58	8.76	8.52	8.68	6461618	55870680
2009/6/25	8.62	8.69	8.54	8.56	5966608	51226556
2009/6/24	8.57	8.76	8.57	8.69	5511298	47719364
2009/6/23	8.58	8.66	8.5	8.62	6375371	54764628
2009/6/22	8.98	8.98	8.67	8.68	13584779	119244912
2009/6/19	8.77	9.58	8.68	9.1	32014742	297138432
2009/6/18	8.58	8.71	8.55	8.71	9922017	85576352
2009/6/17	8.53	8.67	8.48	8.58	7585082	65179792
2009/6/16	8.54	8.58	8.46	8.49	5532347	47036428
2009/6/15	8.66	8.68	8.46	8.57	7711715	65803484
2009/6/12	8.53	8.88	8.51	8.66	18013232	156603056
2009/6/11	8.5	8.66	8.47	8.51	5938095	50752544
2009/6/10	8.56	8.59	8.44	8.54	6211101	52863092
2009/6/9	8.61	8.7	8.42	8.55	7515244	64004392
2009/6/8	8.57	8.74	8.42	8.71	13739812	118570808
2009/6/5	8.51	8.65	8.44	8.58	8010281	68521320
2009/6/4	8.46	8.68	8.38	8.59	9376783	80013248
2009/6/3	8.48	8.56	8.42	8.46	5661066	47966328
2009/6/2	8.79	8.85	8.48	8.52	11678442	100342552
2009/5/27	8.38	8.68	8.21	8.66	11316490	95670704
2009/5/26	8.45	8.58	8.37	8.4	6206790	52364776
2009/5/25	8.6	8.6	8.31	8.43	8360120	70442928
2009/5/22	8.78	8.99	8.65	8.78	20271205	178591024
2009/5/21	8.55	8.71	8.45	8.71	11316300	97269312
2009/5/20	8.4	8.65	8.32	8.62	12471100	106141136
2009/5/19	8.42	8.44	8.32	8.37	6955200	58250500
2009/5/18	8.53	8.56	8.25	8.4	6774800	56582848
2009/5/15	8.38	8.74	8.38	8.52	10822600	92577456
2009/5/14	8.35	8.5	8.26	8.36	6467900	54336052
2009/5/13	8.47	8.5	8.35	8.4	7802800	65616412
2009/5/12	8.4	8.54	8.3	8.46	7448600	62606544
2009/5/11	8.75	8.98	8.28	8.44	17652100	152319248
2009/5/8	8.89	8.95	8.58	8.68	16861700	147068096
2009/5/7	8.41	9.19	8.4	8.95	30212900	266234784
2009/5/6	8.41	8.55	8.3	8.39	9216100	77436728
2009/5/5	8.46	8.62	8.34	8.49	14902800	126699864
2009/5/4	8.18	8.49	8.1	8.46	11517500	95639976
2009/4/30	8.26	8.35	8.04	8.17	8216100	67216216
2009/4/29	8.25	8.36	7.95	8.25	10143200	82573448
2009/4/28	7.92	8.26	7.9	8.23	8747200	71088216
2009/4/27	8.45	8.57	7.9	7.9	8607500	70151896
2009/4/24	8.65	8.71	8.46	8.52	17273500	147705536
2009/4/23	8.07	8.7	8.03	8.6	13927900	117167216
2009/4/22	8.5	8.55	7.9	8.23	10743000	89250736
2009/4/21	8.55	8.58	8.32	8.47	9901500	84032264
2009/4/20	8.53	8.78	8.46	8.65	15519300	133465048
2009/4/17	8.55	8.55	8.2	8.5	11627100	97181368
2009/4/16	8.45	8.58	8.31	8.54	18152100	153817888
2009/4/15	8.33	8.49	8.08	8.45	13493600	111584824
2009/4/14	8.26	8.46	8.13	8.38	12427200	102860744
2009/4/13	8.16	8.31	8.02	8.25	10555900	86502272
2009/4/10	8.08	8.27	8.01	8.19	7844600	63877680
2009/4/9	8	8.15	7.85	8.06	6575100	52729680
2009/4/8	8.5	8.5	7.99	8.03	10783900	88645800
2009/4/7	8.53	8.81	8.46	8.54	11272300	97276496
2009/4/3	8.6	8.65	8.3	8.36	9733800	82111944
2009/4/2	8.63	8.81	8.53	8.58	11632300	100934768
2009/4/1	8.56	8.77	8.56	8.61	10086900	87127640
2009/3/31	8.45	8.58	8.3	8.55	12667600	106913984
2009/3/30	8.89	9	8.67	8.75	23068000	203567744
2009/3/27	8.26	9.08	8.15	9.07	27903000	240341328
2009/3/26	8.11	8.27	7.95	8.27	7800200	63517892
2009/3/25	8.58	8.58	8.18	8.18	8316300	69763904
2009/3/24	8.44	8.84	8.26	8.58	16729100	142685888
2009/3/23	8.41	8.51	8.3	8.44	12213200	102792168
2009/3/20	8.55	8.58	8.21	8.41	17342500	146198560
2009/3/19	8.09	8.5	8.06	8.5	15940700	131448072
2009/3/18	8.12	8.23	8.04	8.09	11196000	91060384
2009/3/17	7.8	8.1	7.7	8.04	8984300	71350640
2009/3/16	7.7	7.9	7.68	7.8	4959100	38612068
2009/3/13	7.88	7.88	7.61	7.71	5900400	45691604
2009/3/12	7.87	7.87	7.56	7.76	7723400	59357320
2009/3/11	8.25	8.3	7.9	7.93	15531800	125299256
2009/3/10	7.27	8.1	7.21	8.1	14990900	116859728
2009/3/9	8	8.1	7.36	7.36	9560700	73521936
2009/3/6	8.2	8.2	7.9	8	8211100	65909784
2009/3/5	8.5	8.56	8.1	8.25	18462900	153740304
2009/3/4	7.57	8.22	7.57	8.22	14707800	115753312
2009/3/3	7.3	7.84	7.22	7.57	10094700	77196008
2009/3/2	7.21	7.66	7.2	7.56	9149400	68134680
2009/2/27	8.1	8.24	7.66	7.66	11828900	91730888
2009/2/26	9.32	9.44	8.51	8.51	14432100	129591808
2009/2/25	9.64	9.77	9.15	9.45	20245100	190948880
2009/2/24	9.3	9.54	8.93	9.45	21473900	199727504
2009/2/23	8.85	9.41	8.7	9.4	17092800	155440432
2009/2/20	9	9.06	8.6	8.91	12040200	106211192
2009/2/19	8.97	9.29	8.8	9	15870000	142904016
2009/2/18	8.93	9.8	8.75	9.36	33248300	310378496
2009/2/17	9	9.05	8.4	8.98	18167500	159831072
2009/2/16	8.9	9.28	8.7	9.05	18439100	165475264
2009/2/13	8.6	8.97	8.52	8.9	19653400	171957104
2009/2/12	8.9	9.13	8.35	8.67	18949000	164822544
2009/2/11	8.15	8.86	8.03	8.85	28285800	239327920
2009/2/10	8.72	8.76	8.1	8.36	27626300	230443136
2009/2/9	7.82	8.09	7.66	8.05	20549700	161845488
2009/2/6	7.42	7.89	7.41	7.77	21259500	163068720
2009/2/5	7.52	7.63	7.28	7.36	14411600	107974824
2009/2/4	7.29	7.65	7.25	7.6	18885600	140537568
2009/2/3	7.04	7.37	6.95	7.3	13028600	93736552
2009/2/2	7.04	7.13	6.92	7.09	7352400	51800072
2009/1/23	7.28	7.28	6.99	7.06	7887100	55902812
2009/1/22	7.45	7.5	7.26	7.28	11198100	82408232
2009/1/21	7.15	7.39	7.1	7.23	8237600	59581936
2009/1/20	7.02	7.39	6.91	7.25	11533300	83037968
2009/1/19	7.3	7.48	7.01	7.15	14748300	107029704
2009/1/16	6.78	7.4	6.78	7.2	17911300	127629696
2009/1/15	6.8	6.88	6.66	6.78	7715700	52231892
2009/1/14	6.55	6.9	6.52	6.81	7442900	50202300
2009/1/13	6.77	6.77	6.55	6.59	5765000	38234212
2009/1/12	6.7	6.97	6.61	6.84	7147600	48918180
2009/1/9	6.62	6.8	6.62	6.74	6161400	41378316
2009/1/8	6.83	6.83	6.5	6.59	7447700	49399788
2009/1/7	6.9	7.1	6.82	6.89	9026500	62512696
2009/1/6	6.55	7.16	6.48	6.96	12773800	86372304
2009/1/5	6.52	6.65	6.4	6.6	8262600	53927876

:						
000545   						
      	    	    	    	    	    	    