2019/9/23	3.52	3.55	3.45	3.49	8329172	29094858
2019/9/20	3.75	3.83	3.59	3.59	12931820	47508800
2019/9/19	3.62	3.63	3.53	3.59	6268120	22379346
2019/9/18	3.52	3.63	3.51	3.62	9130210	32614842
2019/9/17	3.59	3.61	3.51	3.52	7321944	25948966
2019/9/16	3.64	3.65	3.58	3.62	8356043	30160782
2019/9/12	3.59	3.74	3.59	3.65	13089957	47923532
2019/9/11	3.57	3.68	3.56	3.58	12812270	46371096
2019/9/10	3.6	3.6	3.54	3.58	9241111	32995872
2019/9/9	3.59	3.61	3.54	3.6	12915992	46160744
2019/9/6	3.57	3.63	3.54	3.58	19606754	70045104
2019/9/5	3.77	3.85	3.61	3.64	43094841	159528544
2019/9/4	3.37	3.74	3.36	3.74	24792592	91011320
2019/9/3	3.37	3.42	3.35	3.4	6780733	22941580
2019/9/2	3.28	3.37	3.26	3.36	5355727	17904218
2019/8/30	3.36	3.38	3.26	3.29	6197000	20562252
2019/8/29	3.4	3.42	3.34	3.37	4967500	16735893
2019/8/28	3.34	3.38	3.32	3.37	6384076	21396840
2019/8/27	3.31	3.36	3.3	3.35	5967300	19900042
2019/8/26	3.3	3.32	3.25	3.29	5014900	16453371
2019/8/23	3.35	3.36	3.31	3.35	5537454	18451924
2019/8/22	3.31	3.36	3.3	3.35	5722134	19054206
2019/8/21	3.34	3.34	3.3	3.3	4452200	14776159
2019/8/20	3.35	3.38	3.31	3.33	6362020	21260716
2019/8/19	3.26	3.35	3.26	3.33	7364646	24407632
2019/8/16	3.24	3.3	3.22	3.26	7437357	24311076
2019/8/15	3.11	3.37	3.08	3.24	7761936	25005742
2019/8/14	3.25	3.25	3.19	3.21	4767578	15340116
2019/8/13	3.2	3.22	3.17	3.19	4198620	13384499
2019/8/12	3.21	3.25	3.19	3.22	4288425	13800559
2019/8/9	3.23	3.25	3.16	3.19	7006275	22547920
2019/8/8	3.16	3.24	3.16	3.19	7235983	23243978
2019/8/7	3.36	3.38	3.06	3.2	13694623	44661824
2019/8/6	3.46	3.46	3.3	3.35	13424083	45127016
2019/8/5	3.57	3.63	3.54	3.54	9369459	33584864
2019/8/2	3.51	3.61	3.51	3.59	10642719	37948604
2019/8/1	3.59	3.65	3.57	3.61	13175040	47497028
2019/7/31	3.62	3.66	3.56	3.65	19665849	70862576
2019/7/30	3.69	3.77	3.67	3.67	38736954	144170048
2019/7/29	3.49	3.85	3.49	3.85	34621639	132672224
2019/7/26	3.41	3.52	3.39	3.5	9655979	33388274
2019/7/25	3.41	3.45	3.39	3.4	4412600	15058156
2019/7/24	3.4	3.46	3.39	3.43	5280959	18113188
2019/7/23	3.35	3.4	3.34	3.39	3848767	12986099
2019/7/22	3.43	3.47	3.33	3.35	6086955	20508736
2019/7/19	3.42	3.48	3.41	3.42	5007900	17274524
2019/7/18	3.46	3.46	3.4	3.4	5273988	18027088
2019/7/17	3.51	3.55	3.45	3.47	5492355	19091794
2019/7/16	3.5	3.53	3.47	3.51	5031750	17560914
2019/7/15	3.41	3.52	3.38	3.51	10846244	37594112
2019/7/12	3.39	3.42	3.35	3.39	6419884	21824084
2019/7/11	3.42	3.44	3.37	3.38	7571963	25758960
2019/7/10	3.41	3.45	3.37	3.4	7566798	25807646
2019/7/9	3.33	3.43	3.3	3.42	10276971	34838612
2019/7/8	3.51	3.61	3.35	3.38	27646982	94791688
2019/7/5	3.93	3.93	3.63	3.72	20234392	75826592
2019/7/4	3.97	4.01	3.94	3.95	4523844	17946894
2019/7/3	4.03	4.03	3.94	3.95	6375112	25322470
2019/7/2	4.01	4.15	3.98	4.04	12835921	51987928
2019/7/1	3.97	4.01	3.94	4	6439623	25663318
2019/6/28	3.98	4	3.89	3.9	4325573	16977654
2019/6/27	3.98	4.03	3.95	3.96	5453516	21747836
2019/6/26	3.97	3.99	3.93	3.96	3087416	12251486
2019/6/25	4.01	4.03	3.9	3.96	6277000	24874000
2019/6/24	4.01	4.05	3.99	4.03	5289467	21250132
2019/6/21	3.95	4.03	3.94	4	7812935	31240964
2019/6/20	3.88	3.96	3.87	3.95	6234053	24487486
2019/6/19	3.88	3.95	3.86	3.88	6103559	23861456
2019/6/18	3.83	3.88	3.81	3.83	2308100	8850122
2019/6/17	3.84	3.89	3.78	3.86	4757189	18223906
2019/6/14	3.93	4.08	3.86	3.88	7746769	30600548
2019/6/13	3.92	3.94	3.85	3.93	4176636	16323188
2019/6/12	3.88	3.95	3.87	3.88	5163697	20159808
2019/6/11	3.76	3.93	3.76	3.9	6396437	24765504
2019/6/10	3.75	3.83	3.71	3.77	3885123	14609083
2019/6/6	3.88	3.89	3.69	3.71	6481872	24493670
2019/6/5	3.9	3.94	3.87	3.88	4444150	17365454
2019/6/4	3.94	3.96	3.85	3.88	5249052	20481162
2019/6/3	3.99	4.04	3.92	3.93	6379312	25251274
2019/5/31	4.01	4.05	3.98	4	4100600	16472091
2019/5/30	4.07	4.07	3.97	4.02	7318964	29282030
2019/5/29	4.04	4.13	4.03	4.07	4211652	17198582
2019/5/28	4.1	4.16	4.02	4.06	6715540	27617398
2019/5/27	4.08	4.16	4.03	4.14	9071965	37237312
2019/5/24	3.97	4.15	3.9	4.06	8391720	33872648
2019/5/23	4.12	4.12	4	4	8432297	34076372
2019/5/22	4.19	4.2	4.1	4.1	16227961	67321248
2019/5/21	3.98	4.39	3.92	4.31	17972752	75343480
2019/5/20	3.99	4.04	3.88	3.99	6708004	26434824
2019/5/17	4.17	4.2	3.96	4	12520264	51036608
2019/5/16	4.15	4.29	4.13	4.2	11721422	49366992
2019/5/15	4.1	4.22	4.08	4.17	12299829	51241728
2019/5/14	4.18	4.22	4.06	4.08	13520575	55895164
2019/5/13	4.05	4.3	4.04	4.25	17789237	74301312
2019/5/10	4.02	4.08	3.85	4.08	11676475	47052432
2019/5/9	4	4.05	3.96	3.98	7460320	29832278
2019/5/8	4.04	4.11	3.95	4.02	8358560	33807372
2019/5/7	4.04	4.11	4	4.09	9713366	39434540
2019/5/6	4.21	4.22	3.9	3.99	19098928	77837088
2019/4/30	4.12	4.37	4.12	4.32	13237300	56603748
2019/4/29	4.5	4.53	4.1	4.14	19511036	83089752
2019/4/26	4.5	4.58	4.46	4.51	13329844	60268784
2019/4/25	4.92	4.93	4.46	4.46	25788401	120667184
2019/4/24	4.9	4.97	4.82	4.96	13363660	65454724
2019/4/23	5.08	5.15	4.88	4.94	16659911	83005976
2019/4/22	5.19	5.23	5.04	5.1	18049290	92650208
2019/4/19	5	5.18	4.98	5.17	28340741	144721792
2019/4/18	4.93	5.3	4.83	5.06	31546063	159535424
2019/4/17	4.88	5.01	4.85	4.93	12771607	63192052
2019/4/16	4.79	4.91	4.71	4.9	15578231	74590840
2019/4/15	5.04	5.08	4.82	4.83	16425837	81592688
2019/4/12	5.05	5.1	4.9	5	18114954	89953328
2019/4/11	4.87	5.24	4.83	5.06	32474628	162921296
2019/4/10	5.03	5.03	4.82	4.9	22331777	109781696
2019/4/9	5	5.11	4.95	5.07	25083716	126218800
2019/4/8	4.99	5.13	4.92	4.99	41331141	206903888
2019/4/4	4.87	5.36	4.85	5.13	67174877	351780416
2019/4/3	4.73	4.88	4.72	4.87	22343901	107923872
2019/4/2	4.81	4.85	4.75	4.77	19198562	92118200
2019/4/1	4.75	4.84	4.7	4.81	23269579	111423680
2019/3/29	4.64	4.75	4.5	4.72	23197983	107818112
2019/3/28	4.57	4.73	4.5	4.62	19517133	90518976
2019/3/27	4.58	4.61	4.42	4.57	16490499	74748008
2019/3/26	4.66	4.72	4.52	4.61	19973715	92204488
2019/3/25	4.7	4.75	4.62	4.65	21248400	99481312
2019/3/22	4.84	4.89	4.7	4.76	33680484	160678160
2019/3/21	4.91	5.14	4.88	4.93	65816651	328839872
2019/3/20	4.7	5.2	4.58	5.07	85082586	424849440
2019/3/19	4.85	4.97	4.65	4.73	59851668	286171296
2019/3/18	4.24	4.65	4.24	4.65	28044352	125965944
2019/3/15	4.18	4.3	4.18	4.23	13280443	56384900
2019/3/14	4.35	4.39	4.12	4.18	15188341	64072868
2019/3/13	4.4	4.55	4.23	4.32	24429441	108027920
2019/3/12	4.4	4.49	4.35	4.4	25743416	113376688
2019/3/11	4.15	4.44	4.15	4.4	26395684	113258672
2019/3/8	4.4	4.47	4.1	4.12	29440676	126555152
2019/3/7	4.48	4.64	4.42	4.51	37106338	168037232
2019/3/6	4.23	4.36	4.21	4.32	26701866	114393952
2019/3/5	4.18	4.25	4.14	4.24	18120374	75838736
2019/3/4	4.18	4.25	4.1	4.18	25744388	107836392
2019/3/1	4.11	4.38	4.08	4.17	24325758	102433496
2019/2/28	4.05	4.14	4.05	4.09	12617647	51698816
2019/2/27	4.06	4.17	4.01	4.05	18626996	76247016
2019/2/26	4.12	4.22	4.02	4.07	27670071	114202104
2019/2/25	3.92	4.14	3.91	4.1	24013260	96083544
2019/2/22	3.86	3.91	3.85	3.88	10992727	42678968
2019/2/21	3.9	3.98	3.83	3.85	12921079	50530100
2019/2/20	3.89	3.98	3.86	3.93	11647998	45601284
2019/2/19	3.89	3.95	3.8	3.88	13643289	52991812
2019/2/18	3.8	3.91	3.8	3.88	12503612	48214084
2019/2/15	3.79	3.86	3.76	3.81	9913923	37738020
2019/2/14	3.77	3.82	3.75	3.78	7614066	28860860
2019/2/13	3.71	3.78	3.7	3.76	8700689	32639904
2019/2/12	3.68	3.73	3.65	3.71	7101172	26266264
2019/2/11	3.59	3.68	3.58	3.67	5359099	19547278
2019/2/1	3.6	3.6	3.54	3.6	4421968	15837458
2019/1/31	3.52	3.6	3.52	3.52	5466922	19488338
2019/1/30	3.52	3.58	3.5	3.55	4318820	15330509
2019/1/29	3.61	3.62	3.4	3.52	7523021	26340162
2019/1/28	3.67	3.68	3.6	3.6	5213472	18978074
2019/1/25	3.71	3.71	3.65	3.65	5462471	20074652
2019/1/24	3.7	3.72	3.66	3.71	4995452	18475820
2019/1/23	3.69	3.74	3.67	3.7	4709156	17456216
2019/1/22	3.72	3.73	3.66	3.68	6137872	22612424
2019/1/21	3.77	3.78	3.71	3.74	8128440	30412512
2019/1/18	3.75	3.86	3.72	3.76	14855084	56384936
2019/1/17	3.64	3.79	3.62	3.74	17558328	65409716
2019/1/16	3.69	3.7	3.63	3.64	9075732	33270436
2019/1/15	3.69	3.73	3.68	3.7	10017288	37101432
2019/1/14	3.71	3.74	3.66	3.67	14115045	51965504
2019/1/11	3.69	3.8	3.69	3.74	27539555	102826984
2019/1/10	4.09	4.28	3.82	3.82	60197763	246753536
2019/1/9	3.56	3.93	3.55	3.93	41598327	159708816
2019/1/8	3.55	3.74	3.49	3.57	13055850	47013940
2019/1/7	3.47	3.61	3.46	3.56	10186400	36194600
2019/1/4	3.4	3.49	3.35	3.46	8689560	29688130
2019/1/3	3.44	3.47	3.38	3.39	3914100	13407275
2019/1/2	3.45	3.48	3.4	3.44	3086216	10621552
2018/12/28	3.44	3.48	3.36	3.43	4236332	14562393
2018/12/27	3.6	3.61	3.43	3.43	4816900	16994532
2018/12/26	3.46	3.63	3.45	3.54	7745982	27242674
2018/12/25	3.64	3.64	3.36	3.53	10943200	38170504
2018/12/24	3.65	3.68	3.64	3.67	3084188	11298567
2018/12/21	3.66	3.7	3.63	3.66	6475827	23658992
2018/12/20	3.69	3.7	3.64	3.68	4367103	16034271
2018/12/19	3.7	3.73	3.64	3.68	5268721	19416778
2018/12/18	3.66	3.71	3.65	3.7	5392382	19821898
2018/12/17	3.68	3.73	3.65	3.69	6013865	22171676
2018/12/14	3.77	3.82	3.69	3.7	14077731	52755968
2018/12/13	3.72	3.97	3.66	3.84	21042941	80701048
2018/12/12	3.68	3.73	3.66	3.71	4114603	15236836
2018/12/11	3.66	3.69	3.65	3.68	4223724	15500525
2018/12/10	3.7	3.72	3.62	3.63	6163600	22575880
2018/12/7	3.74	3.76	3.71	3.73	4810002	17968812
2018/12/6	3.8	3.83	3.73	3.74	8147188	30705424
2018/12/5	3.85	3.87	3.8	3.82	11319074	43334244
2018/12/4	3.88	3.96	3.85	3.91	13910527	54206428
2018/12/3	3.86	4.04	3.81	3.92	22958011	90128600
2018/11/30	3.77	3.84	3.66	3.78	15166244	56886016
2018/11/29	3.82	4.02	3.74	3.78	23866437	92225152
2018/11/28	3.8	3.85	3.68	3.79	12018731	45133004
2018/11/27	3.66	3.89	3.66	3.79	18204400	69044712
2018/11/26	3.59	3.78	3.56	3.66	10167382	37534848
2018/11/23	3.9	3.9	3.6	3.65	19567892	73087072
2018/11/22	4	4.03	3.86	3.93	19221334	75383664
2018/11/21	3.84	4.04	3.78	4.01	19122774	75830912
2018/11/20	3.95	4.12	3.89	3.94	26448753	106370496
2018/11/19	3.94	4.03	3.91	3.98	15351195	60817312
2018/11/16	3.89	3.98	3.86	3.96	20721060	81342776
2018/11/15	3.86	3.93	3.83	3.89	14153135	54980232
2018/11/14	3.91	3.94	3.83	3.85	15277100	59261452
2018/11/13	3.74	3.93	3.72	3.89	21534972	82921040
2018/11/12	3.65	3.88	3.65	3.8	14216430	53496112
2018/11/9	3.7	3.72	3.65	3.67	7293764	26880632
2018/11/8	3.73	3.77	3.68	3.7	10890732	40665412
2018/11/7	3.78	3.83	3.72	3.72	17202518	64820260
2018/11/6	3.75	4.07	3.72	3.83	29493358	113948568
2018/11/5	3.65	3.82	3.63	3.79	24951002	93250984
2018/11/2	3.65	3.69	3.61	3.66	13517693	49344472
2018/11/1	3.65	3.72	3.6	3.62	14114218	51519020
2018/10/31	3.55	3.74	3.55	3.64	16690442	60955676
2018/10/30	3.5	3.58	3.46	3.55	9191788	32478152
2018/10/29	3.55	3.59	3.5	3.52	7217605	25506648
2018/10/26	3.6	3.64	3.56	3.57	9098308	32730950
2018/10/25	3.52	3.63	3.5	3.57	13717598	48866588
2018/10/24	3.54	3.76	3.51	3.67	19264742	69720944
2018/10/23	3.58	3.67	3.51	3.58	15502322	55243804
2018/10/22	3.4	3.62	3.4	3.61	20527209	72704048
2018/10/19	3.21	3.41	3.17	3.38	13401145	44557448
2018/10/18	3.56	3.56	3.33	3.36	12012704	41579548
2018/10/17	3.57	3.64	3.43	3.6	15331155	54407828
2018/10/16	3.71	3.73	3.47	3.53	23274894	83174840
2018/10/15	4	4.05	3.65	3.74	24619402	96098504
2018/10/12	4.2	4.2	3.83	4.05	38546207	153288944
2018/10/11	4.05	4.49	4.02	4.26	56140958	238562704
2018/10/10	4.04	4.23	4.03	4.2	23613293	97622552
2018/10/9	4.02	4.11	3.98	4.06	13822339	56033700
2018/10/8	4.05	4.11	3.96	3.97	13641797	55125404
2018/9/28	4.07	4.19	4.06	4.14	16950500	69798896
2018/9/27	4.2	4.29	4.12	4.12	21342600	89976336
2018/9/26	4.24	4.27	4.17	4.2	20989508	88440464
2018/9/25	4.24	4.31	4.23	4.25	17211480	73412432
2018/9/21	4.36	4.37	4.24	4.26	37988562	163068544
2018/9/20	4.31	4.57	4.3	4.41	54211796	238330592
2018/9/19	4.45	4.66	4.39	4.44	89328172	403414336
2018/9/18	3.95	4.42	3.91	4.42	64370848	278046848
2018/9/17	4.03	4.2	4.02	4.02	25825148	105618368
2018/9/14	3.95	4.08	3.91	4.07	27808255	111436192
2018/9/13	3.97	3.97	3.88	3.94	11691904	45942812
2018/9/12	3.86	3.97	3.86	3.9	11446201	44897124
2018/9/11	3.97	4	3.86	3.9	15429000	60310432
2018/9/10	3.97	4.07	3.91	4	21951800	87459488
2018/9/7	3.85	4.08	3.85	4	24345141	96691256
2018/9/6	3.88	3.98	3.83	3.9	19317407	75395544
2018/9/5	4.06	4.1	3.91	3.93	23125900	93093680
2018/9/4	4.07	4.13	4.01	4.1	23669267	96437656
2018/9/3	4.03	4.15	3.9	4.11	29044101	117104808
2018/8/31	4.13	4.17	3.98	4	24200900	98842496
2018/8/30	4.27	4.28	4.07	4.1	28218867	116781360
2018/8/29	4.14	4.33	4.12	4.24	35196515	149515072
2018/8/28	4.26	4.27	4.12	4.2	41340750	173621712
2018/8/27	4.14	4.56	4.06	4.34	84954005	363425696
2018/8/24	3.99	4.18	3.93	4.18	52661238	216870560
2018/8/23	3.77	3.83	3.67	3.8	17309833	64968684
2018/8/22	3.81	3.84	3.77	3.77	18552408	70695304
2018/8/21	3.71	4.03	3.65	3.89	31308646	119247224
2018/8/20	3.66	3.74	3.63	3.72	16792202	61951920
2018/8/17	3.84	3.87	3.63	3.66	24660895	92256672
2018/8/16	3.9	3.95	3.71	3.81	30489839	117960848
2018/8/15	4.04	4.16	4.02	4.03	32835652	133896376
2018/8/14	4.03	4.2	3.98	4.07	42554283	172948208
2018/8/13	3.87	4.01	3.85	4.01	25032825	98471832
2018/8/10	3.99	4.06	3.95	3.96	30428517	121438704
2018/8/9	3.89	4.06	3.87	3.96	39118873	155316880
2018/8/8	4.09	4.13	3.88	3.94	54603022	218750672
2018/8/7	4.03	4.15	3.95	4.08	53656647	218455600
2018/8/6	4.2	4.28	4.01	4.01	67424862	279096512
2018/8/3	4.7	4.76	4.45	4.45	71967107	326123744
2018/8/2	5.39	5.49	4.61	4.94	133569924	680230144
2018/8/1	4.94	5.1	4.82	5.1	38184338	191877664
2018/7/31	4.02	4.64	4	4.64	89241966	397123872
2018/7/30	4.1	4.22	4.03	4.22	29395529	122382528
2018/7/27	3.56	3.84	3.56	3.84	11430301	43079152
2018/7/26	3.37	3.56	3.37	3.49	11223164	39229056
2018/7/25	3.39	3.43	3.36	3.38	6434359	21782252
2018/7/24	3.28	3.6	3.27	3.42	11568087	39539028
2018/7/23	3.24	3.29	3.22	3.29	3349853	10912328
2018/7/20	3.24	3.28	3.2	3.25	2811187	9078529
2018/7/19	3.3	3.31	3.18	3.23	3514980	11410696
2018/7/18	3.28	3.37	3.27	3.28	4394800	14591043
2018/7/17	3.27	3.31	3.26	3.29	3483912	11426399
2018/7/16	3.36	3.37	3.28	3.3	6378362	21090694
2018/7/13	3.25	3.49	3.23	3.37	13722803	46064208
2018/7/12	3.13	3.22	3.12	3.19	3540230	11245181
2018/7/11	3.23	3.23	3.06	3.12	4024579	12647370
2018/7/10	3.21	3.26	3.19	3.25	2649320	8558332
2018/7/9	3.17	3.22	3.15	3.2	1886413	6023433.5
2018/7/6	3.17	3.2	3.13	3.17	2902992	9202399
2018/7/5	3.26	3.26	3.15	3.16	2516927	8030212.5
2018/7/4	3.25	3.3	3.22	3.23	3248843	10600083
2018/7/3	3.24	3.3	3.2	3.3	4941700	16097541
2018/7/2	3.23	3.28	3.2	3.24	3653009	11824946
2018/6/29	3.15	3.23	3.14	3.22	3030469	9689248
2018/6/28	3.21	3.26	3.13	3.15	4136000	13252625
2018/6/27	3.19	3.33	3.19	3.25	6151203	19950858
2018/6/26	3.2	3.26	3.17	3.2	5246958	16853924
2018/6/25	3.22	3.31	3.21	3.26	5296008	17236576
2018/6/22	3.15	3.28	3.13	3.23	4094140	13182456
2018/6/21	3.16	3.32	3.14	3.19	6428561	20726378
2018/6/20	3.1	3.18	3.04	3.15	4693367	14652066
2018/6/19	3.46	3.46	3.12	3.12	8168461	26446926
2018/6/15	3.59	3.6	3.43	3.47	3532788	12402314
2018/6/14	3.64	3.65	3.56	3.59	3176980	11437350
2018/6/13	3.73	3.73	3.64	3.64	3102333	11408330
2018/6/12	3.72	3.74	3.65	3.71	2509380	9280637
2018/6/11	3.68	3.85	3.65	3.73	4351992	16238220
2018/6/8	3.74	3.76	3.67	3.7	2895400	10727823
2018/6/7	3.75	3.79	3.74	3.74	2830593	10655012
2018/6/6	3.8	3.86	3.73	3.75	5424371	20480436
2018/6/5	3.88	3.89	3.79	3.82	6642036	25475968
2018/6/4	3.7	3.97	3.7	3.9	7114509	27146430
2018/6/1	3.71	3.78	3.67	3.71	2708598	10068931
2018/5/31	3.73	3.75	3.66	3.72	2862846	10634124
2018/5/30	3.75	3.8	3.64	3.68	5850681	21868444
2018/5/29	3.93	3.95	3.84	3.88	3925707	15304288
2018/5/28	3.99	3.99	3.9	3.95	5100131	20061858
2018/5/25	4.02	4.02	3.98	3.99	2569549	10254788
2018/5/24	4.02	4.07	3.98	4.02	3417196	13710242
2018/5/23	4.11	4.12	4	4.02	4048000	16403672
2018/5/22	4.09	4.13	4.07	4.1	2928808	12007433
2018/5/21	4.04	4.11	4.04	4.09	3195235	13070633
2018/5/18	4.01	4.05	4	4.04	2083552	8392561
2018/5/17	4.05	4.06	4.02	4.02	2999800	12101405
2018/5/16	4.09	4.09	4.04	4.05	2626952	10677523
2018/5/15	4.05	4.11	4.03	4.11	2668450	10845099
2018/5/14	4.09	4.11	4.05	4.05	3199264	13042776
2018/5/11	4.14	4.15	4.07	4.11	4119942	16914058
2018/5/10	4.15	4.16	4.12	4.14	3029708	12526858
2018/5/9	4.16	4.16	4.11	4.12	3071848	12684670
2018/5/8	4.13	4.2	4.12	4.16	3908107	16271054
2018/5/7	4.1	4.16	4.08	4.13	3139403	12967912
2018/5/4	4.12	4.13	4.06	4.09	3538900	14488854
2018/5/3	4.18	4.18	4.05	4.14	5263023	21621544
2018/5/2	4.23	4.32	4.14	4.19	4971404	21031104
2018/4/27	4.21	4.33	4.16	4.24	6137099	26012084
2018/4/26	4.27	4.49	4.16	4.2	11627564	49776360
2018/4/25	4.09	4.38	4.07	4.33	9134624	38615816
2018/4/24	4.05	4.12	4.04	4.12	4469542	18277768
2018/4/23	4.05	4.12	4.02	4.06	3817300	15562713
2018/4/20	4.15	4.2	4.04	4.05	3534316	14507518
2018/4/19	4.19	4.22	4.15	4.17	3051300	12791986
2018/4/18	4.17	4.27	4	4.22	6237333	25838504
2018/4/17	4.15	4.25	4.14	4.15	3649872	15284123
2018/4/16	4.3	4.32	4.11	4.16	4838700	20312196
2018/4/13	4.3	4.35	4.29	4.3	2441869	10526379
2018/4/12	4.37	4.39	4.3	4.31	4062600	17611572
2018/4/11	4.4	4.43	4.39	4.39	3206455	14126151
2018/4/10	4.39	4.43	4.37	4.4	2894231	12727896
2018/4/9	4.36	4.44	4.33	4.39	3231253	14159725
2018/4/4	4.4	4.47	4.37	4.4	4371944	19266782
2018/4/3	4.5	4.51	4.35	4.4	5457229	24118136
2018/4/2	4.56	4.62	4.52	4.54	5025604	22946238
2018/3/30	4.58	4.62	4.54	4.55	5156336	23551192
2018/3/29	4.56	4.62	4.52	4.58	7242732	33034474
2018/3/28	4.43	4.76	4.42	4.59	11555940	52961748
2018/3/27	4.47	4.52	4.41	4.48	5981008	26697262
2018/3/26	4.4	4.44	4.24	4.38	7134216	30974188
2018/3/23	4.69	4.69	4.33	4.45	11549013	52075576
2018/3/22	4.68	4.88	4.68	4.78	15066209	72134648
2018/3/21	4.67	4.68	4.58	4.65	6725151	31222256
2018/3/20	4.54	4.7	4.51	4.63	6288447	29097164
2018/3/19	4.5	4.62	4.5	4.57	4341237	19893274
2018/3/16	4.57	4.57	4.51	4.53	3331798	15136679
2018/3/15	4.53	4.61	4.47	4.53	4991266	22606236
2018/3/14	4.55	4.63	4.5	4.54	5143818	23520544
2018/3/13	4.6	4.64	4.56	4.56	6615100	30320276
2018/3/12	4.48	4.75	4.43	4.63	13045456	59855520
2018/3/9	4.36	4.78	4.36	4.5	13893376	63571100
2018/3/8	4.29	4.36	4.29	4.35	3128438	13564871
2018/3/7	4.38	4.39	4.31	4.33	3197276	13922275
2018/3/6	4.34	4.38	4.33	4.38	3697770	16125251
2018/3/5	4.35	4.4	4.31	4.33	3681951	15981943
2018/3/2	4.4	4.42	4.33	4.37	5261753	22997576
2018/3/1	4.33	4.46	4.3	4.42	7637897	33689596
2018/2/28	4.32	4.35	4.27	4.33	4696098	20282838
2018/2/27	4.3	4.35	4.28	4.33	4552961	19645396
2018/2/26	4.26	4.34	4.24	4.31	5046695	21708598
2018/2/23	4.26	4.31	4.22	4.26	3845461	16403390
2018/2/22	4.25	4.3	4.25	4.26	3226536	13789901
2018/2/14	4.22	4.28	4.15	4.24	4021856	16992424
2018/2/13	4.3	4.36	4.19	4.19	6759884	28892366
2018/2/12	4.15	4.5	4.12	4.32	9704923	41192224
2018/2/9	4.35	4.35	4.04	4.13	8520215	35813592
2018/2/8	3.94	4.35	3.93	4.35	7993328	32833968
2018/2/7	4.01	4.05	3.86	3.95	6364020	25201672
2018/2/6	4.22	4.24	3.91	3.94	8314274	33836460
2018/2/5	4.31	4.32	4.2	4.3	5880628	25046370
2018/2/2	4.41	4.47	4.26	4.33	6715274	29026086
2018/2/1	4.62	4.68	4.28	4.48	10260459	46053700
2018/1/31	4.74	4.86	4.71	4.74	8371543	39994848
2018/1/30	4.75	4.8	4.68	4.71	7371493	34869688
2018/1/29	4.86	4.9	4.75	4.78	9275290	44608444
2018/1/26	4.86	4.97	4.85	4.88	9319733	45757544
2018/1/25	5.02	5.05	4.91	4.91	15849068	78664392
2018/1/24	5.1	5.12	4.92	5.05	25612632	128566056
2018/1/23	5.3	5.67	5.16	5.23	49807703	269305792
2018/1/22	4.8	5.26	4.8	5.26	27526562	143278480
2017/11/27	4.85	4.94	4.74	4.78	4696280	22633102
2017/11/24	4.87	5.03	4.81	4.89	4743341	23365214
2017/11/23	5.1	5.1	4.88	4.88	5888587	29346338
2017/11/22	4.87	5.3	4.87	5.03	11820352	60357364
2017/11/21	4.8	4.9	4.75	4.87	5591475	26962782
2017/11/20	4.78	4.83	4.53	4.82	7828464	36488772
2017/11/17	5.06	5.1	4.76	4.79	9063605	44872200
2017/11/16	5.03	5.14	5.03	5.08	4776845	24312746
2017/11/15	5.09	5.14	5.05	5.1	3820676	19490348
2017/11/14	5.2	5.2	5.01	5.1	7392282	37755976
2017/11/13	5.32	5.32	5.19	5.21	6876579	36005416
2017/11/10	5.38	5.4	5.32	5.33	4872304	26045852
2017/11/9	5.36	5.44	5.32	5.39	4222656	22753542
2017/11/8	5.33	5.41	5.32	5.36	3588800	19303138
2017/11/7	5.3	5.42	5.26	5.35	5020192	26766292
2017/11/6	5.29	5.32	5.24	5.29	3536944	18656696
2017/11/3	5.34	5.43	5.28	5.29	6024663	32133864
2017/11/2	5.45	5.46	5.29	5.35	6168992	33142990
2017/11/1	5.5	5.53	5.46	5.46	3774196	20727426
2017/10/31	5.43	5.53	5.43	5.52	4363193	23895750
2017/10/30	5.62	5.64	5.42	5.46	7451726	40931696
2017/10/27	5.72	5.74	5.63	5.64	5918416	33578984
2017/10/26	5.6	5.84	5.54	5.71	9872767	56289408
2017/10/25	5.54	5.61	5.52	5.6	4087384	22768916
2017/10/24	5.46	5.75	5.45	5.59	9538297	53441592
2017/10/23	5.47	5.49	5.43	5.47	3526384	19261170
2017/10/20	5.38	5.49	5.37	5.47	4676911	25459182
2017/10/19	5.65	5.68	5.42	5.43	8644883	47662704
2017/10/18	5.68	5.72	5.65	5.65	4794924	27221720
2017/10/17	5.79	5.82	5.66	5.71	6413399	36694848
2017/10/16	5.84	5.9	5.78	5.8	8246473	48139152
2017/10/13	5.8	5.86	5.79	5.81	6589601	38305836
2017/10/12	5.86	5.9	5.79	5.82	8373314	48827152
2017/10/11	5.81	5.91	5.75	5.89	14872071	86860000
2017/10/10	5.7	5.82	5.68	5.82	9531220	54803404
2017/10/9	5.71	5.74	5.68	5.7	6849090	39072956
2017/9/29	5.67	5.73	5.63	5.67	6613415	37495960
2017/9/28	5.85	5.86	5.65	5.66	12165816	69659256
2017/9/27	5.94	5.94	5.83	5.84	9227902	54081560
2017/9/26	5.91	5.97	5.81	5.93	11863387	69901368
2017/9/25	5.77	5.98	5.75	5.89	17921158	105702296
2017/9/22	5.7	5.78	5.69	5.77	7286490	41797920
2017/9/21	5.71	5.83	5.67	5.73	11603848	66799716
2017/9/20	5.67	5.75	5.6	5.73	11485639	65257792
2017/9/19	5.79	5.8	5.69	5.7	8599164	49347336
2017/9/18	5.81	5.83	5.74	5.78	8850862	51182228
2017/9/15	5.85	5.88	5.75	5.82	9040051	52511632
2017/9/14	5.93	6.01	5.85	5.87	12922987	76371296
2017/9/13	5.82	6.05	5.74	5.98	24381417	143465840
2017/9/12	5.92	5.97	5.67	5.87	31793469	185763248
2017/9/11	6.12	6.24	5.92	6.04	40294683	243844640
2017/4/28	5.69	5.86	5.59	5.83	15116279	86769392
2017/4/27	5.6	5.7	5.33	5.68	19216153	105727552
2017/4/26	5.64	5.68	5.56	5.6	9224530	51670120
2017/4/25	5.55	5.73	5.52	5.65	15120495	85254192
2017/4/24	6.09	6.1	5.55	5.56	18714789	108419400
2017/4/21	6.17	6.2	6.08	6.11	9341952	57250008
2017/4/20	6.08	6.2	6.05	6.18	12045554	73732368
2017/4/19	6.33	6.36	6.04	6.1	19566851	120494232
2017/4/18	6.31	6.49	6.29	6.37	16331032	104513800
2017/4/17	6.61	6.61	6.24	6.32	18374309	117483376
2017/4/14	6.4	6.76	6.4	6.59	29145234	192732944
2017/4/13	6.4	6.6	6.27	6.53	26560618	170811664
2017/4/12	6.83	6.84	6.4	6.46	41303070	273846720
2017/4/11	6.71	6.95	6.68	6.91	40742419	277952928
2017/4/10	6.82	6.82	6.6	6.69	38784868	259296368
2017/4/7	7.09	7.25	6.9	6.91	51336211	359598368
2017/4/6	7.14	7.45	7.01	7.14	75198835	544495616
2017/4/5	6.88	7.36	6.87	7.23	91087041	643373632
2017/3/31	7.5	8.11	7.46	7.63	152351468	1196005376
2017/3/30	6.62	7.37	6.61	7.37	63968545	455396608
2017/3/29	6.55	7.1	6.52	6.7	44773925	306516704
2017/3/28	6.46	6.73	6.41	6.57	23392130	153969792
2017/3/27	6.55	6.59	6.43	6.46	21660076	140714416
2017/3/24	6.27	6.78	6.26	6.6	46631240	305472448
2017/3/23	6.24	6.33	6.18	6.3	15222395	95453992
2017/3/22	6.25	6.28	6.19	6.23	6864730	42718912
2017/3/21	6.3	6.3	6.22	6.26	7232769	45215456
2017/3/20	6.14	6.35	6.14	6.32	16362718	102681456
2017/3/17	6.15	6.3	6.12	6.14	10415142	64680108
2017/3/16	6.1	6.19	6.1	6.15	6771607	41629320
2017/3/15	6.12	6.15	6.08	6.09	4832577	29511458
2017/3/14	6.05	6.22	6.05	6.15	9027766	55617352
2017/3/13	6.05	6.16	5.97	6.1	7897566	47877792
2017/3/10	6.06	6.11	6.02	6.05	5274663	31918364
2017/3/9	6.16	6.19	6.05	6.05	8679894	52810200
2017/3/8	6.24	6.27	6.15	6.19	5893334	36699700
2017/3/7	6.22	6.24	6.18	6.23	5228890	32481150
2017/3/6	6.11	6.22	6.11	6.21	5736364	35360768
2017/3/3	6.12	6.19	6.09	6.12	5366649	32905416
2017/3/2	6.23	6.25	6.12	6.13	8114980	50036608
2017/3/1	6.12	6.35	6.12	6.24	10709566	66721544
2017/2/28	6.08	6.15	6.06	6.12	5514804	33705664
2017/2/27	6.21	6.21	6.05	6.09	9246646	56574992
2017/2/24	6.25	6.27	6.15	6.19	9592548	59412572
2017/2/23	6.4	6.43	6.22	6.27	12955074	81490920
2017/2/22	6.35	6.49	6.34	6.42	12248320	78331160
2017/2/21	6.36	6.43	6.31	6.36	11115693	70678152
2017/2/20	6.42	6.55	6.31	6.39	17877265	114558160
2017/2/17	6.16	6.42	6.16	6.38	22524751	142217040
2017/2/16	6.09	6.23	6.09	6.2	11479174	70884800
2017/2/15	6.29	6.3	6.1	6.12	16626490	103325720
2017/2/14	6.3	6.41	6.19	6.34	21931537	137995280
2017/2/13	6.37	6.48	6.29	6.32	31465402	200232032
2017/2/10	6.3	6.92	6.27	6.5	61755133	406996000
2017/2/9	6.11	6.29	6.05	6.29	32170354	199059504
2017/2/8	6.05	6.21	6.02	6.11	23013761	140654864
2017/2/7	5.99	6.1	5.93	6.09	20464535	122794512
2017/2/6	6	6.09	5.96	6.02	20584067	123887696
2017/2/3	6	6.05	5.91	5.99	22278715	133063128
2017/1/26	6.11	6.15	5.93	6.06	39777483	239268096
2017/1/25	6.33	6.56	6.08	6.18	67419951	424972960
2017/1/24	5.61	6.27	5.61	6.27	47321293	292469760
2017/1/9	5.62	5.78	5.57	5.7	12099708	68458104
2017/1/6	5.67	5.71	5.58	5.63	11547417	65139040
2017/1/5	5.55	5.85	5.52	5.7	19289903	109564624
2017/1/4	5.52	5.59	5.51	5.55	8888524	49311104
2017/1/3	5.43	5.51	5.43	5.48	7487191	40967972
2016/12/30	5.42	5.48	5.41	5.44	4155168	22592666
2016/12/29	5.42	5.46	5.38	5.42	5434447	29532056
2016/12/28	5.45	5.47	5.4	5.42	4044016	21997146
2016/12/27	5.44	5.48	5.41	5.43	3795461	20644836
2016/12/26	5.46	5.46	5.33	5.45	7258903	39197600
2016/12/23	5.54	5.56	5.44	5.46	7538043	41312168
2016/12/22	5.57	5.6	5.54	5.55	7437669	41455420
2016/12/21	5.51	5.6	5.5	5.57	9381547	52017592
2016/12/20	5.6	5.64	5.45	5.52	14895982	82104424
2016/12/19	5.37	5.85	5.36	5.63	21747067	123111584
2016/12/16	5.34	5.43	5.34	5.38	4887744	26364572
2016/12/15	5.26	5.37	5.26	5.35	5889052	31387468
2016/12/14	5.31	5.4	5.28	5.29	5553912	29615142
2016/12/13	5.22	5.36	5.21	5.34	7525295	39955184
2016/12/12	5.51	5.55	5.23	5.24	11244494	60550448
2016/12/9	5.52	5.55	5.5	5.53	5025850	27793366
2016/12/8	5.56	5.62	5.52	5.53	7260817	40412296
2016/12/7	5.49	5.59	5.49	5.56	5993250	33250126
2016/12/6	5.48	5.56	5.47	5.47	4637592	25580778
2016/12/5	5.49	5.53	5.44	5.48	4985030	27315216
2016/12/2	5.64	5.64	5.5	5.51	8163241	45321080
2016/12/1	5.62	5.69	5.61	5.64	5401488	30509196
2016/11/30	5.59	5.65	5.58	5.62	4816644	27038850
2016/11/29	5.69	5.71	5.61	5.61	7156467	40472740
2016/11/28	5.65	5.76	5.65	5.69	8750336	49940020
2016/11/25	5.68	5.72	5.56	5.65	9568659	53798964
2016/11/24	5.75	5.8	5.7	5.71	8954020	51425144
2016/11/23	5.86	5.89	5.74	5.76	10259360	59585904
2016/11/22	5.85	5.92	5.82	5.87	7629954	44761328
2016/11/21	5.77	5.9	5.75	5.85	8803535	51418536
2016/11/18	5.87	5.91	5.78	5.79	8259472	48283224
2016/11/17	5.91	5.92	5.84	5.87	8484755	49811304
2016/11/16	5.96	5.96	5.87	5.91	8104723	47879976
2016/11/15	5.88	5.99	5.86	5.93	14109123	83611000
2016/11/14	5.81	5.92	5.8	5.83	11394730	66639148
2016/11/11	5.77	5.84	5.76	5.82	10222161	59292704
2016/11/10	5.73	5.82	5.73	5.78	11303978	65371028
2016/11/9	5.83	5.84	5.63	5.7	16258247	93170728
2016/11/8	5.85	5.88	5.79	5.82	12808931	74643568
2016/11/7	5.7	5.96	5.69	5.83	21107654	123771672
2016/11/4	5.71	5.75	5.61	5.7	12563279	71422480
2016/11/3	5.72	5.77	5.67	5.72	12200204	69776584
2016/11/2	5.71	5.85	5.65	5.72	16979398	97998360
2016/11/1	5.64	5.78	5.64	5.72	13720248	78477216
2016/10/31	5.61	5.72	5.54	5.67	12444447	70294688
2016/10/28	5.69	5.75	5.58	5.64	17079029	96461624
2016/10/27	5.68	5.88	5.62	5.69	27184658	155536944
2016/10/26	5.51	5.58	5.4	5.52	11513854	63502668
2016/10/25	5.54	5.55	5.5	5.51	9946514	54880900
2016/10/24	5.51	5.58	5.45	5.54	12185604	67337640
2016/10/21	5.48	5.53	5.38	5.5	11071794	60478048
2016/10/20	5.56	5.57	5.44	5.48	11573909	63574960
2016/10/19	5.51	5.59	5.51	5.56	12214500	67711920
2016/10/18	5.44	5.57	5.42	5.55	19602918	107470400
2016/10/17	5.63	5.68	5.47	5.48	22552270	125116048
2016/10/14	5.66	5.73	5.54	5.63	22916690	128748712
2016/10/13	5.58	5.86	5.54	5.7	40057223	229368208
2016/10/12	5.4	5.87	5.39	5.63	42079224	235613424
2016/10/11	5.36	5.47	5.32	5.44	16427919	88339872
2016/10/10	5.3	5.38	5.28	5.38	13041867	69467696
2016/9/30	5.29	5.34	5.26	5.28	7571081	40088760
2016/9/29	5.25	5.38	5.24	5.31	13154635	69985328
2016/9/28	5.33	5.34	5.22	5.25	10435950	55060108
2016/9/27	5.2	5.34	5.18	5.34	16688075	87490624
2016/9/26	5.4	5.44	5.18	5.21	23394720	124103944
2016/9/23	5.24	5.57	5.22	5.43	38383938	207389856
2016/9/22	5.19	5.3	5.17	5.26	20215504	105730664
2016/9/21	5.07	5.4	5.06	5.2	24593694	128528560
2016/9/20	5.11	5.13	5.06	5.08	6719926	34151632
2016/9/19	5.05	5.12	5.05	5.12	7969207	40607892
2016/9/14	5	5.13	4.99	5.07	11481537	58144804
2016/9/13	5.02	5.03	4.99	5.01	5589275	28015030
2016/9/12	5.07	5.09	4.99	5	11939680	60132200
2016/9/9	5.1	5.14	5.08	5.12	8930542	45762224
2016/9/8	5.08	5.11	5.07	5.1	5594654	28478152
2016/9/7	5.07	5.12	5.05	5.08	8565327	43622532
2016/9/6	5.06	5.09	5	5.08	7617568	38452752
2016/9/5	5.02	5.07	5.01	5.04	5578283	28151688
2016/9/2	5.02	5.04	4.99	5.02	6829261	34244136
2016/9/1	5.05	5.07	5.02	5.02	6003491	30307938
2016/8/31	5.07	5.09	5.02	5.06	6982057	35301776
2016/8/30	5.1	5.11	5.07	5.07	5317320	27067978
2016/8/29	5.06	5.11	5.05	5.1	6713244	34066668
2016/8/26	5.07	5.11	5.05	5.06	5908383	29991124
2016/8/25	5.11	5.12	5.03	5.06	6146564	31113864
2016/8/24	5.12	5.15	5.1	5.13	5519017	28334548
2016/8/23	5.09	5.16	5.08	5.12	5958940	30499256
2016/8/22	5.15	5.19	5.1	5.1	7918503	40698544
2016/8/19	5.15	5.17	5.13	5.15	6758903	34802968
2016/8/18	5.18	5.22	5.14	5.17	10817732	55994068
2016/8/17	5.15	5.23	5.13	5.19	8624590	44658524
2016/8/16	5.15	5.18	5.14	5.15	8912619	45941868
2016/8/15	5.09	5.17	5.05	5.17	13387136	68539912
2016/8/12	5	5.09	5	5.09	7440630	37616068
2016/8/11	5.08	5.09	5	5	5983226	30116398
2016/8/10	5.08	5.12	5.06	5.08	6246425	31820302
2016/8/9	5	5.1	5	5.07	7883140	39950132
2016/8/8	4.99	5.03	4.93	5.03	7865672	39191116
2016/8/5	5.02	5.03	4.97	4.97	5471100	27343218
2016/8/4	5.01	5.05	4.96	5.02	5911035	29571678
2016/8/3	5.01	5.05	4.98	5.01	4519742	22680738
2016/8/2	4.95	5	4.95	5	4296089	21401330
2016/8/1	5.05	5.07	4.91	4.97	9827515	48889840
2016/7/29	5.08	5.11	5.04	5.08	6042261	30658216
2016/7/28	5.07	5.1	5.01	5.07	8116293	41040152
2016/7/27	5.33	5.33	5.04	5.07	17481248	90511984
2016/7/26	5.31	5.33	5.29	5.33	6639079	35308744
2016/7/25	5.28	5.32	5.25	5.3	6299626	33341066
2016/7/22	5.36	5.37	5.27	5.27	10507650	55777020
2016/7/21	5.37	5.41	5.34	5.35	9993413	53775824
2016/7/20	5.37	5.39	5.34	5.36	7166599	38459584
2016/7/19	5.42	5.47	5.33	5.39	11948973	64336916
2016/7/18	5.3	5.5	5.25	5.48	22330746	120410616
2016/7/15	5.33	5.37	5.28	5.29	12092691	64203540
2016/7/14	5.4	5.41	5.34	5.38	7497930	40241220
2016/7/13	5.35	5.42	5.34	5.38	11333341	60983852
2016/7/12	5.28	5.39	5.23	5.36	11866610	63116756
2016/7/11	5.3	5.38	5.27	5.28	10632309	56583732
2016/7/8	5.32	5.35	5.25	5.3	7602906	40281480
2016/7/7	5.39	5.39	5.29	5.33	11180867	59667044
2016/7/6	5.33	5.46	5.29	5.41	13691814	73248072
2016/7/5	5.3	5.35	5.24	5.34	11519320	61112368
2016/7/4	5.2	5.33	5.18	5.3	9439629	49748420
2016/7/1	5.26	5.27	5.21	5.22	6123671	32076918
2016/6/30	5.24	5.28	5.21	5.25	7871954	41294504
2016/6/29	5.19	5.27	5.17	5.22	9136671	47707516
2016/6/28	5.12	5.19	5.08	5.17	8363825	42876596
2016/6/27	5.03	5.17	5.02	5.16	9119603	46756944
2016/6/24	5.25	5.26	5.01	5.12	10929387	55953756
2016/6/23	5.29	5.31	5.21	5.24	5897542	30891240
2016/6/22	5.22	5.32	5.2	5.29	6262731	32974538
2016/6/21	5.33	5.37	5.23	5.25	6888044	36443500
2016/6/20	5.26	5.44	5.23	5.33	9252189	49294580
2016/6/17	5.27	5.33	5.21	5.25	7657683	40405756
2016/6/16	5.25	5.35	5.22	5.25	8294993	43826656
2016/6/15	5.16	5.31	5.12	5.26	8138060	42632284
2016/6/14	5.21	5.23	5.11	5.16	6822501	35222576
2016/6/13	5.44	5.44	5.21	5.21	11678487	62251444
2016/6/8	5.55	5.56	5.46	5.51	7309782	40198988
2016/6/7	5.55	5.59	5.51	5.53	6976289	38631764
2016/6/6	5.63	5.71	5.53	5.59	9559021	53795744
2016/6/3	5.59	5.74	5.54	5.66	15749012	89090120
2016/6/2	5.55	5.6	5.5	5.6	9847269	54709404
2016/6/1	5.56	5.65	5.56	5.58	10834008	60649220
2016/5/31	5.42	5.59	5.39	5.58	11249702	62367484
2016/5/30	5.5	5.51	5.38	5.43	6963967	37833748
2016/5/27	5.48	5.59	5.43	5.5	9806195	54013864
2016/5/26	5.57	5.78	5.52	5.53	19186156	107867416
2016/5/25	5.41	5.46	5.29	5.43	6940240	37366064
2016/5/24	5.48	5.48	5.33	5.38	6471770	34907172
2016/5/23	5.3	5.61	5.3	5.46	6968262	38205332
2016/5/20	5.32	5.38	5.21	5.38	7032342	37324856
2016/5/19	5.39	5.49	5.35	5.36	6565020	35607152
2016/5/18	5.58	5.58	5.35	5.39	8029795	43921424
2016/5/17	5.59	5.84	5.58	5.65	12921411	73775688
2016/5/16	5.51	5.58	5.41	5.57	7085910	39098392
2016/5/13	5.49	5.63	5.42	5.51	7848213	43191100
2016/5/12	5.68	5.68	5.28	5.47	12618185	68712752
2016/5/11	5.59	5.96	5.54	5.65	16313792	93859624
2016/5/10	5.6	5.67	5.51	5.55	10184632	56852584
2016/5/9	5.82	5.94	5.56	5.57	23643643	135340464
2016/5/6	6.7	6.95	6.15	6.18	47175118	310432032
2016/5/4	6.23	6.57	6.22	6.57	17279526	111538736
2016/5/3	6.14	6.27	6.11	6.26	7673531	47686600
2016/4/29	6.08	6.22	6.03	6.18	6577097	40202036
2016/4/28	6.19	6.24	6.02	6.11	7101331	43466472
2016/4/27	6.16	6.3	6.16	6.21	7441065	46431696
2016/4/26	6.2	6.22	6.08	6.18	6468054	39817804
2016/4/25	6.18	6.25	6.02	6.2	13160482	81158512
2016/4/22	5.94	6.11	5.91	6.1	8702655	52504620
2016/4/21	5.95	6.05	5.89	5.94	8635817	51625452
2016/4/20	6.26	6.35	5.95	5.95	16738660	101582288
2016/4/19	6.25	6.42	6.23	6.26	9829107	62090964
2016/4/18	6.1	6.35	6.05	6.28	14423367	89671704
2016/4/15	6.13	6.18	6.08	6.13	13346079	81540904
2016/4/14	6.16	6.25	6.12	6.23	7093005	43801552
2016/4/13	6.06	6.3	6.06	6.15	10378996	64429860
2016/4/12	6.1	6.14	6.02	6.08	6839438	41550708
2016/4/11	6.02	6.15	6.01	6.13	9346599	56900788
2016/4/8	6.01	6.02	5.95	5.99	6846500	40961476
2016/4/7	6.09	6.12	5.94	6.06	8440818	50723124
2016/4/6	5.94	6.08	5.93	6.05	9966741	59973388
2016/4/5	5.84	6.04	5.81	5.97	8401978	49949600
2016/4/1	5.78	5.84	5.73	5.83	7573078	43752048
2016/3/31	5.75	5.88	5.74	5.83	14468822	83952400
2016/3/30	5.8	5.94	5.8	5.93	6367679	37453940
2016/3/29	5.85	5.91	5.72	5.76	7709050	44804628
2016/3/28	5.95	6.08	5.86	5.88	7157800	42776464
2016/3/25	5.86	5.98	5.83	5.95	6677063	39505760
2016/3/24	5.97	6.21	5.9	5.91	16212095	97867152
2016/3/23	5.73	6.03	5.69	6.03	18538001	110168584
2016/3/22	5.77	5.81	5.71	5.74	9793708	56371828
2016/3/21	5.78	5.86	5.78	5.83	10826424	63094716
2016/3/18	5.69	5.83	5.67	5.78	11300456	65122780
2016/3/17	5.6	5.74	5.56	5.68	8135525	46087968
2016/3/16	5.71	5.78	5.56	5.59	6113729	34527164
2016/3/15	5.64	5.77	5.54	5.66	10582570	59588924
2016/3/14	5.42	5.64	5.41	5.64	4724507	26423772
2016/3/11	5.31	5.41	5.26	5.37	5804792	30943826
2016/3/10	5.5	5.52	5.34	5.35	4876440	26547190
2016/3/9	5.57	5.59	5.45	5.48	5349476	29548798
2016/3/8	5.62	5.68	5.4	5.66	6831789	37846908
2016/3/7	5.48	5.66	5.48	5.61	5816086	32512456
2016/3/4	5.68	5.71	5.38	5.48	9290865	51755572
2016/3/3	5.65	5.75	5.61	5.65	9036394	51242372
2016/3/2	5.39	5.7	5.36	5.66	10884618	60294840
2016/3/1	5.35	5.49	5.21	5.44	7757340	41633248
2016/2/29	5.62	5.67	5.39	5.39	7830108	42509996
2016/2/26	5.62	5.72	5.62	5.67	16766096	94740024
2016/2/25	5.92	6.09	5.92	5.92	20776009	123795704
2016/2/24	6.23	6.23	6.23	6.23	940340	5858318
2016/2/23	5.93	5.93	5.93	5.93	1439677	8537285
2016/2/22	5.62	5.71	5.58	5.65	7778740	43911484
2016/2/19	5.54	5.6	5.49	5.56	6474358	35865372
2016/2/18	5.65	5.77	5.55	5.55	8383698	47455500
2016/2/17	5.68	5.71	5.52	5.64	8536294	48002944
2016/2/16	5.47	5.68	5.42	5.68	9085975	50715904
2016/2/15	5.35	5.48	5.34	5.41	8854555	47592056
2016/2/5	5.5	5.68	5.45	5.62	8104710	45292032
2016/2/4	5.38	5.52	5.37	5.48	8280953	45003692
2016/2/3	5.28	5.38	5.25	5.37	4914169	26112118
2016/2/2	5.27	5.42	5.23	5.36	6147174	32911716
2016/2/1	5.32	5.43	5.23	5.27	8787819	46771760
2016/1/29	5	5.28	4.99	5.28	9052275	46830352
2016/1/28	5.17	5.26	4.96	5.03	7349654	37808152
2016/1/27	5.22	5.32	5.13	5.14	8907541	46062168
2016/1/26	5.64	5.64	5.4	5.4	7272467	39890184
2016/1/25	5.65	5.73	5.63	5.68	5667801	32152306
2016/1/22	5.59	5.66	5.4	5.65	6119792	34054384
2016/1/21	5.72	5.94	5.59	5.59	8324250	47988792
2016/1/20	5.81	6.08	5.75	5.88	11855636	69976840
2016/1/19	5.55	5.8	5.48	5.8	9590849	54495492
2016/1/18	5.32	5.62	5.3	5.52	6092377	33362104
2016/1/15	5.6	5.77	5.45	5.49	7890979	44259712
2016/1/14	5.37	5.72	5.31	5.67	9594312	52790056
2016/1/13	5.71	5.89	5.5	5.53	8162701	46926528
2016/1/12	5.74	5.86	5.7	5.7	10720512	61431988
2016/1/11	6.21	6.22	6	6	8849380	53629420
2016/1/8	6.46	6.55	6.24	6.32	15050778	95431096
2016/1/7	6.75	6.78	6.57	6.57	2931200	19402934
2016/1/6	6.86	6.96	6.56	6.92	14833947	100688968
2016/1/5	6.9	7.02	6.9	6.9	13480301	93139016
2016/1/4	7.61	7.65	7.26	7.26	9083076	66726080
2015/12/31	7.78	7.83	7.56	7.64	11913323	91354080
2015/12/30	7.69	7.87	7.66	7.76	11466396	89062496
2015/12/29	7.71	7.85	7.62	7.75	15229093	117919472
2015/12/28	7.6	7.79	7.5	7.77	17034367	130586560
2015/12/25	7.41	7.64	7.37	7.59	9489913	71451024
2015/12/24	7.51	7.53	7.32	7.4	7965437	59033996
2015/12/23	7.75	7.78	7.5	7.5	11979428	91276904
2015/12/22	7.6	7.88	7.54	7.76	14147982	108886776
2015/12/21	7.5	7.64	7.43	7.6	9156722	68999912
2015/12/18	7.59	7.68	7.5	7.55	10548883	79867344
2015/12/17	7.39	7.64	7.37	7.53	12932210	96604552
2015/12/16	7.43	7.43	7.33	7.36	8056198	59371016
2015/12/15	7.38	7.44	7.32	7.39	6271684	46230448
2015/12/14	7.29	7.41	7.18	7.37	8166318	59431320
2015/12/11	7.26	7.45	7.15	7.37	8728232	64094064
2015/12/10	7.36	7.43	7.23	7.27	7751081	56907220
2015/12/9	7.41	7.47	7.31	7.38	8233560	60770932
2015/12/8	7.78	7.79	7.46	7.49	12252162	92949616
2015/12/7	7.62	8	7.62	7.82	14341351	112328880
2015/12/4	7.5	7.69	7.46	7.68	12315722	93283216
2015/12/3	7.39	7.56	7.35	7.56	9106399	68009816
2015/12/2	7.48	7.51	7.11	7.39	10790797	79115240
2015/12/1	7.5	7.55	7.37	7.48	11551085	86288960
2015/11/30	7.78	7.8	7.35	7.49	23932291	178905664
2015/11/27	8.03	8.41	7.66	7.74	25471974	205875024
2015/11/26	8	8.08	7.92	8.01	15247052	121879248
2015/11/25	7.96	8	7.81	7.93	15770927	124554736
2015/11/24	8.39	8.39	7.87	7.96	33080867	269123712
2015/11/23	8.07	8.07	8.07	8.07	2157127	17408014
2015/11/20	7.67	7.76	7.62	7.69	10426344	80174904
2015/11/19	7.56	7.68	7.52	7.67	8488557	64442532
2015/11/18	7.63	7.7	7.52	7.56	11014894	83839504
2015/11/17	7.91	8.06	7.6	7.61	22777516	177587072
2015/11/16	7.21	7.77	7.2	7.77	17998049	135650560
2015/11/13	7.58	7.71	7.36	7.4	22590024	169618304
2015/11/12	8.1	8.1	7.55	7.72	49502933	388932608
2015/11/11	7.6	7.71	7.5	7.71	9907038	75800736
2015/11/10	7.11	7.34	7.08	7.34	7050698	51404824
2015/11/9	6.98	7.05	6.86	6.99	17708402	122894696
2015/11/6	7.02	7.1	7	7.06	14157432	99824848
2015/11/5	6.96	7.04	6.91	6.97	14809149	103149144
2015/11/4	6.8	6.97	6.79	6.96	11997575	82733760
2015/11/3	6.72	6.85	6.71	6.77	7546277	51105140
2015/11/2	6.74	6.85	6.67	6.73	10040951	67867360
2015/10/30	6.85	6.95	6.81	6.86	9221474	63496456
2015/10/29	6.77	7.06	6.72	6.9	12973438	89313400
2015/10/28	6.88	6.92	6.68	6.73	13402097	91286520
2015/10/27	6.77	7.03	6.74	6.94	18160174	125116256
2015/10/26	7.04	7.14	6.73	6.84	22487371	154488912
2015/10/23	7.42	7.42	7.01	7.03	37346440	269802208
2015/10/22	7.07	7.07	6.94	7.07	8721407	61641896
2015/10/14	6.85	6.91	6.67	6.73	12850587	87429328
2015/10/13	6.81	7.03	6.78	6.85	13204427	90825416
2015/10/12	6.63	6.92	6.59	6.88	17177352	117464880
2015/10/9	6.64	6.67	6.47	6.59	11418153	75163432
2015/10/8	6.65	6.8	6.56	6.68	11683276	77960440
2015/9/30	6.52	6.69	6.41	6.54	10542739	69236384
2015/9/29	6.57	6.63	6.44	6.44	13712576	89311856
2015/9/28	6.58	6.92	6.5	6.78	18162545	122962184
2015/9/25	6.32	6.63	6.3	6.63	24822042	162018400
2015/9/24	6.35	6.46	6.24	6.31	12952489	81791584
2015/9/23	6.4	6.65	6.21	6.34	25766280	164711264
2015/9/22	6.53	6.53	6.53	6.53	1763224	11513853
2015/9/21	5.96	6.22	5.88	6.22	5166445	31803368
2015/9/18	5.92	6.23	5.92	5.92	20448412	123048928
2015/9/17	6.35	6.35	6.23	6.23	27989810	174766064
2015/9/16	6.26	6.8	6.26	6.56	35907847	231700272
2015/9/15	6.59	6.59	6.59	6.59	1674600	11035614
2015/9/14	7.67	7.67	6.94	6.94	71930488	518952256
2015/9/11	7.3	7.3	7.3	7.3	2598075	18965948
2015/9/10	6.95	6.95	6.95	6.95	1446370	10052272
2015/9/9	6.62	6.62	6.62	6.62	783096	5184095.5
2015/9/8	6.3	6.3	6.3	6.3	1895372	11940844
2015/9/7	6	6	5.8	6	7730212	46326464
2015/9/2	5.61	5.71	5.44	5.71	25108923	142282336
2015/9/1	5.22	5.44	5.16	5.44	10875013	58726756
2015/8/31	5.4	5.4	5.18	5.18	13555265	71219896
2015/8/28	5.26	5.45	5.17	5.45	18558219	98339024
2015/8/27	5.07	5.28	5.07	5.19	24226377	124241872
2015/8/26	5.34	5.57	5.34	5.34	22126709	118893360
2015/8/25	5.62	5.62	5.62	5.62	1035400	5818948
2015/8/24	5.95	5.95	5.92	5.92	4111480	24351464
2015/8/21	6.38	6.51	6.23	6.23	19062919	120517416
2015/8/20	6.78	6.81	6.53	6.56	15633344	104373272
2015/8/19	6.63	6.91	6.56	6.82	25420028	168846976
2015/8/18	7.26	7.37	6.9	6.9	27153314	194146224
2015/8/17	7	7.32	7	7.26	24607308	176047728
2015/8/14	7.33	7.37	7.2	7.29	19298973	140617920
2015/8/13	7.19	7.37	7.07	7.3	19726716	142690704
2015/8/12	7.05	7.3	7	7.19	22214312	159207280
2015/8/11	6.99	7.15	6.9	7.03	22540843	157795040
2015/8/10	6.79	7.05	6.71	6.99	20797920	143611904
2015/8/7	6.46	6.71	6.41	6.71	16638819	108908384
2015/8/6	6.42	6.55	6.3	6.39	13830014	88800304
2015/8/5	6.7	6.77	6.48	6.58	15235196	101316512
2015/8/4	6.45	6.75	6.4	6.73	14120297	92828088
2015/8/3	6.68	6.75	6.41	6.43	14344321	93442040
2015/7/31	6.5	6.89	6.44	6.75	14866277	99460752
2015/7/30	6.75	7.09	6.63	6.66	22474043	155624224
2015/7/29	6.8	6.8	6.33	6.75	25206467	164148224
2015/7/28	6.66	6.81	6.66	6.66	21584475	144082064
2015/7/27	7.18	7.32	7.01	7.01	21246940	151420528
2015/7/24	7.52	7.8	7.26	7.38	26825829	204221536
2015/7/23	7.47	7.68	7.28	7.56	27595843	206826688
2015/7/22	7	7.4	6.96	7.4	38539990	281258912
2015/7/21	6.91	7.19	6.82	7.05	24256518	169122784
2015/7/20	6.89	7.18	6.77	7.08	25461005	177898672
2015/7/17	6.51	6.88	6.45	6.88	27612935	185937088
2015/7/16	6.55	6.86	6.55	6.55	28573534	188511552
2015/7/15	7.61	7.61	6.89	6.89	21443545	151373168
2015/7/14	7.25	7.25	7.25	7.25	1134587	8225756
2015/7/13	6.9	6.9	6.9	6.9	2689377	18556702
2015/7/8	6.57	6.57	6.57	6.57	240100	1577457
2015/7/7	6.92	6.92	6.92	6.92	284000	1965280
2015/7/6	8	8	7.28	7.28	13610327	101890992
2015/7/3	7.66	7.66	7.66	7.66	1536700	11771122
2015/7/2	8.08	8.24	8.06	8.06	11788674	95179704
2015/7/1	8.65	9	8.48	8.48	28437931	246549008
2015/6/30	8.93	9.22	8.93	8.93	34273571	308169760
2015/6/29	9.8	9.92	9.4	9.4	13678197	129674688
2015/6/26	10.1	10.1	9.89	9.89	16707036	165875600
2015/6/25	10.36	10.67	10.21	10.41	24662795	256831728
2015/6/24	10.31	10.42	10	10.3	21201124	217721600
2015/6/23	10.34	10.51	10.04	10.12	25221311	255038336
2015/6/19	10.88	11.11	10.57	10.57	19826672	212153616
2015/6/18	11.54	11.92	11.01	11.13	25045803	288827040
2015/6/17	11.26	11.82	10.96	11.59	38513240	431168160
2015/6/16	11.99	11.99	11.54	11.54	27285598	316901120
2015/6/15	12.66	12.88	12	12.15	45018574	559692864
2015/6/12	11.78	12.37	11.78	12.37	34426326	421402144
2015/6/11	11.4	12.08	11.31	11.78	31319889	365343392
2015/6/10	11.65	11.99	11.11	11.63	45638387	526081376
2015/6/9	11.06	11.43	11.06	11.43	42105115	477028224
2015/6/8	10.38	10.89	10.38	10.89	42647475	456204352
2015/6/5	10.37	10.59	10.08	10.37	34024197	352374112
2015/6/4	10.42	10.47	9.76	10.37	35668933	362051360
2015/6/3	9.8	10.27	9.7	10.27	44291188	451521792
2015/6/2	9.85	9.85	9.6	9.78	25149396	244514544
2015/6/1	9.58	9.89	9.51	9.84	23401125	227654672
2015/5/29	9.68	9.74	9.35	9.54	32647001	310168864
2015/5/28	10.26	10.47	9.84	9.84	36000257	366621440
2015/5/27	10.68	10.68	10.22	10.36	32207425	335341856
2015/5/26	10.71	10.89	10.51	10.69	34340254	368000864
2015/5/25	10.2	10.66	10.08	10.37	26234740	272090336
2015/5/22	9.89	10.37	9.8	10.28	33720770	340423616
2015/5/21	10	10	9.79	9.88	18687040	184107744
2015/5/20	9.79	10.1	9.72	9.89	21340101	210531760
2015/5/19	9.99	9.99	9.63	9.76	22255231	217404784
2015/5/18	9.6	10.08	9.41	9.93	28532305	281982304
2015/5/15	9.95	9.99	9.57	9.6	26327146	255180848
2015/5/14	10.03	10.24	9.9	9.94	28438836	285191744
2015/5/13	10.63	10.63	9.88	10.18	57838272	598252800
2015/5/12	10.1	10.12	9.98	10.12	8444435	85328240
2015/5/11	9.25	9.64	9.18	9.64	24077341	227105968
2015/5/8	9.2	9.28	9.02	9.18	32569040	298465344
2015/5/7	8.99	9.29	8.89	9.05	25842774	235363712
2015/5/6	9.38	9.55	9.01	9.1	36742977	338701504
2015/5/5	9.98	9.99	9.16	9.28	63926863	615762304
2015/5/4	9.36	9.51	9.11	9.51	17056504	160964144
2015/4/30	8.64	9.06	8.64	9.06	22701267	204756672
2015/4/29	9	9	8.35	8.63	61431629	530424800
2015/4/28	8.79	8.79	8.79	8.79	1848252	16246135
2015/4/27	8.37	8.37	8.37	8.37	3893436	32588060
2015/4/21	7.71	7.97	7.6	7.97	24609379	193723376
2015/4/20	7.21	7.59	7.1	7.59	44788342	334699520
2015/4/17	7.24	7.33	7.16	7.23	28951690	209425712
2015/4/16	6.96	7.24	6.9	7.19	26025782	186002816
2015/4/15	7.17	7.26	6.91	6.99	24256365	171701728
2015/4/14	7.17	7.34	7.11	7.17	23579499	169657424
2015/4/13	7.15	7.34	7.11	7.26	23600412	170613760
2015/4/10	7.04	7.23	7.03	7.15	19499868	139382976
2015/4/9	7.2	7.23	6.86	7.05	26173418	183592208
2015/4/8	7.45	7.45	7.1	7.21	29108584	211158640
2015/4/7	7.19	7.46	7.15	7.46	26062935	190736144
2015/4/3	7.09	7.27	7.05	7.18	22936560	164572128
2015/4/2	6.93	7.28	6.92	7.16	24690565	176376688
2015/4/1	6.91	6.98	6.89	6.93	14618400	101257880
2015/3/31	6.99	7.05	6.89	6.89	21432080	148864416
2015/3/30	6.75	7.11	6.75	6.98	30446613	210644976
2015/3/27	6.87	7.11	6.87	7.11	22289736	155866592
2015/3/26	7.06	7.06	6.83	6.86	27380897	189223200
2015/3/25	7.26	7.26	7.01	7.08	28750863	203707728
2015/3/24	7.48	7.53	6.92	7.26	59913412	436371424
2015/3/23	6.85	7.17	6.85	7.17	26099849	184171472
2015/3/20	6.57	6.83	6.51	6.83	37160239	252090400
2015/3/19	6.31	6.55	6.28	6.5	25093786	161791120
2015/3/18	6.25	6.35	6.18	6.31	22524477	141310144
2015/3/17	6.1	6.35	6.08	6.25	28532098	177114864
2015/3/16	5.99	6.09	5.97	6.09	18482842	111984624
2015/3/13	5.96	5.99	5.89	5.96	11850850	70517688
2015/3/12	5.87	6.11	5.85	5.94	17672982	105580184
2015/3/11	5.97	6	5.81	5.89	18631266	109718488
2015/3/10	6.03	6.08	5.94	5.99	18294023	109514904
2015/3/9	6.01	6.15	5.94	6.04	20785776	125640592
2015/3/6	6.35	6.35	6.06	6.09	25013753	154177744
2015/3/5	5.89	6.1	5.88	6.05	25889267	155383088
2015/3/4	5.92	6.07	5.8	5.93	28092440	165943168
2015/3/3	5.92	6.17	5.83	6.06	29891032	180531584
2015/3/2	6.05	6.05	5.86	5.94	29707618	176176880
2015/2/27	5.69	5.93	5.66	5.93	33888518	197903808
2015/2/26	5.6	5.74	5.59	5.65	17669455	100128896
2015/2/25	5.47	5.67	5.43	5.59	20362084	113608664
2015/2/17	5.43	5.46	5.36	5.46	12403547	67272720
2015/2/16	5.33	5.45	5.32	5.43	11194221	60532500
2015/2/13	5.26	5.36	5.24	5.34	11736516	62485484
2015/2/12	5.19	5.28	5.19	5.25	9252277	48471552
2015/2/11	5.17	5.21	5.16	5.19	7640714	39609768
2015/2/10	5.16	5.22	5.14	5.17	9317550	48200792
2015/2/9	5.15	5.19	5.11	5.15	7882145	40622772
2015/2/6	5.3	5.34	5.13	5.17	15363725	80504736
2015/2/5	5.45	5.48	5.28	5.31	14455504	77709520
2015/2/4	5.45	5.52	5.4	5.43	11941224	65164276
2015/2/3	5.4	5.47	5.37	5.45	10915341	59178204
2015/2/2	5.53	5.53	5.37	5.38	15379224	83365584
2015/1/30	5.63	5.73	5.52	5.53	19234967	107921640
2015/1/29	5.52	5.78	5.48	5.66	23451010	132630264
2015/1/28	5.64	5.65	5.58	5.58	14326349	80315456
2015/1/27	5.61	5.69	5.56	5.65	19372436	109066280
2015/1/26	5.54	5.64	5.52	5.61	16086021	89962536
2015/1/23	5.64	5.65	5.53	5.56	22512476	125857976
2015/1/22	5.62	5.72	5.53	5.67	32741282	183671552
2015/1/21	5.32	5.57	5.3	5.57	30348583	167854208
2015/1/20	5.25	5.32	5.23	5.3	16908898	89262544
2015/1/19	5.38	5.42	5.21	5.21	30888998	164071728
2015/1/16	5.5	5.54	5.45	5.48	15105414	83089432
2015/1/15	5.46	5.58	5.44	5.5	17331183	95531128
2015/1/14	5.41	5.59	5.34	5.5	24977207	136464880
2015/1/13	5.41	5.44	5.34	5.39	19699829	106159528
2015/1/12	5.7	5.72	5.41	5.45	32052477	177151664
2015/1/9	5.7	5.84	5.68	5.69	34700667	199732048
2015/1/8	5.65	5.98	5.6	5.75	50802737	293975040
2015/1/7	5.75	5.85	5.7	5.7	73106047	418440416
2015/1/6	5.7	6.28	5.7	6	111342148	647353600
2015/1/5	6	6	6	6	1298600	7791600
2014/12/31	6.32	6.32	6.32	6.32	753000	4758960
2014/12/30	6.65	6.65	6.65	6.65	6037800	40151368
2010/11/3	6.86	7	6.56	7	76381332	527193952
2010/11/2	7	7.17	6.63	6.67	48279139	328867616
2010/11/1	6.83	7.02	6.8	6.98	48566120	337202624
2010/10/29	6.37	6.69	6.32	6.69	38727956	257174448
2010/10/28	6.09	6.37	6.09	6.37	33237516	209434016
2010/10/27	6.46	6.46	5.9	6.07	52199431	323849024
2010/10/26	6.17	6.17	6.01	6.17	11905351	73427272
2010/10/25	5.69	5.88	5.65	5.88	10769297	63063844
2010/10/22	5.55	5.7	5.45	5.6	21794449	122252488
2010/10/21	5.3	5.54	5.28	5.48	14707835	79348352
2010/10/20	5.28	5.41	5.19	5.3	12506664	66437476
2010/10/19	5.35	5.43	5.25	5.38	13156917	70347944
2010/10/18	5.35	5.45	5.13	5.33	15334705	81347600
2010/10/15	5.49	5.66	5.35	5.36	19325374	106124280
2010/10/14	5.61	5.78	5.49	5.53	19876124	111459064
2010/10/13	5.63	5.75	5.53	5.64	26478057	149341568
2010/10/12	5.35	5.63	5.33	5.63	36016910	200880416
2010/10/11	5.36	5.69	5.33	5.36	36198052	198805184
2010/10/8	5.04	5.58	5.04	5.54	54440364	285648224
2010/9/30	5.31	5.31	5.31	5.31	6239200	33130152
2010/9/16	5.41	5.61	5.38	5.59	23096886	127849632
2010/9/15	5.11	5.34	5.07	5.34	24621322	129519328
2010/9/14	5.05	5.18	5.02	5.09	7439668	37967360
2010/9/13	5	5.08	4.96	5.05	7906890	39796816
2010/9/10	5.09	5.12	4.83	5	12901277	64009240
2010/9/9	5.2	5.2	5.08	5.08	7766083	39896412
2010/9/8	5.13	5.22	5.08	5.22	10089393	51975112
2010/9/7	5.15	5.17	5.1	5.12	5919796	30293228
2010/9/6	5.12	5.15	5.07	5.15	9631513	49197292
2010/9/3	5.19	5.19	5.08	5.11	8439311	43110412
2010/9/2	5.15	5.17	5.09	5.15	7024415	36031308
2010/9/1	5.2	5.24	5.09	5.11	8636944	44545568
2010/8/31	5.2	5.28	5.17	5.19	8456254	44021200
2010/8/30	5.24	5.26	5.14	5.22	10429746	54292676
2010/8/27	5.19	5.34	5.16	5.24	6404077	33615124
2010/8/26	5.09	5.22	5.09	5.18	7182391	37183040
2010/8/25	5.21	5.24	5.08	5.09	8291870	42690024
2010/8/24	5.16	5.27	5.12	5.25	8320047	43356036
2010/8/23	5.19	5.28	5.11	5.18	8913890	46158116
2010/8/20	5.47	5.47	5.21	5.22	14936018	78952048
2010/8/19	5.35	5.55	5.32	5.48	11494773	62637144
2010/8/18	5.43	5.45	5.3	5.34	9108171	48740928
2010/8/17	5.48	5.53	5.38	5.42	10486548	56998148
2010/8/16	5.48	5.53	5.41	5.48	12024525	65704024
2010/8/13	5.35	5.5	5.29	5.47	13081532	70877520
2010/8/12	5.15	5.43	5.09	5.36	22081195	118330072
2010/8/11	5.21	5.21	5.1	5.17	7247791	37409508
2010/8/10	5.26	5.29	5.05	5.12	10228296	52841100
2010/8/9	5.19	5.32	5.16	5.26	12483825	65442108
2010/8/6	5.08	5.17	5.04	5.17	8278373	42355700
2010/8/5	5.15	5.2	5.08	5.1	7178997	36947628
2010/8/4	5.14	5.19	4.98	5.17	12743597	64908612
2010/8/3	5.18	5.28	5.14	5.16	11673627	60785676
2010/8/2	5.14	5.21	5.11	5.17	6561778	33843264
2010/7/30	5.14	5.23	5.08	5.14	6723106	34699248
2010/7/29	5.09	5.19	5.05	5.14	8321029	42648408
2010/7/28	4.95	5.2	4.93	5.12	10525531	53997188
2010/7/27	4.99	5.03	4.94	4.97	4740873	23627708
2010/7/26	5	5.05	4.9	5	5327963	26529280
2010/7/23	5.06	5.09	4.92	5	5421103	27109496
2010/7/22	4.95	5.04	4.9	5.04	5167889	25678164
2010/7/21	5.02	5.03	4.95	4.96	4528904	22554672
2010/7/20	4.93	5.03	4.91	5.02	6071444	30238324
2010/7/19	4.82	4.97	4.81	4.93	4801357	23612620
2010/7/16	4.78	4.88	4.71	4.88	3763229	18042596
2010/7/15	4.9	4.99	4.78	4.79	7043560	34503612
2010/7/14	4.75	4.81	4.7	4.76	3819839	18150844
2010/7/13	4.91	4.91	4.69	4.71	7290300	34601316
2010/7/12	4.93	5.06	4.9	4.94	4533260	22553334
2010/7/9	4.85	4.97	4.78	4.91	5780176	28282902
2010/7/8	4.88	4.9	4.73	4.84	4345884	20921342
2010/7/7	4.65	4.87	4.65	4.87	6983678	33676588
2010/7/6	4.54	4.68	4.53	4.64	3612424	16702693
2010/7/5	4.56	4.65	4.49	4.56	3626312	16655002
2010/7/2	4.49	4.65	4.42	4.59	5795391	26380550
2010/7/1	4.42	4.63	4.41	4.49	3697536	16780826
2010/6/30	4.65	4.7	4.53	4.53	7083073	32355660
2010/6/29	5.05	5.09	4.77	4.77	8150843	39623468
2010/6/28	5.06	5.12	4.98	5.02	4332751	21805588
2010/6/25	5.07	5.14	5	5.1	6363889	32180358
2010/6/24	4.93	5.21	4.93	5.16	10135792	52251852
2010/6/23	5.08	5.08	4.9	4.96	4994039	24916316
2010/6/22	5.04	5.12	5.02	5.08	2976226	15119198
2010/6/21	5.05	5.13	4.92	5.07	6005684	30250852
2010/6/18	5.02	5.14	4.93	5.01	7613597	38442592
2010/6/17	5.26	5.34	5.01	5.03	10599946	54291172
2010/6/11	5.25	5.49	5.2	5.27	8641609	46031728
2010/6/10	5.09	5.34	5.09	5.29	12464426	65799592
2010/6/9	5.11	5.15	4.97	5.09	8817598	44698376
2010/6/8	5.18	5.19	4.91	5.09	21267577	107714136
2010/6/7	4.65	5.01	4.58	5.01	11566981	57006460
2010/6/4	4.85	4.85	4.63	4.77	23663986	112784472
2010/6/3	4.6	4.62	4.59	4.62	3355812	15475383
2010/6/2	4.2	4.4	4.11	4.4	4751486	20667530
2010/6/1	4.33	4.37	4.17	4.19	8005262	33850388
2010/5/31	4.55	4.56	4.38	4.39	8083570	36142660
2010/5/28	4.58	4.62	4.52	4.55	8641059	39446888
2010/5/27	4.51	4.6	4.41	4.54	9232777	41604636
2010/5/26	4.44	4.53	4.4	4.5	8723863	39090120
2010/5/25	4.35	4.57	4.3	4.41	16150057	71614936
2010/5/24	4.18	4.37	4.16	4.37	14623565	63041700
2010/5/21	4.03	4.22	4.01	4.16	16213674	65877408
2010/5/20	4.43	4.47	4.22	4.22	14430055	61825248
2010/5/19	4.45	4.55	4.37	4.44	8626267	38695992
2010/5/18	4.49	4.6	4.49	4.49	14794772	66782796
2010/5/17	4.86	4.86	4.73	4.73	7970369	37894732
2010/5/13	4.84	4.99	4.61	4.98	12159385	58564756
2010/5/12	5.06	5.08	4.81	4.84	11464871	56157944
2010/5/11	5.4	5.43	5.04	5.06	11609036	60287308
2010/5/10	5.4	5.42	5.14	5.3	9836010	51948632
2010/5/7	5.35	5.45	5.21	5.35	12423230	66483084
2010/5/6	5.6	5.74	5.42	5.44	12379797	69435704
2010/5/5	5.37	5.68	5.36	5.65	10381571	57618156
2010/5/4	5.35	5.53	5.26	5.45	6378742	34587288
2010/4/30	5.67	5.73	5.39	5.43	18750031	101954376
2010/4/29	5.83	5.89	5.67	5.67	14564295	83890744
2010/4/28	5.75	5.91	5.7	5.78	11860026	68839560
2010/4/27	5.9	5.95	5.68	5.79	16953385	98509088
2010/4/26	6.21	6.33	5.94	5.95	24689368	151020144
2010/4/23	5.95	6.33	5.88	6.13	39669847	244694368
2010/4/22	5.78	6.08	5.61	6.05	50482585	290058624
2010/4/21	6.13	6.13	5.91	5.91	25010261	149451184
2010/4/20	6.2	6.32	5.95	6.22	25368677	156196720
2010/4/19	6.17	6.53	6.1	6.2	43760120	276381088
2010/4/16	5.98	6.25	5.82	6.22	28508704	173201824
2010/4/15	6.05	6.09	5.9	5.95	16635665	99493304
2010/4/14	6.04	6.15	5.95	6.05	19919611	120552024
2010/4/13	5.86	6.15	5.74	6.03	34870406	209251056
2010/4/12	5.72	5.94	5.7	5.86	23819146	138819280
2010/4/9	5.61	5.84	5.61	5.73	21838512	125563504
2010/4/8	5.65	5.7	5.55	5.61	16397060	92287048
2010/4/7	5.66	5.74	5.61	5.65	26540169	150509200
2010/4/6	5.39	5.64	5.37	5.64	52029254	290990624
2010/4/2	5.37	5.39	5.28	5.37	15282880	81469320
2010/4/1	5.29	5.36	5.22	5.35	13696640	72741232
2010/3/31	5.45	5.45	5.26	5.3	20682340	110049104
2010/3/30	5.52	5.52	5.4	5.42	12678275	68961624
2010/3/29	5.44	5.53	5.38	5.53	12494621	67981272
2010/3/26	5.41	5.48	5.38	5.44	8730487	47456808
2010/3/25	5.53	5.53	5.36	5.4	11791249	63888724
2010/3/24	5.6	5.65	5.51	5.55	11749950	65484416
2010/3/23	5.6	5.61	5.5	5.51	9337054	51818924
2010/3/22	5.52	5.66	5.51	5.58	15021714	84003216
2010/3/19	5.45	5.53	5.44	5.51	10055669	55219788
2010/3/18	5.5	5.57	5.43	5.47	9418466	51709228
2010/3/17	5.35	5.59	5.35	5.5	16248557	89567592
2010/3/16	5.27	5.37	5.25	5.34	6956456	36978700
2010/3/15	5.37	5.44	5.24	5.26	9122640	48637164
2010/3/12	5.59	5.59	5.39	5.41	13927207	76213192
2010/3/11	5.6	5.63	5.41	5.62	19387901	107692704
2010/3/10	5.61	5.67	5.5	5.6	13399474	74641856
2010/3/9	5.7	5.79	5.52	5.55	39438803	223198160
2010/3/8	5.31	5.52	5.31	5.52	10809464	58942560
2010/3/5	5.32	5.37	5.1	5.26	13995113	73645408
2010/3/4	5.6	5.63	5.29	5.3	22984395	124583256
2010/3/3	5.58	5.67	5.51	5.57	18651479	104063640
2010/3/2	5.6	5.69	5.54	5.58	20612682	115608112
2010/3/1	5.4	5.58	5.4	5.57	18672505	102917632
2010/2/26	5.36	5.59	5.32	5.4	19212639	105134952
2010/2/25	5.4	5.43	5.29	5.36	22266293	119638736
2010/2/24	5.1	5.38	5.03	5.38	27666158	145924128
2010/2/23	5.1	5.14	5.01	5.12	10232959	51950068
2010/2/22	5.13	5.19	5.05	5.09	9578051	48888464
2010/2/12	5.02	5.2	5	5.13	14396865	73772672
2010/2/11	5.02	5.06	4.99	5.01	8837813	44338200
2010/2/10	4.9	5.01	4.88	5	7977447	39673088
2010/2/9	4.95	4.96	4.85	4.91	6972309	34243544
2010/2/8	4.97	5.08	4.93	4.98	8995185	44884776
2010/2/5	4.84	5.08	4.81	4.97	16777606	83146056
2010/2/4	4.84	5.05	4.74	4.97	17545207	86175568
2010/2/3	4.85	4.93	4.65	4.85	12979088	62256604
2010/2/2	4.95	4.99	4.87	4.89	11881332	58518900
2010/2/1	5.04	5.04	4.86	4.89	14363987	70789064
2010/1/29	4.98	5.15	4.8	5.01	28297572	140630016
2010/1/28	5.36	5.36	4.92	5.05	56391201	290298464
2010/1/27	5.11	5.11	5.11	5.11	6202841	31696518
2010/1/26	4.87	4.87	4.87	4.87	9511100	46319280
2010/1/22	4.7	4.72	4.56	4.64	11094586	51374488
2010/1/21	4.64	4.78	4.63	4.75	10126578	47847424
2010/1/20	4.83	4.86	4.63	4.64	13131202	62118064
2010/1/19	4.88	4.92	4.79	4.82	13921144	67290072
2010/1/18	4.82	4.94	4.81	4.89	16579384	80797392
2010/1/15	4.71	4.88	4.68	4.86	22870068	110160632
2010/1/14	4.63	4.72	4.63	4.7	13650650	63824964
2010/1/13	4.7	4.76	4.63	4.66	12912371	60454312
2010/1/12	4.66	4.77	4.64	4.77	10158277	48035872
2010/1/11	4.75	4.78	4.66	4.68	8447285	39629080
2010/1/8	4.64	4.74	4.61	4.74	8337043	39072188
2010/1/7	4.78	4.8	4.62	4.64	13023953	61204168
2010/1/6	4.86	4.86	4.77	4.8	12095758	58155196
2010/1/5	4.89	4.93	4.81	4.86	8988982	43665052
2010/1/4	4.87	4.97	4.85	4.9	13586953	66786136
2009/12/31	4.82	4.87	4.79	4.86	15000747	72487416
2009/12/30	4.99	4.99	4.81	4.85	16011997	77918976
2009/12/29	4.89	5.07	4.88	4.99	11500308	57177252
2009/12/28	4.76	4.98	4.76	4.9	11346966	55529004
2009/12/25	4.79	4.81	4.74	4.78	8031868	38319220
2009/12/24	4.66	4.85	4.65	4.81	11021293	52698704
2009/12/23	4.53	4.67	4.52	4.66	7023480	32289228
2009/12/22	4.74	4.75	4.52	4.53	7535316	34976940
2009/12/21	4.63	4.74	4.58	4.73	7742953	36214508
2009/12/18	4.78	4.79	4.59	4.63	12324332	57265184
2009/12/17	5	5.05	4.82	4.83	13096103	63944344
2009/12/16	5.11	5.16	4.99	5.03	10313817	52265832
2009/12/15	5.11	5.18	5.07	5.11	8757390	44820728
2009/12/14	5.16	5.19	4.93	5.1	15077876	75927616
2009/12/11	5.23	5.35	5.16	5.18	13008492	68196344
2009/12/10	5.17	5.33	5.17	5.27	15874892	83416080
2009/12/9	5.16	5.25	5.12	5.14	10491512	54312860
2009/12/8	5.26	5.29	5.18	5.2	11674427	60915964
2009/12/7	5.16	5.28	5.15	5.25	13914742	72550072
2009/12/4	5.3	5.35	5.08	5.14	25645831	133074584
2009/12/3	5.38	5.39	5.21	5.35	19672906	104270704
2009/12/2	5.39	5.48	5.33	5.4	15701821	84770832
2009/12/1	5.25	5.39	5.18	5.36	17697198	93594256
2009/11/30	5.02	5.26	5.02	5.24	14621047	75685280
2009/11/27	5.19	5.28	5.08	5.08	21636059	110881248
2009/11/26	5.63	5.64	5.35	5.35	24746160	134714704
2009/11/25	5.5	5.66	5.38	5.63	21543082	118833104
2009/11/24	5.9	5.96	5.59	5.59	32624630	186797472
2009/11/23	5.81	5.95	5.76	5.88	24082748	141451200
2009/11/20	5.63	5.89	5.63	5.77	31678367	183073392
2009/11/19	5.52	5.65	5.52	5.62	18087174	101121624
2009/11/18	5.56	5.64	5.5	5.52	18224438	101032096
2009/11/17	5.6	5.72	5.54	5.56	22230998	124634072
2009/11/16	5.62	5.66	5.44	5.63	29957725	166929440
2009/11/12	5.55	5.83	5.52	5.62	38457356	219644608
2009/11/11	5.29	5.55	5.22	5.55	32935933	177853296
2009/11/10	5.31	5.35	5.2	5.29	16976190	89947872
2009/11/9	5.14	5.38	5.1	5.28	18631077	98249528
2009/11/6	5.35	5.4	5.19	5.21	26425896	138608816
2009/11/5	5.4	5.4	5.21	5.35	18168244	96344000
2009/11/4	5.13	5.34	5.13	5.3	23861875	124925656
2009/11/3	5.02	5.25	5	5.16	22453146	114697608
2009/11/2	4.8	5.07	4.8	5.06	18958714	93871240
2009/10/30	5	5.17	5	5.05	11679463	59368184
2009/10/29	4.97	5.14	4.91	4.98	10890494	54745448
2009/10/28	4.86	5.14	4.86	5.05	13842020	69622424
2009/10/27	5.18	5.18	4.93	4.93	20757677	103772184
2009/10/26	5.27	5.36	5.13	5.19	12374123	64346040
2009/10/23	5.33	5.48	5.2	5.27	17404720	92788080
2009/10/22	5.28	5.52	5.25	5.33	15372943	82629224
2009/10/21	5.3	5.56	5.21	5.34	27056709	146548224
2009/10/20	5.05	5.3	4.95	5.3	25332490	130173472
2009/10/19	4.94	5.09	4.9	5.05	21432728	107600080
2009/10/16	4.75	4.99	4.7	4.99	31700640	157579744
2009/10/15	4.81	4.87	4.72	4.75	11322064	53918200
2009/10/14	4.86	4.92	4.76	4.8	40926880	199942208
2009/10/13	4.5	4.69	4.48	4.69	6967038	32536108
2009/10/12	4.55	4.55	4.41	4.47	6895485	30942102
2009/10/9	4.5	4.57	4.37	4.52	10281771	45931812
2009/9/30	4.15	4.36	4.15	4.36	8517228	36441148
2009/9/29	4.3	4.32	4.06	4.15	5773470	23967920
2009/9/28	4.31	4.45	4.23	4.27	4917889	21399448
2009/9/25	4.28	4.43	4.28	4.35	5596165	24462996
2009/9/24	4.31	4.38	4.21	4.3	6256326	26814804
2009/9/23	4.44	4.52	4.26	4.32	8092896	35500164
2009/9/22	4.59	4.64	4.42	4.46	8630932	39134484
2009/9/21	4.62	4.66	4.44	4.6	11457969	51761052
2009/9/18	4.81	4.89	4.61	4.67	14082437	67214648
2009/9/17	4.65	4.87	4.63	4.79	15963786	76600240
2009/9/16	4.68	4.72	4.56	4.64	10673111	49500900
2009/9/15	4.6	4.78	4.6	4.7	13013974	61259320
2009/9/14	4.51	4.68	4.48	4.64	11919937	54939632
2009/9/11	4.41	4.52	4.39	4.5	7876167	35331096
2009/9/10	4.53	4.58	4.42	4.44	9048215	40526340
2009/9/9	4.59	4.63	4.49	4.55	8996528	40914940
2009/9/8	4.54	4.63	4.47	4.6	10309453	46891644
2009/9/7	4.43	4.65	4.39	4.61	17847857	81592264
2009/9/4	4.36	4.48	4.32	4.43	10875388	48039084
2009/9/3	4.19	4.37	4.17	4.37	11838228	51141256
2009/9/2	4.2	4.27	4.1	4.16	7101537	29731142
2009/9/1	4.21	4.37	4.21	4.23	14066812	59697276
2009/8/31	4.64	4.64	4.43	4.43	6711901	29810984
2009/8/28	4.82	4.87	4.63	4.66	9812483	46268024
2009/8/27	4.84	4.93	4.73	4.81	12943631	62478988
2009/8/26	4.7	4.95	4.64	4.87	14819925	71518024
2009/8/25	4.79	4.85	4.53	4.73	24912586	117547968
2009/8/24	4.51	4.73	4.45	4.73	22875437	106869232
2009/8/21	4.4	4.53	4.31	4.5	14674309	65049776
2009/8/20	4.34	4.49	4.2	4.45	19659228	85540968
2009/8/19	4.63	4.76	4.42	4.42	18921803	86258520
2009/8/18	4.51	4.79	4.51	4.65	17351549	79227600
2009/8/17	4.86	4.87	4.75	4.75	10374115	49443576
2009/8/14	5.27	5.32	5	5	14135448	72010976
2009/8/13	5.23	5.3	5.13	5.26	9105581	47557232
2009/8/12	5.39	5.55	5.21	5.23	14486821	78366264
2009/8/11	5.45	5.46	5.34	5.41	7190305	38841580
2009/8/10	5.4	5.45	5.3	5.44	12459255	66974672
2009/8/7	5.47	5.55	5.23	5.28	15931021	86288184
2009/8/6	5.67	5.67	5.41	5.48	18803350	103249848
2009/8/5	5.64	5.76	5.5	5.69	16038293	90474784
2009/8/4	5.77	5.78	5.51	5.65	16080476	90707744
2009/8/3	5.7	5.84	5.62	5.78	14171204	81409712
2009/7/31	5.55	5.79	5.48	5.71	18335278	103349984
2009/7/30	5.62	5.76	5.39	5.55	24536845	134825184
2009/7/29	5.95	6.09	5.67	5.67	27655488	161802384
2009/7/28	5.85	5.99	5.75	5.97	17421554	101596064
2009/7/27	5.83	5.99	5.81	5.85	15746319	92661104
2009/7/24	5.95	6.01	5.71	5.82	15837861	92938336
2009/7/23	5.98	6	5.86	5.92	14344570	84868080
2009/7/22	5.88	6.1	5.87	5.96	19446595	115938168
2009/7/21	6	6.24	5.84	5.9	37119443	225578640
2009/7/20	5.73	5.96	5.66	5.96	33992079	199996992
2009/7/17	5.68	5.72	5.48	5.68	19410153	108236528
2009/7/16	5.7	5.79	5.64	5.68	18101752	103338776
2009/7/15	5.66	5.83	5.65	5.68	16717471	95569040
2009/7/14	5.68	5.74	5.56	5.65	19919631	112454568
2009/7/13	5.7	5.83	5.65	5.71	18974797	108667464
2009/7/10	5.62	5.85	5.51	5.68	30923838	176383456
2009/7/9	5.35	5.61	5.29	5.61	27811136	151855200
2009/7/8	5.24	5.42	5.22	5.34	14772673	78652112
2009/7/7	5.16	5.42	5.15	5.27	16565055	88055216
2009/7/6	5.35	5.35	5.11	5.2	21694407	113361568
2009/7/3	5.34	5.46	5.31	5.37	14981854	80641160
2009/7/2	5.43	5.47	5.25	5.33	18435305	98471856
2009/7/1	5.39	5.51	5.33	5.42	15813834	85337544
2009/6/30	5.64	5.68	5.41	5.43	18157809	100148056
2009/6/29	5.39	5.65	5.32	5.58	24847507	137699488
2009/6/26	5.33	5.48	5.3	5.39	24819505	134208936
2009/6/25	5.27	5.35	5.18	5.23	14580286	76423360
2009/6/24	5.24	5.54	5.22	5.28	29158403	157191872
2009/6/23	5.01	5.29	4.91	5.29	36208368	188397040
2009/6/22	5.09	5.09	4.98	5.04	13668520	68757832
2009/6/19	5.09	5.11	4.95	5.04	18567285	92797464
2009/6/18	5.02	5.2	4.98	5.09	18877272	96569456
2009/6/17	5.2	5.2	4.94	5.03	27375134	137539808
2009/6/16	5.11	5.29	5.09	5.19	19114410	99192656
2009/6/15	5.08	5.46	5.07	5.15	37399819	194493936
2009/6/12	5.89	5.89	5.33	5.33	56946572	313427232
2009/6/11	5.59	5.61	5.57	5.61	3819666	21412762
2009/6/10	5.25	5.34	5.24	5.34	10613614	56480748
2009/6/9	4.97	5.09	4.9	5.09	27913689	141236944
2009/6/8	4.62	4.85	4.5	4.85	28156056	135164848
2009/6/5	4.56	4.73	4.42	4.62	47716536	220687264
2009/6/4	4.35	4.5	4.28	4.5	51792711	229012176
2009/6/3	4.05	4.29	4.01	4.29	35486026	149576624
2009/6/2	4.22	4.23	4.07	4.09	42968828	177330800
2009/6/1	4.17	4.37	4.17	4.28	61941093	263012416
2009/4/21	4.33	4.39	4.22	4.39	50112600	218296496
2009/4/20	4.16	4.18	4.06	4.18	12967300	54089804
2009/4/17	3.85	4.06	3.83	3.98	23268700	92821560
2009/4/16	3.9	3.93	3.8	3.87	15982200	61691148
2009/4/15	3.97	4.03	3.87	3.92	16260200	64045388
2009/4/14	3.95	4.05	3.87	3.96	19382100	76628368
2009/4/13	3.84	4.02	3.82	4.01	31813900	125808168
2009/4/10	3.81	3.86	3.73	3.83	17633300	67171320
2009/4/9	3.72	3.82	3.64	3.8	12544400	46696204
2009/4/8	3.74	3.86	3.7	3.71	14126400	53505732
2009/4/7	3.75	3.82	3.63	3.76	14514700	54174732
2009/4/3	3.85	3.91	3.74	3.75	11713600	44831652
2009/4/2	3.97	3.97	3.79	3.82	15884300	61285368
2009/4/1	3.88	4.02	3.86	3.93	15375700	60657300
2009/3/31	3.85	4.03	3.78	3.95	32380200	127363864
2009/3/30	3.7	3.85	3.7	3.85	17493600	67199720
2009/3/27	3.71	3.76	3.65	3.67	13087500	48451208
2009/3/26	3.58	3.72	3.5	3.71	14590200	52649816
2009/3/25	3.63	3.75	3.54	3.55	16587600	61244064
2009/3/24	3.67	3.73	3.62	3.66	14092800	51738692
2009/3/23	3.61	3.75	3.59	3.67	11907400	43678160
2009/3/20	3.57	3.72	3.52	3.64	15992900	58069060
2009/3/19	3.51	3.66	3.49	3.57	12748700	45551868
2009/3/18	3.52	3.6	3.5	3.51	12046500	42681840
2009/3/17	3.43	3.54	3.4	3.52	9344900	32557252
2009/3/16	3.48	3.54	3.35	3.41	11409200	39026096
2009/3/13	3.71	3.72	3.5	3.5	19992500	71356976
2009/3/12	3.51	3.68	3.48	3.68	25357800	91529280
2009/3/11	3.39	3.51	3.34	3.51	18853400	65498600
2009/3/10	3.21	3.4	3.18	3.34	8229900	27168398
2009/3/9	3.49	3.57	3.32	3.32	11219900	38027544
2009/3/6	3.44	3.57	3.39	3.49	7979300	27895032
2009/3/5	3.69	3.69	3.41	3.5	23088400	81762368
2009/3/4	3.44	3.58	3.37	3.58	12489100	44071956
2009/3/3	3.16	3.41	3.11	3.41	12921000	42918080
2009/3/2	3.25	3.29	3.14	3.25	10138800	32618962
2009/2/27	3.36	3.4	3.31	3.31	10465400	34740368
2009/2/26	3.64	3.72	3.48	3.48	13349700	47909444
2009/2/25	3.67	3.82	3.58	3.66	17478200	63725976
2009/2/24	3.91	3.97	3.77	3.77	16613000	63786928
2009/2/23	3.93	4.06	3.87	3.97	25607600	101418272
2009/2/20	3.74	3.94	3.73	3.94	33170800	128603800
2009/2/19	3.53	3.78	3.42	3.75	25039500	89824944
2009/2/18	3.7	3.75	3.6	3.6	18101600	65848580
2009/2/17	3.75	3.94	3.68	3.79	25829100	99166552
2009/2/16	3.72	3.76	3.6	3.76	26933900	99796256
2009/2/13	3.39	3.58	3.34	3.58	23682900	83169720
2009/2/12	3.38	3.48	3.29	3.41	13943100	47334868
2009/2/11	3.48	3.57	3.35	3.4	23520200	80459448
2009/2/10	3.45	3.48	3.37	3.47	15165600	51820020
2009/2/9	3.57	3.58	3.4	3.48	21998200	76278824
2009/2/6	3.38	3.48	3.32	3.46	18269500	62073460
2009/2/5	3.16	3.34	3.1	3.34	28953700	95013360
2009/2/4	3.25	3.27	3.14	3.18	19727000	62717732
2009/2/3	3.06	3.18	3.05	3.17	13698800	42574884
2009/2/2	2.93	3.05	2.91	3.05	18823900	56958776
2009/1/23	2.89	2.93	2.84	2.9	5334700	15461246
2009/1/22	2.86	2.92	2.82	2.88	4999900	14385005
2009/1/21	2.78	2.9	2.78	2.83	5610600	16035660
2009/1/20	2.9	2.9	2.75	2.83	5748000	16186981
2009/1/19	2.92	2.97	2.85	2.89	4262200	12351349
2009/1/16	2.9	2.98	2.83	2.87	6734100	19636054
2009/1/15	2.79	2.94	2.76	2.94	8295100	23746444
2009/1/14	2.75	2.83	2.75	2.81	3953000	11070850
2009/1/13	2.72	2.84	2.69	2.75	5181900	14453290
2009/1/12	2.73	2.85	2.69	2.76	6526300	18241186
2009/1/9	2.6	2.75	2.6	2.75	8330300	22704046
2009/1/8	2.7	2.72	2.61	2.62	5337100	14143770
2009/1/7	2.77	2.81	2.73	2.75	3994400	11047917
2009/1/6	2.68	2.81	2.65	2.77	5651300	15484095
2009/1/5	2.64	2.68	2.6	2.68	3086300	8184895.5

:						
000557   						
      	    	    	    	    	    	    