2016/9/13	11	11.48	10.9	11.17	22065514	248316464
2016/9/12	10.62	11.4	10.55	11.09	24997839	278617248
2016/9/9	10.98	10.98	10.68	10.7	6773900	73545920
2016/9/8	11.05	11.13	10.92	10.98	5316000	58551600
2016/9/7	11.05	11.17	11.01	11.03	6462200	71651976
2016/9/6	10.97	11.06	10.78	11.03	6728517	73503704
2016/9/5	10.93	11.1	10.88	11.03	6602541	72560728
2016/9/2	11.03	11.12	10.8	10.92	7185293	78830288
2016/9/1	11.35	11.35	11.02	11.03	13640576	151888800
2016/8/31	11.17	11.45	11.16	11.38	14004890	159209376
2016/8/30	11.3	11.45	11.17	11.17	9258714	104829912
2016/8/29	11.2	11.39	11	11.3	6463099	72810768
2016/8/26	11.32	11.54	11.25	11.25	9956702	113403256
2016/8/25	11.17	11.34	11.03	11.28	11568457	129233016
2016/8/24	11.44	11.75	11.24	11.35	11448427	131429520
2016/8/23	11.5	11.6	11.33	11.42	8783101	100904120
2016/8/22	11.71	11.83	11.42	11.5	13755524	159201136
2016/8/19	12.05	12.06	11.6	11.74	26004477	306672448
2016/8/18	11.8	12.7	11.66	12.15	42482535	518592928
2016/8/17	11.99	12.87	11.89	12.03	47097761	579588224
2016/8/16	11.66	12.3	11.35	11.94	40533843	477715936
2016/8/15	11.23	11.98	11.17	11.56	34460129	399051168
2016/8/12	10.9	11.3	10.75	11.26	27602986	305438432
2016/8/11	10.77	11.17	10.73	10.98	26229323	288591200
2016/8/10	10.82	10.98	10.68	10.82	13266297	143752880
2016/8/9	10.8	10.95	10.7	10.9	13464743	145749552
2016/8/8	10.72	11.19	10.68	10.81	18973264	206645280
2016/8/5	10.73	11.23	10.7	10.82	23827019	260763728
2016/8/4	10.68	10.88	10.48	10.78	15093835	160451904
2016/8/3	10.39	11.01	10.38	10.8	23752249	256657552
2016/8/2	10.07	10.37	10.07	10.33	6446580	65738092
2016/8/1	10.28	10.44	10.1	10.11	6079415	62349220
2016/7/29	10.31	10.53	10.25	10.35	6858375	71254208
2016/7/28	10.38	10.54	10.09	10.31	8956672	92147840
2016/7/27	10.83	10.93	10.03	10.49	13896852	147851328
2016/7/26	10.7	10.87	10.67	10.83	6699577	72295168
2016/7/25	10.65	10.8	10.65	10.71	5671793	60833168
2016/7/22	10.79	10.95	10.7	10.7	8692729	93988016
2016/7/21	10.65	10.99	10.65	10.8	10365559	112201256
2016/7/20	10.78	11	10.66	10.71	10273985	110858824
2016/7/19	10.63	10.95	10.57	10.86	10620681	114548952
2016/7/18	10.77	10.83	10.58	10.63	10440811	111253832
2016/7/15	10.81	11.13	10.81	10.87	13648070	149480752
2016/7/14	10.77	11.15	10.71	10.77	14757448	161008016
2016/7/13	10.66	11.2	10.54	10.84	17095783	184930368
2016/7/12	10.52	10.66	10.37	10.66	9317865	98310224
2016/7/11	10.52	10.66	10.49	10.5	8690662	91709424
2016/7/8	10.69	10.8	10.5	10.59	13218561	140513824
2016/7/7	10.71	10.86	10.6	10.69	23283398	249397024
2016/7/6	10.55	11.44	10.54	11.11	34703077	388874432
2016/7/5	10.39	10.5	10.32	10.4	8490587	88313416
2016/7/4	10.25	10.43	10.13	10.34	8998763	92694984
2016/7/1	10.54	10.6	10.32	10.33	6920158	72176432
2016/6/30	10.4	10.55	10.31	10.4	8116531	84523080
2016/6/29	10.51	10.6	10.29	10.41	10501432	109370856
2016/6/28	10.3	10.67	10.25	10.56	14608170	153924784
2016/6/27	10.17	10.44	10.08	10.39	9270141	95505248
2016/6/24	10.15	10.69	9.86	10.35	19553214	201676576
2016/6/23	10.3	10.7	10.23	10.28	13958717	145586880
2016/6/22	9.78	10.5	9.78	10.21	10987858	112443512
2016/6/21	10.16	10.21	9.82	9.85	5669987	56688308
2016/6/20	10.02	10.12	9.88	10.02	6429713	64310668
2016/6/17	9.71	10.28	9.71	10.21	14269043	143263504
2016/6/16	9.88	9.94	9.62	9.69	6665541	65133956
2016/6/15	9.6	10.04	9.56	9.92	6516733	64432924
2016/6/14	9.51	9.74	9.51	9.72	4682068	45142928
2016/6/13	10.15	10.15	9.64	9.65	7674851	76211680
2016/6/8	10.29	10.37	10.19	10.26	4980867	51269648
2016/6/7	10.44	10.44	10.22	10.3	6541005	67319888
2016/6/6	10.55	10.66	10.18	10.44	9668436	100820024
2016/6/3	10.37	10.58	10.31	10.48	11712189	122529352
2016/6/2	10.22	10.5	10.18	10.3	7728367	79734848
2016/6/1	10.22	10.33	10.15	10.22	7802541	79941864
2016/5/31	9.95	10.25	9.91	10.23	9280750	94127640
2016/5/30	9.91	10.13	9.9	9.9	6378654	63740492
2016/5/27	9.62	10.5	9.54	10.15	16127064	163610112
2016/5/26	9.7	9.83	9.46	9.64	3967613	38074552
2016/5/25	9.7	9.82	9.57	9.74	4194420	40723356
2016/5/24	9.85	9.85	9.65	9.67	4250964	41360364
2016/5/23	9.83	9.96	9.83	9.89	5210197	51511308
2016/5/20	9.69	9.91	9.5	9.84	4614630	44930536
2016/5/19	9.79	9.97	9.68	9.74	4339991	42699304
2016/5/18	10	10.07	9.61	9.8	6043595	59529104
2016/5/17	10.09	10.29	9.98	10.11	6142041	62047140
2016/5/16	10.01	10.07	9.91	10.07	4430312	44248696
2016/5/13	9.81	10.13	9.8	9.92	5476210	54691892
2016/5/12	10	10	9.41	9.86	6447782	63030744
2016/5/11	10.16	10.34	10	10.14	6637856	67741912
2016/5/10	10.02	10.18	9.99	10.06	5353728	53897832
2016/5/9	10.5	10.5	9.97	10.02	9673269	97981248
2016/5/6	11.21	11.25	10.72	10.74	11412591	124708400
2016/5/5	11.14	11.24	11.1	11.19	7155051	79850424
2016/5/4	11.14	11.35	11.11	11.2	9275182	104336608
2016/5/3	11.08	11.22	10.93	11.21	8550477	95272176
2016/4/29	10.88	11.11	10.88	11.03	7621745	84135768
2016/4/28	11.22	11.24	10.7	10.99	12851755	140753536
2016/4/27	11.3	11.42	11.16	11.2	11435122	129052008
2016/4/26	11.09	11.38	11.01	11.32	12686976	142154992
2016/4/25	11.38	11.38	11.03	11.09	14694645	163622992
2016/4/22	11.82	11.98	11.2	11.35	30132384	349123616
2016/4/21	12.01	13.19	11.92	12.35	55711171	701776576
2016/4/20	11.68	12.49	10.71	12.45	40099810	470157024
2016/4/19	11.23	11.84	11.23	11.62	24406065	282664352
2016/4/18	11.39	11.39	11.11	11.18	10676970	119732184
2016/4/15	11.39	11.73	11.39	11.56	15905425	184354064
2016/4/14	11.49	11.55	11.31	11.44	10857275	123910288
2016/4/13	11.31	11.61	11.31	11.4	13677525	156913008
2016/4/12	11.44	11.49	11.13	11.34	10178984	114876120
2016/4/11	11.41	11.49	11.28	11.36	10383625	118403616
2016/4/8	11.45	11.45	11.11	11.28	17339129	194672208
2016/4/7	11.72	12.1	11.58	11.63	18206929	214929648
2016/4/6	11.8	12	11.63	11.75	15797582	186162608
2016/4/5	11.46	11.86	11.45	11.77	17664100	207509216
2016/4/1	11.4	11.7	11.3	11.57	18868857	218040928
2016/3/31	11.45	11.76	11.35	11.42	20261876	234082736
2016/3/30	11.16	11.5	11.13	11.44	17780161	201275792
2016/3/29	11.68	11.73	10.98	11.13	21163816	237689168
2016/3/28	11.95	12.22	11.51	11.65	33806969	401726944
2016/3/25	12.04	12.55	12.03	12.24	32989824	404531072
2016/3/24	12.06	12.56	11.85	12.02	40594978	494292128
2016/3/23	12.1	12.23	11.72	12.04	28161745	336479712
2016/3/22	12.11	12.44	12.01	12.07	40982653	498460608
2016/3/21	11.7	12.98	11.6	12.55	67561965	827106752
2016/3/18	11.5	12.2	11.4	11.8	55464116	652182720
2016/3/17	11.13	11.78	10.91	11.6	47947396	548209728
2016/3/16	11.35	11.4	10.7	11.13	31546195	347083040
2016/3/15	11.49	11.66	11.03	11.23	38937559	439911488
2016/3/14	11.59	12.23	11.35	11.68	48622937	572711104
2016/3/11	11.25	11.89	11.18	11.4	41626434	479008448
2016/3/10	12.11	12.48	11.43	11.54	50371758	603385152
2016/3/9	11.99	12.6	11.6	12.05	58515908	710386304
2016/3/8	13.11	13.19	12.16	12.8	71313742	901203840
2016/3/7	12.99	14.32	12.71	13.33	102618127	1377066496
2016/3/4	13.02	13.02	12.63	13.02	113854807	1475606784
2016/3/3	11.84	11.84	11.84	11.84	4845529	57371064
2016/3/2	10.76	10.76	10.76	10.76	6887655	74111168
2016/3/1	8.98	9.78	8.9	9.78	12234234	117013000
2016/2/29	9.65	9.8	8.66	8.89	18006201	163385968
2016/2/26	9.85	10.03	8.95	9.5	15097408	144928016
2016/2/25	10.94	10.94	9.9	9.9	20821971	213554240
2016/2/24	10.8	11.03	10.68	11	15304090	166283472
2016/2/23	11.03	11.17	10.63	10.92	20150366	218896416
2016/2/22	11.3	11.36	10.93	11.02	20436809	226928416
2016/2/19	11.01	11.54	10.88	10.98	24688832	275431904
2016/2/18	11	11.98	10.87	11.26	32634568	370552224
2016/2/17	11.26	11.65	10.68	11.24	37193396	417920192
2016/2/16	9.99	10.92	9.9	10.92	21832464	229528512
2016/2/15	9.45	10.18	9.32	9.93	19440083	192074000
2016/2/5	10.2	10.43	9.56	9.78	21150638	211937232
2016/2/4	10.25	10.98	10.03	10.4	32998045	344430272
2016/2/3	9.59	10.79	9.45	10.3	34539508	353485056
2016/2/2	9.25	10.19	8.91	9.89	35093215	332357856
2016/2/1	9.88	10.12	9.21	9.34	38412042	368891136
2016/1/29	8.71	9.36	8.52	9.36	29534840	268687776
2016/1/28	7.57	8.51	7.51	8.51	32003885	267997440
2016/1/27	8.08	8.14	7.29	7.74	10309298	78449248
2016/1/26	8.8	8.88	8.05	8.05	8310750	70242840
2016/1/25	8.92	9.04	8.8	8.94	4660499	41680936
2016/1/22	8.95	9.05	8.67	8.83	7567997	67022952
2016/1/21	9.16	9.46	8.8	8.83	8291857	76290456
2016/1/20	9.34	9.65	9.23	9.36	10085682	94990904
2016/1/19	8.91	9.4	8.9	9.34	10218846	94064408
2016/1/18	8.41	9.15	8.33	8.99	8791333	77954712
2016/1/15	8.95	9.25	8.61	8.68	9163572	82449704
2016/1/14	8.4	9.04	8.32	9	7865667	68472216
2016/1/13	9.12	9.19	8.6	8.69	6834938	61485688
2016/1/12	8.88	9.2	8.71	9.09	9244625	83247296
2016/1/11	9.8	9.92	9.1	9.1	10363985	98505224
2016/1/8	10.21	10.45	9.27	10.11	10862768	109491968
2016/1/7	10.91	10.96	10.08	10.08	2845500	29749614
2016/1/6	11.1	11.2	10.84	11.2	10216519	113020568
2016/1/5	10.98	11.56	10.5	10.92	14143072	155271776
2016/1/4	12.88	12.98	11.63	11.63	10683522	129758832
2015/12/31	12.83	13.1	12.66	12.92	8326114	107131832
2015/12/30	12.96	13.02	12.68	12.83	8759603	112184808
2015/12/29	12.82	13	12.7	12.92	8525068	109243464
2015/12/28	13.49	13.53	12.89	12.92	15999071	210656144
2015/12/25	13.43	13.63	13.31	13.46	10982078	147908416
2015/12/24	14.03	14.03	13.25	13.48	18472190	251124656
2015/12/23	14.13	14.56	13.82	14.09	32956903	468555232
2015/12/22	13.95	14.29	13.7	14.18	25154792	353782880
2015/12/21	13.58	13.94	13.5	13.92	18096667	248348432
2015/12/18	13.7	14.15	13.47	13.79	20641172	285192480
2015/12/17	13.33	13.86	13.33	13.73	16918436	231264272
2015/12/16	13.56	13.61	13.27	13.31	13147011	176238864
2015/12/15	13.6	13.9	13.32	13.56	15636973	212294080
2015/12/14	13.3	13.67	12.88	13.57	15752070	209005856
2015/12/11	13.53	13.85	13.4	13.51	10483666	142616656
2015/12/10	14.21	14.3	13.56	13.64	19228207	267713248
2015/12/9	14.18	14.48	14.05	14.26	16174172	230745552
2015/12/8	15	15.02	14.2	14.28	25915879	377065888
2015/12/7	15.01	15.63	14.53	15.25	35577032	538890432
2015/12/4	14.24	15.11	14.03	14.84	40219294	590439296
2015/12/3	14.15	14.63	13.86	14.36	25208629	360020992
2015/12/2	14.4	15.12	14.01	14.27	26459846	382536640
2015/12/1	13.6	14.99	13.6	14.77	30859903	442591456
2015/11/30	14.18	14.38	12.74	13.74	25090798	346077472
2015/11/27	14.61	15.76	13.91	14.03	46975359	702117376
2015/11/26	14.4	15	14.05	14.77	34229974	498626112
2015/11/25	14.11	14.8	13.95	14.39	23838282	343264448
2015/11/24	14.16	14.48	13.71	14.22	22431660	315475232
2015/11/23	13.84	15	13.76	14.29	43593183	627519936
2015/11/20	13.69	13.98	13.5	13.7	20874642	286316032
2015/11/19	13.49	13.6	13.23	13.59	19004424	254377056
2015/11/18	13.43	14.25	13.1	13.5	34091006	468501184
2015/11/17	13.5	13.94	13.38	13.41	20723322	282968352
2015/11/16	12.98	13.45	12.85	13.42	14482868	191105840
2015/11/13	13.6	13.77	13.31	13.43	19626078	266665200
2015/11/12	14.01	14.02	13.38	13.57	27576649	376939776
2015/11/11	13.75	14.4	13.53	14.02	39583884	555353472
2015/11/10	13.56	14.09	13.01	13.66	33086313	448667840
2015/11/9	13.36	14.06	13.15	13.69	31053716	422909376
2015/11/6	13.25	13.88	13.18	13.53	27091733	368916576
2015/11/5	13.2	13.52	13	13.38	27738454	368291616
2015/11/4	12.6	13.22	12.6	13.19	18792195	243996192
2015/11/3	12.77	12.96	12.4	12.57	13272548	167485408
2015/11/2	13	13.26	12.6	12.74	22402583	289735744
2015/10/30	13.78	14	13.3	13.51	36317854	494224832
2015/10/29	13.2	14.4	13.1	14.03	56841187	799042176
2015/10/28	13.23	13.63	13.01	13.09	20204319	268924192
2015/10/27	13.3	13.54	12.6	13.28	20303650	264550816
2015/10/26	14.08	14.36	13.21	13.48	34816022	476612320
2015/10/23	12.89	14.08	12.77	13.85	42860512	581758144
2015/10/22	12.2	12.98	12.15	12.9	32290433	408174656
2015/10/21	14.06	14.6	12.51	12.51	42006543	570152768
2015/10/20	14.1	14.1	13.52	13.9	31733532	437813408
2015/10/19	13.9	14.75	13.65	14.1	56548383	800546304
2015/10/16	13.21	14.45	13	14	58629323	805559680
2015/10/15	12.7	13.3	12.58	13.17	28875597	375238080
2015/10/14	13.4	13.59	12.75	12.84	30011795	394479424
2015/10/13	13.02	13.84	12.84	13.56	38952827	518935808
2015/10/12	12.7	13.33	12.6	13.11	35027003	456583200
2015/10/9	12.58	12.84	12.35	12.57	23621408	297652448
2015/10/8	12.61	12.85	12.25	12.68	21708842	272865376
2015/9/30	12.37	12.49	11.8	12.02	17383487	210906800
2015/9/29	12.6	12.78	12.13	12.21	22606028	281428672
2015/9/28	12.65	13.05	12	13.04	27807433	350025024
2015/9/25	13.18	13.82	12.16	12.45	40036339	524524864
2015/9/24	14.25	14.4	13.26	13.47	53297426	734019328
2015/9/23	12.7	14.06	12.51	13.85	60774536	818970368
2015/9/22	13.29	13.55	12.9	12.94	50561887	663973760
2015/9/21	12.79	13.85	12.6	13.54	67621654	891661120
2015/9/18	12.5	13.27	12.3	13.27	70438984	912083904
2015/9/17	11.9	12.9	11.69	12.06	53930493	663964608
2015/9/16	10.8	11.73	10.69	11.73	34463470	386403520
2015/9/15	10.91	11.7	10.66	10.66	34576832	379500256
2015/9/14	13.28	13.9	11.84	11.84	58019371	753622912
2015/9/11	12	13.33	11.61	13.16	47998312	588290624
2015/9/10	11.7	12.79	11.4	12.12	55206523	674467648
2015/9/9	10.79	11.87	10.6	11.87	50403526	573421376
2015/9/8	10.19	11	9.44	10.79	39677742	400582016
2015/9/7	10.3	10.98	10.2	10.49	35976438	382450816
2015/9/2	10.03	11.58	9.81	10.29	45032458	484407328
2015/9/1	11.4	12.13	10.4	10.69	67484631	748752640
2015/8/31	11.1	11.56	10.83	11.56	58212719	664437120
2015/8/28	9.59	10.51	9.59	10.51	22692715	230382448
2015/8/27	9.55	9.85	8.43	9.55	36619583	344131936
2015/8/26	9.31	10.27	8.75	9.25	45455353	434973408
2015/8/25	9.51	10.05	9.46	9.46	24924132	239739648
2015/8/24	11.01	11.3	10.51	10.51	24837790	268203248
2015/8/21	12.48	12.85	11.67	11.68	30706706	374380224
2015/8/20	13.7	14.4	12.96	12.96	39179699	528394848
2015/8/19	13.04	15.36	12.92	14.4	56950756	775541632
2015/8/18	15.8	15.8	14.36	14.36	43749118	648417280
2015/8/17	14.96	15.95	13.82	15.95	68497863	1015948992
2015/8/14	13.61	14.5	13.45	14.5	62798034	874389184
2015/8/13	12.2	13.18	12.06	13.18	69927986	903022976
2015/8/12	10.54	11.98	10.45	11.98	35379167	405941248
2015/8/11	11.16	11.32	10.75	10.89	28297132	310708864
2015/8/10	10.88	11.46	10.7	11.18	30329008	337589216
2015/8/7	10.39	10.97	10.15	10.8	29570428	310720928
2015/8/6	9.71	10.46	9.63	10.29	23785829	242529808
2015/8/5	9.7	10.3	9.63	9.88	23511353	234790704
2015/8/4	9.03	9.8	8.93	9.76	18355922	171945168
2015/8/3	9.6	9.75	8.79	9.05	18440232	171201040
2015/7/31	8.82	9.88	8.7	9.75	22780658	214566528
2015/7/30	9	9.68	8.88	9.04	16709612	155352224
2015/7/29	8.7	9.13	8.32	9.08	13193560	114155216
2015/7/28	8.36	9.3	8.3	8.49	22902248	196743696
2015/7/27	10.01	10.32	9.22	9.22	19328114	190190992
2015/7/24	10.64	10.91	10.11	10.24	29843586	313876480
2015/7/23	9.89	10.49	9.82	10.46	25047966	257776448
2015/7/22	9.5	10.15	9.3	9.97	21470562	208701648
2015/7/21	9.5	9.96	9.1	9.68	18437596	176625456
2015/7/20	9.5	9.78	9.13	9.52	18864714	179011936
2015/7/17	8.84	9.49	8.84	9.3	20275275	186756544
2015/7/16	8.14	9.35	8.13	8.8	19738704	174167168
2015/7/15	9.7	9.87	9	9	15227335	141945072
2015/7/14	9.73	10.3	9.2	10	44292877	436610944
2015/7/13	9.1	9.54	9.06	9.54	32745709	306655296
2015/7/10	8	8.67	7.92	8.67	23156014	195866272
2015/7/9	6.44	7.88	6.44	7.88	42105341	294518336
2015/7/8	7.16	7.16	7.16	7.16	729100	5220356
2015/7/7	8.3	8.3	7.96	7.96	2831000	22563372
2015/7/6	10.74	10.74	8.84	8.84	18114766	170769184
2015/7/3	9.95	10.88	9.82	9.82	11267246	112931872
2015/7/2	11.75	12.16	10.91	10.91	11627141	131284136
2015/7/1	13.14	13.79	12.12	12.12	13710670	178866736
2015/6/30	12.34	13.48	11.42	13.47	20132168	249486128
2015/6/29	14.5	14.78	12.69	12.69	19040641	258715904
2015/6/26	15	15.18	14.1	14.1	9649681	139679456
2015/6/25	16.64	16.72	15.48	15.67	12547231	203632064
2015/6/24	15.99	16.69	15.7	16.48	13608885	221452336
2015/6/23	16.27	16.54	14.69	15.99	13165626	206218528
2015/6/19	16.77	17.35	15.8	16.27	14381997	240453392
2015/6/18	17.35	18.45	16.88	17.44	24286496	432256608
2015/6/17	17.01	17.8	15.75	17.22	15818624	263110496
2015/6/16	17.75	17.89	16.94	17.19	13217861	229384560
2015/6/15	18.03	18.93	17.76	18.07	24402609	446524512
2015/6/12	17.62	17.87	17.27	17.79	23352338	411848128
2015/6/11	17.55	17.9	17.37	17.53	14368776	252964448
2015/6/10	17.2	18.25	16.6	17.88	19322831	339704640
2015/6/9	18.31	18.33	17.25	17.48	17670843	310178336
2015/6/8	18.3	18.5	17.6	18.31	21150883	382942176
2015/6/5	17.26	18	17.19	17.67	18766620	330452512
2015/6/4	17.69	17.69	16.2	17.12	17502003	295709344
2015/6/3	18.56	18.7	17.17	17.76	20459387	367521056
2015/6/2	18.04	19.1	18.03	18.7	20021279	372203424
2015/6/1	17.03	18.25	17.03	17.98	24237689	432706336
2015/5/29	16.46	17.43	15.2	16.8	23196449	385009376
2015/5/28	16.77	18.5	16.3	16.76	42085137	726724160
2015/5/27	15.99	17.42	15.1	17.29	32573276	526988032
2015/5/26	16.3	16.6	15.3	15.91	41642591	670286592
2015/5/25	13.72	15.09	13.7	15.09	31213933	452237216
2015/5/22	13.25	14.3	13.25	13.72	34904882	483351264
2015/5/21	12.3	13	12.2	13	22676966	287193152
2015/5/20	12.22	12.93	12.1	12.37	22544339	281212608
2015/5/19	11.8	12.24	11.75	12.22	13298134	160710912
2015/5/18	12.03	12.33	11.73	11.89	16722130	200552512
2015/5/15	12.51	12.6	12	12.05	22023235	268292768
2015/5/14	13.3	13.93	12.8	12.8	30956126	409735584
2015/5/13	12.33	13.04	12.33	13.04	30550601	389690688
2015/5/12	12.48	12.48	12.02	12.3	18897052	231336832
2015/5/11	12.35	13	12.2	12.49	30962191	388016288
2015/5/8	11.18	12	11.18	11.97	17614825	203815536
2015/5/7	11.01	11.3	10.8	11.13	10057565	111454464
2015/5/6	11.12	11.44	10.98	11.02	11141960	125254304
2015/5/5	11.6	11.6	11	11.15	13582288	152548880
2015/5/4	11.96	12.17	11.61	11.69	15947528	187631664
2015/4/30	11.67	12.35	11.52	11.94	35333804	421288128
2015/4/29	10.98	11.54	10.9	11.52	23693515	267561824
2015/4/28	11.31	11.31	10.62	11.11	20833924	228996160
2015/4/27	11.27	11.55	11.2	11.33	15772621	178948640
2015/4/24	11.51	11.51	11	11.26	19284277	217568768
2015/4/23	11.91	12.1	11.61	11.73	18098944	213213056
2015/4/22	11.51	12.09	11.45	11.94	24944357	293519776
2015/4/21	11.12	11.67	11.06	11.55	17485282	198513776
2015/4/20	11.43	11.9	11	11.12	26406312	303807968
2015/4/17	11.4	11.68	11.21	11.37	19065680	217774432
2015/4/16	10.85	11.6	10.58	11.42	19365323	218794400
2015/4/15	11.79	11.79	11.01	11.1	21797336	247515104
2015/4/14	11.99	11.99	11.65	11.9	26657578	314766848
2015/4/13	12.44	12.45	11.85	12.23	34397818	417971840
2015/4/10	12.49	13.45	12.19	12.46	57744264	744648064
2015/4/9	11.21	12.43	11.03	12.43	57873062	685213056
2015/4/8	11.19	11.54	10.9	11.3	39934604	448015104
2015/4/7	11	11.45	10.86	11.27	49764953	556056448
2015/4/3	11.05	11.17	10.89	11.02	29307427	322495872
2015/4/2	11.4	11.4	11	11.22	40270473	448961504
2015/4/1	11.2	11.65	10.8	11.52	64301861	719855040
2015/3/31	10.9	11.45	10.77	11.45	56551997	639415872
2015/3/30	9.7	10.41	9.46	10.41	44381442	441036032
2015/3/27	9.46	9.46	8.8	9.46	37739052	350609504
2015/3/26	8.17	8.86	8.07	8.6	23226863	199665936
2015/3/25	8.1	8.29	7.93	8.05	11479758	93225096
2015/3/24	8.11	8.23	7.77	8.06	17113903	137488912
2015/3/23	7.95	8.48	7.87	8.11	23110509	188499232
2015/3/20	7.41	8.14	7.37	7.86	22491806	175393536
2015/3/19	7.45	7.48	7.25	7.4	12685020	93282992
2015/3/18	7.33	7.53	7.22	7.41	14350018	105679288
2015/3/17	7.18	7.56	7.12	7.32	19683761	143922640
2015/3/16	7	7.16	6.9	7.1	12936568	91416056
2015/3/13	6.97	7.09	6.96	6.98	10478649	73464496
2015/3/12	6.8	7.17	6.76	7.04	17808357	124175184
2015/3/11	6.75	6.99	6.62	6.87	13153868	89040520
2015/3/10	6.8	6.9	6.71	6.74	11003745	74755216
2015/3/9	6.79	7.03	6.51	6.86	17035410	114713536
2015/3/6	6.61	7.21	6.53	6.85	28034981	193607568
2015/3/5	6.44	6.79	6.4	6.62	14347023	94414040
2015/3/4	6.32	6.55	6.25	6.49	8702362	55907368
2015/3/3	6.44	6.44	6.29	6.29	6207003	39481484
2015/3/2	6.5	6.54	6.4	6.45	8005810	51761500
2015/2/27	6.37	6.43	6.34	6.39	5021103	32091522
2015/2/26	6.29	6.37	6.24	6.36	4290891	27149250
2015/2/25	6.38	6.38	6.25	6.3	3332473	21024084
2015/2/17	6.28	6.37	6.25	6.35	4433680	28025756
2015/2/16	6.18	6.28	6.18	6.28	3144886	19645228
2015/2/13	6.15	6.31	6.15	6.22	5390724	33638436
2015/2/12	6.06	6.12	6.05	6.12	3029355	18462522
2015/2/11	6.05	6.09	6.02	6.06	3576958	21638992
2015/2/10	6.04	6.14	5.93	6.04	4010382	24109382
2015/2/9	5.91	6.06	5.91	6.01	2490055	14932842
2015/2/6	6.15	6.28	5.96	5.98	5165448	31566404
2015/2/5	6.39	6.43	6.24	6.24	6116360	38662452
2015/2/4	6.29	6.42	6.19	6.22	4678842	29609034
2015/2/3	6.28	6.38	6.19	6.32	4969412	31174164
2015/2/2	6.38	6.47	6.2	6.24	7397054	46930368
2015/1/30	6.54	6.79	6.34	6.55	12059020	79645472
2015/1/29	6.45	6.59	6.38	6.5	3954140	25754122
2015/1/28	6.5	6.62	6.44	6.52	5750119	37581796
2015/1/27	6.72	6.72	6.46	6.55	16985128	111774088
2015/1/26	6.14	6.81	6.13	6.75	25115773	168125008
2015/1/23	6.26	6.32	6.15	6.19	6046938	37616452
2015/1/22	6.16	6.28	6.15	6.25	5293369	32922050
2015/1/21	6	6.21	5.95	6.17	6879964	42009120
2015/1/20	5.8	5.99	5.8	5.99	6753258	39818652
2015/1/19	6.34	6.34	5.76	5.8	10024744	59826476
2015/1/16	6.46	6.48	6.3	6.4	5785846	36939324
2015/1/15	6.29	6.44	6.27	6.43	4366796	27800756
2015/1/14	6.4	6.53	6.3	6.31	5840227	37352192
2015/1/13	6.3	6.42	6.28	6.38	4761798	30267340
2015/1/12	6.59	6.59	6.26	6.29	7744443	49355380
2015/1/9	6.8	6.91	6.66	6.66	6921737	47099016
2015/1/8	6.95	7.15	6.84	6.84	15045223	105589344
2015/1/7	6.79	6.96	6.73	6.95	11292841	77689440
2015/1/6	6.95	6.95	6.63	6.85	16212495	109926448
2015/1/5	6.95	7.25	6.86	7.02	23154726	163977872
2014/12/31	6.7	6.94	6.59	6.87	17817245	120664728
2014/12/30	6.45	7.02	6.3	6.82	17075747	114221736
2014/12/29	6.45	6.8	6.32	6.5	12667260	83116272
2014/12/26	6.35	6.5	6.29	6.48	7463967	47526224
2014/12/25	6.34	6.38	6.3	6.38	3793870	24081362
2014/12/24	6.25	6.32	6.21	6.3	3849826	24181838
2014/12/23	6.18	6.44	6.13	6.24	5902068	37091196
2014/12/22	6.56	6.6	6.19	6.23	10848917	69110672
2014/12/19	6.81	6.84	6.49	6.6	11748177	77557288
2014/12/18	7.17	7.24	6.75	6.86	14517680	100809704
2014/12/17	6.78	7.36	6.78	7.16	22454999	160995616
2014/12/16	6.75	6.89	6.65	6.88	11846545	80188536
2014/12/15	6.71	6.9	6.61	6.83	13803548	93828944
2014/12/12	6.59	6.8	6.53	6.6	8212813	54358524
2014/12/11	6.34	6.86	6.22	6.68	14092473	93437088
2014/12/10	6.17	6.38	6.09	6.37	8806471	55065420
2014/12/9	6.5	6.86	6.24	6.24	18575948	121237184
2014/12/8	6.44	6.72	6.26	6.56	12689419	82721328
2014/12/5	6.9	6.94	6.28	6.48	15750671	103601264
2014/12/4	6.57	6.99	6.44	6.9	20498510	139371056
2014/12/3	6.15	6.65	6.15	6.61	34210039	220674736
2014/12/2	6.16	6.21	6.11	6.14	7794196	48010804
2014/12/1	6.38	6.38	6.12	6.15	10829741	67392368
2014/11/28	6.19	6.45	6.15	6.38	16992795	107051456
2014/11/27	6.18	6.23	6.11	6.19	9282249	57285008
2014/11/26	6.18	6.18	6.07	6.14	6803478	41608920
2014/11/25	6.22	6.24	6.12	6.18	8481815	52215972
2014/11/24	6.1	6.35	6.08	6.2	19362413	120011336
2014/11/21	5.83	6.01	5.78	5.94	6269661	37064184
2014/11/20	5.84	5.84	5.7	5.8	2855468	16532538
2014/11/19	5.86	5.93	5.8	5.82	4511275	26438972
2014/11/18	5.8	5.92	5.75	5.86	4697061	27473274
2014/11/17	5.75	5.87	5.61	5.83	5748661	33167556
2014/11/14	5.92	5.93	5.68	5.74	8852306	50998744
2014/11/13	6.03	6.17	5.87	6	10020060	60385672
2014/11/12	5.88	6	5.8	5.99	5122294	30260720
2014/11/11	6.18	6.26	5.88	5.91	7959564	48199404
2014/11/10	6.23	6.24	6.11	6.19	5783236	35608348
2014/11/7	6.25	6.38	6.19	6.19	6777186	42666056
2014/11/6	6.18	6.31	6.16	6.24	4852073	30246328
2014/11/5	6.31	6.4	6.19	6.22	6930673	43435888
2014/11/4	6.32	6.43	6.25	6.28	8138040	51504304
2014/11/3	6.2	6.47	6.1	6.44	17095615	107884912
2014/10/31	6.23	6.69	6	6.27	22106316	140991664
2014/10/30	6.2	6.3	6.04	6.08	8574017	52545036
2014/10/29	5.97	6.34	5.97	6.2	12149081	75163592
2014/10/28	5.9	5.99	5.86	5.97	5242546	31043540
2014/10/27	5.74	5.89	5.63	5.85	5633852	32645950
2014/10/24	5.78	5.84	5.61	5.76	5266666	30108614
2014/10/23	6.22	6.35	5.66	5.75	14222554	83739120
2014/10/22	6.17	6.29	6.11	6.22	7433625	45993408
2014/10/21	6.31	6.44	6.15	6.18	12684803	79675240
2014/10/20	5.88	6.39	5.88	6.33	13480615	83633784
2014/10/17	5.87	6.02	5.69	5.91	10566260	62147988
2014/10/16	5.73	6.13	5.63	5.9	16945358	100436680
2014/10/15	5.96	5.98	5.71	5.75	11056949	64233492
2014/10/14	5.83	6.19	5.83	5.93	10535054	63400880
2014/10/13	5.86	6.02	5.77	5.89	13531119	79770720
2014/10/10	5.57	5.99	5.48	5.91	20288935	116782648
2014/10/9	5.42	5.66	5.39	5.57	16625908	91332832
2014/10/8	5.27	5.58	5.27	5.52	22871744	124631712
2014/9/30	5.09	5.24	5.06	5.18	12059805	62290096
2014/9/29	4.97	5.11	4.97	5.09	12763834	64662096
2014/9/26	5.02	5.04	4.91	4.97	10292705	51117812
2014/9/25	5.06	5.17	5.01	5.03	14017161	71274616
2014/9/24	4.98	5.14	4.9	5.09	23238700	116488752
2014/9/23	4.99	5.04	4.93	4.99	10031865	49969020
2014/9/22	5.02	5.07	4.9	4.93	13821515	68719536
2014/9/19	5.07	5.09	4.95	5.06	17655100	88460496
2014/9/18	5.28	5.45	5.01	5.13	31029870	161502048
2014/9/17	4.67	5.17	4.65	5.17	36950464	185981776
2014/9/16	4.81	5.06	4.68	4.7	17795838	86798984
2014/9/15	4.73	4.82	4.67	4.78	11042767	52373404
2014/9/12	4.63	4.84	4.58	4.73	12416519	58524856
2014/9/11	4.57	4.67	4.52	4.65	11350966	52366380
2014/9/10	4.54	4.6	4.5	4.57	5815551	26458942
2014/9/9	4.57	4.58	4.51	4.57	5989490	27176124
2014/9/5	4.59	4.6	4.51	4.58	6593021	29979630
2014/9/4	4.54	4.59	4.51	4.59	7520289	34336792
2014/9/3	4.53	4.58	4.49	4.54	8083561	36647692
2014/9/2	4.45	4.55	4.45	4.52	8540720	38522796
2014/9/1	4.44	4.47	4.39	4.46	5365145	23776518
2014/8/29	4.37	4.44	4.35	4.44	3628464	16013686
2014/8/28	4.42	4.44	4.32	4.37	3436697	15069177
2014/8/27	4.39	4.47	4.35	4.44	5375795	23697756
2014/8/26	4.51	4.53	4.3	4.39	9145580	40562728
2014/8/25	4.54	4.77	4.47	4.58	16988165	78316944
2014/8/22	4.39	4.54	4.38	4.52	11344231	50705424
2014/8/21	4.41	4.48	4.33	4.39	6207659	27317326
2014/8/20	4.38	4.52	4.37	4.41	10947181	48729644
2014/8/19	4.37	4.44	4.36	4.4	7445241	32668042
2014/8/18	4.31	4.55	4.28	4.42	14298145	63291412
2014/8/15	4.2	4.34	4.2	4.3	6369910	27262206
2014/8/14	4.32	4.37	4.22	4.23	7847024	33750368
2014/8/13	4.25	4.29	4.19	4.28	7347408	31225930
2014/8/12	4.21	4.25	4.16	4.25	5253899	22097566
2014/8/11	4.14	4.23	4.11	4.21	5303856	22270682
2014/8/8	4.14	4.19	4.11	4.15	3787446	15719147
2014/8/7	4.24	4.25	4.14	4.14	5094681	21383128
2014/8/6	4.2	4.29	4.19	4.23	8231803	34887804
2014/8/5	4.19	4.23	4.15	4.2	7154514	29968002
2014/8/4	4.06	4.2	4.06	4.19	6836849	28322514
2014/8/1	4.18	4.19	4.12	4.12	6975644	28959090
2014/7/31	4.13	4.24	4.12	4.2	6735024	28206008
2014/7/30	4.2	4.2	4.1	4.13	6067134	25130714
2014/7/29	4.22	4.29	4.15	4.22	7210296	30415002
2014/7/28	4.18	4.27	4.14	4.21	8438768	35517348
2014/7/25	4.18	4.24	4.07	4.2	8381596	34689356
2014/7/24	4.1	4.32	4.08	4.18	13193447	55488108
2014/7/23	4.03	4.17	4.02	4.11	9028468	37122704
2014/7/22	3.98	4.1	3.98	4.04	7037699	28485066
2014/7/21	4.05	4.06	3.99	4	5248381	21091216
2014/7/18	3.92	4.15	3.9	4.06	12330732	50030452
2014/7/17	3.97	3.97	3.88	3.93	3687335	14454854
2014/7/16	3.98	4.07	3.93	3.96	6179995	24644322
2014/7/15	3.92	4.02	3.88	3.99	9030926	35684700
2014/7/14	3.85	3.98	3.83	3.93	6502026	25442390
2014/7/11	3.77	3.85	3.75	3.85	4602836	17581972
2014/7/10	3.75	3.79	3.74	3.76	3078037	11595964
2014/7/9	3.81	3.83	3.74	3.75	4352749	16483999
2014/7/8	3.86	3.87	3.77	3.83	4128789	15735168
2014/7/7	3.83	3.93	3.82	3.86	4173274	16146019
2014/7/4	3.89	3.96	3.85	3.89	6703577	26135156
2014/7/3	3.8	3.96	3.79	3.85	9550702	37130476
2014/7/2	3.77	3.82	3.75	3.81	3178003	12047973
2014/7/1	3.79	3.79	3.73	3.78	3717481	13997615
2014/6/30	3.74	3.79	3.74	3.77	2741187	10336077
2014/6/27	3.74	3.78	3.69	3.76	4772170	17868706
2014/6/26	3.65	3.77	3.64	3.75	5395964	20068022
2014/6/25	3.65	3.66	3.61	3.65	2118628	7713131
2014/6/24	3.62	3.67	3.59	3.66	2389397	8690046
2014/6/23	3.59	3.65	3.58	3.63	2708724	9768897
2014/6/20	3.57	3.62	3.55	3.61	2303235	8269505
2014/6/19	3.7	3.71	3.55	3.58	3461911	12607157
2014/6/18	3.74	3.74	3.68	3.68	2931300	10860497
2014/6/17	3.78	3.8	3.69	3.74	5825489	21765844
2014/6/16	3.76	3.95	3.76	3.83	7973995	30791148
2014/6/13	3.76	3.82	3.74	3.78	4414664	16682066
2014/6/12	3.73	3.76	3.71	3.75	2507851	9370486
2014/6/11	3.75	3.77	3.72	3.74	2657019	9941091
2014/6/10	3.73	3.76	3.7	3.76	2741557	10251330
2014/6/9	3.67	3.76	3.65	3.73	3835760	14256006
2014/6/6	3.75	3.77	3.66	3.7	4087942	15171828
2014/6/5	3.74	3.79	3.68	3.76	5317261	19777506
2014/6/4	3.78	3.79	3.69	3.72	5149494	19205400
2014/6/3	3.8	3.84	3.76	3.77	4840559	18391808
2014/5/30	3.86	3.88	3.75	3.79	4397991	16700794
2014/5/29	3.92	3.94	3.86	3.86	2775734	10793616
2014/5/28	3.9	3.94	3.84	3.93	3899035	15213836
2014/5/27	3.93	3.94	3.88	3.9	2573088	10076500
2014/5/26	3.95	3.95	3.9	3.92	2603904	10200118
2014/5/23	3.85	3.96	3.85	3.95	5525151	21696056
2014/5/22	3.87	3.93	3.85	3.86	3447742	13420859
2014/5/21	3.82	3.87	3.74	3.87	3323147	12680559
2014/5/20	3.87	3.91	3.83	3.85	2177883	8412463
2014/5/19	3.89	3.92	3.83	3.87	2663652	10281407
2014/5/16	3.86	3.94	3.86	3.9	2677619	10432289
2014/5/15	4	4	3.88	3.89	6067881	23717822
2014/5/14	4.12	4.18	4.03	4.04	6022826	24679704
2014/5/13	4.01	4.08	3.99	4.03	3663919	14787067
2014/5/12	3.98	4.07	3.93	4.03	3417326	13714281
2014/5/9	4	4.01	3.88	3.95	3340674	13164379
2014/5/8	3.9	4.11	3.88	4	6551449	26563578
2014/5/7	4.08	4.1	3.93	3.94	4284986	17221880
2014/5/6	4.05	4.13	4.04	4.12	7064050	28960636
2014/5/5	4.02	4.11	3.83	4.1	8355113	33228308
2014/4/30	4.02	4.04	3.96	4.02	4849441	19442210
2014/4/29	3.9	4.02	3.87	4.02	5918737	23285400
2014/4/28	4	4	3.87	3.92	7134218	27977036
2014/4/25	4.35	4.4	3.98	4	20914095	86709928
2014/4/24	4.3	4.58	4.3	4.37	12946674	57755444
2014/4/23	4.44	4.44	4.3	4.34	6849252	29911318
2014/4/22	4.3	4.47	4.27	4.44	11553121	50617148
2014/4/21	4.3	4.45	4.28	4.3	7451231	32507936
2014/4/18	4.32	4.38	4.26	4.37	6116040	26540920
2014/4/17	4.48	4.5	4.3	4.32	11581573	50622300
2014/4/16	4.39	4.58	4.38	4.48	16559373	74686000
2014/4/15	4.5	4.51	4.37	4.38	10454295	46301836
2014/4/14	4.49	4.52	4.42	4.5	10236048	45798460
2014/4/11	4.45	4.5	4.37	4.48	15739175	69784224
2014/4/10	4.55	4.59	4.44	4.5	20424036	92034544
2014/4/9	4.71	4.75	4.52	4.56	21949922	100799680
2014/4/8	4.7	4.85	4.63	4.74	16843483	79647024
2014/4/4	4.6	4.84	4.56	4.73	27800550	131675688
2014/4/3	4.88	4.88	4.63	4.66	36882162	175154624
2014/4/2	4.44	4.92	4.36	4.92	60810731	293115520
2014/4/1	4.42	4.5	4.28	4.47	23128434	101609224
2014/3/31	4.62	4.66	4.21	4.5	29831865	131286216
2014/3/28	4.44	4.95	4.42	4.67	54264812	253362176
2014/3/27	4.26	4.74	4.26	4.51	56805821	260549568
2014/3/26	4.33	4.46	4.26	4.31	32157972	139579488
2014/3/25	4.13	4.53	4.11	4.41	57396455	247880688
2014/3/24	4.2	4.25	4.08	4.25	57575502	242563728
2014/3/21	3.52	3.86	3.5	3.86	13828279	52965352
2014/3/20	3.55	3.65	3.51	3.51	6429799	23113176
2014/3/19	3.6	3.6	3.47	3.56	4575879	16110299
2014/3/18	3.66	3.69	3.58	3.59	4832539	17491378
2014/3/17	3.68	3.7	3.61	3.68	3701378	13543229
2014/3/14	3.56	3.69	3.56	3.67	6493285	23601810
2014/3/13	3.56	3.67	3.52	3.6	5789362	20842978
2014/3/12	3.46	3.62	3.45	3.56	4146757	14721313
2014/3/11	3.4	3.55	3.4	3.49	3059537	10615523
2014/3/10	3.51	3.51	3.37	3.38	2757456	9462526
2014/3/7	3.58	3.6	3.51	3.52	2819424	10005166
2014/3/6	3.51	3.69	3.44	3.61	5759228	20639474
2014/3/5	3.54	3.57	3.5	3.51	2256761	7985292
2014/3/4	3.56	3.59	3.49	3.54	4074172	14402439
2014/3/3	3.45	3.72	3.41	3.61	7358979	26485992
2014/2/28	3.38	3.43	3.32	3.43	2550780	8647262
2014/2/27	3.4	3.43	3.37	3.38	2232548	7591751
2014/2/26	3.34	3.41	3.31	3.4	2393317	8053692.5
2014/2/25	3.47	3.48	3.32	3.33	4789658	16256678
2014/2/24	3.62	3.62	3.4	3.46	5181387	18015766
2014/2/21	3.75	3.8	3.59	3.64	4677198	17311552
2014/2/20	3.74	3.79	3.69	3.77	6001311	22456780
2014/2/19	3.68	3.8	3.67	3.76	6100528	22804578
2014/2/18	3.71	3.72	3.64	3.68	3918876	14405210
2014/2/17	3.65	3.74	3.62	3.72	6254457	22982938
2014/2/14	3.55	3.65	3.55	3.65	3110653	11223854
2014/2/13	3.65	3.67	3.57	3.57	3349909	12076179
2014/2/12	3.6	3.65	3.58	3.65	3925156	14213322
2014/2/11	3.58	3.64	3.55	3.59	4116962	14814628
2014/2/10	3.53	3.61	3.52	3.6	4726659	16906658
2014/2/7	3.5	3.52	3.46	3.52	2232536	7794170.5
2014/1/30	3.47	3.53	3.45	3.5	2190213	7646102
2014/1/29	3.49	3.52	3.45	3.49	1758454	6124998.5
2014/1/28	3.46	3.51	3.45	3.51	1839561	6415198.5
2014/1/27	3.5	3.51	3.45	3.48	2352751	8187907
2014/1/24	3.45	3.55	3.43	3.52	4348864	15266708
2014/1/23	3.42	3.5	3.41	3.44	3300418	11373706
2014/1/22	3.33	3.46	3.33	3.43	4039364	13822548
2014/1/21	3.28	3.36	3.28	3.33	1719187	5730652.5
2014/1/20	3.32	3.32	3.26	3.3	1903207	6263884.5
2014/1/17	3.43	3.46	3.26	3.33	5028904	16814618
2014/1/16	3.45	3.49	3.41	3.45	2401064	8291588.5
2014/1/15	3.45	3.47	3.4	3.45	2031748	6963530.5
2014/1/14	3.4	3.46	3.36	3.46	2500249	8561016
2014/1/13	3.36	3.41	3.35	3.38	1991198	6718100
2014/1/10	3.36	3.41	3.35	3.4	2291788	7755161.5
2014/1/9	3.5	3.53	3.38	3.38	3408829	11849325
2014/1/8	3.5	3.54	3.48	3.5	3306726	11585305
2014/1/7	3.5	3.58	3.49	3.5	3903427	13758166
2014/1/6	3.71	3.71	3.5	3.53	5078376	18123452
2014/1/3	3.77	3.78	3.67	3.71	3777572	14021615
2014/1/2	3.75	3.79	3.73	3.79	4041922	15203417
2013/12/31	3.74	3.76	3.68	3.75	4763816	17719596
2013/12/30	3.7	3.77	3.69	3.75	4406518	16487108
2013/12/27	3.67	3.74	3.64	3.72	4774039	17664160
2013/12/26	3.8	3.8	3.66	3.66	6833542	25342852
2013/12/25	3.79	3.82	3.72	3.81	6235243	23474456
2013/12/24	3.82	3.89	3.75	3.8	7392760	28322332
2013/12/23	3.82	3.88	3.75	3.8	6594483	25026412
2013/12/20	3.97	4	3.83	3.85	8849624	34519196
2013/12/19	4.09	4.14	3.94	3.98	9893683	39685476
2013/12/18	4.14	4.22	4.07	4.08	6492964	26820396
2013/12/17	4.11	4.26	4.07	4.14	12620316	52675568
2013/12/16	4.21	4.32	4.13	4.15	17472292	73378816
2013/12/13	4.35	4.47	4.23	4.27	38387855	166434656
2013/12/12	3.97	4.35	3.95	4.35	34953847	150913248
2013/12/11	3.91	4.08	3.85	3.95	13873666	55210492
2013/12/10	3.8	3.97	3.77	3.92	9764365	38212344
2013/12/9	3.78	3.82	3.77	3.78	1652309	6267782
2013/12/6	3.78	3.81	3.73	3.78	2387875	8999145
2013/12/5	3.77	3.85	3.75	3.81	2310534	8773436
2013/12/4	3.72	3.81	3.71	3.77	3441399	13000040
2013/12/3	3.67	3.76	3.66	3.74	2463877	9136448
2013/12/2	3.81	3.84	3.62	3.67	5436359	20291128
2013/11/29	3.86	3.89	3.83	3.87	2976778	11475772
2013/11/28	3.9	3.93	3.82	3.86	5131504	19905516
2013/11/27	3.81	3.89	3.8	3.88	2402428	9274963
2013/11/26	3.92	3.93	3.79	3.82	4865590	18698458
2013/11/25	3.87	3.99	3.85	3.91	3837866	15067861
2013/11/22	3.91	3.95	3.84	3.9	6867848	26755406
2013/11/21	3.91	4.15	3.89	3.96	15195662	61114356
2013/11/20	3.89	3.97	3.85	3.94	6616755	25940580
2013/11/19	3.86	4.03	3.8	3.93	9889938	38898820
2013/11/18	3.76	3.87	3.75	3.86	5679249	21798236
2013/11/15	3.68	3.81	3.66	3.76	4087331	15329267
2013/11/14	3.68	3.73	3.65	3.68	2615344	9638154
2013/11/13	3.84	3.84	3.67	3.69	4393908	16387047
2013/11/12	3.83	3.88	3.78	3.85	4121583	15770857
2013/11/11	3.75	3.86	3.72	3.84	6214739	23745434
2013/11/8	3.8	3.82	3.73	3.75	3679574	13880792
2013/11/7	3.7	3.88	3.68	3.82	6989673	26675420
2013/11/6	3.65	3.86	3.65	3.73	7021692	26434478
2013/11/5	3.6	3.68	3.56	3.66	2919324	10634762
2013/11/4	3.62	3.65	3.59	3.63	1713505	6204217.5
2013/11/1	3.61	3.66	3.55	3.61	3050923	11008699
2013/10/31	3.66	3.74	3.63	3.67	4162786	15321333
2013/10/30	3.56	3.64	3.54	3.63	1643573	5915281
2013/10/29	3.67	3.69	3.46	3.56	3430390	12275791
2013/10/28	3.65	3.68	3.62	3.66	1807639	6599532.5
2013/10/25	3.69	3.74	3.61	3.63	3187250	11707721
2013/10/24	3.78	3.8	3.65	3.69	5481701	20399638
2013/10/23	3.99	4	3.77	3.8	10201224	39454552
2013/10/22	3.93	4	3.87	3.98	13774128	54388300
2013/10/21	3.78	3.93	3.76	3.93	6221130	23954222
2013/10/18	3.73	3.82	3.73	3.77	3334243	12620384
2013/10/17	3.82	3.82	3.7	3.73	4001957	15078054
2013/10/16	3.92	3.92	3.74	3.77	6932649	26476774
2013/10/15	3.84	3.98	3.8	3.96	10150153	39567956
2013/10/14	3.83	3.94	3.8	3.82	7230920	27954184
2013/10/11	3.84	3.92	3.77	3.88	15319599	58954040
2013/10/10	3.7	4.11	3.68	3.93	26835565	107941616
2013/10/9	3.61	3.77	3.6	3.74	6377755	23586012
2013/10/8	3.57	3.66	3.51	3.63	3493119	12622745
2013/9/30	3.49	3.58	3.49	3.55	2216882	7862806.5
2013/9/27	3.53	3.53	3.46	3.49	2429521	8472175
2013/9/26	3.64	3.65	3.47	3.5	4037030	14363676
2013/9/25	3.63	3.68	3.6	3.62	4037091	14696727
2013/9/24	3.68	3.68	3.57	3.62	5438602	19738876
2013/9/23	3.62	3.69	3.62	3.68	3745758	13682943
2013/9/18	3.64	3.67	3.57	3.61	4511082	16302098
2013/9/17	3.8	3.88	3.65	3.66	5942673	22290434
2013/9/16	3.84	3.92	3.78	3.79	8272252	31726636
2013/9/13	3.74	3.94	3.72	3.88	15458752	59403416
2013/9/12	3.75	3.8	3.7	3.75	6100102	22920964
2013/9/11	3.79	3.84	3.69	3.76	8533238	31986822
2013/9/10	3.7	3.89	3.65	3.83	14825272	56333656
2013/9/9	3.61	3.78	3.59	3.72	12150143	45237452
2013/9/6	3.55	3.65	3.53	3.61	5723835	20589678
2013/9/5	3.65	3.69	3.53	3.57	7443181	26805344
2013/9/4	3.74	3.76	3.58	3.66	10883106	39753756
2013/9/3	3.59	3.78	3.59	3.76	10397961	38376912
2013/9/2	3.84	3.84	3.53	3.63	8503154	30780704
2013/8/30	3.74	3.97	3.68	3.78	17759523	68056312
2013/8/29	3.6	3.86	3.57	3.74	19767836	74199640
2013/8/28	3.47	3.83	3.38	3.65	16645633	60318588
2013/8/27	3.47	3.6	3.46	3.49	9864240	34778340
2013/8/26	3.41	3.5	3.36	3.46	9367345	32218700
2013/8/23	3.42	3.54	3.36	3.4	15479059	52882800
2013/8/22	3.3	3.66	3.29	3.52	23608990	85017992
2013/8/21	3.29	3.35	3.26	3.33	2297155	7588417.5
2013/8/20	3.31	3.34	3.26	3.28	1649813	5447491.5
2013/8/19	3.25	3.31	3.24	3.31	1438754	4728891
2013/8/16	3.3	3.39	3.27	3.27	2951932	9807416
2013/8/15	3.34	3.37	3.31	3.32	1652347	5517505.5
2013/8/14	3.37	3.39	3.33	3.34	2434964	8200604.5
2013/8/13	3.35	3.37	3.33	3.36	2262231	7577994
2013/8/12	3.29	3.36	3.27	3.35	3190687	10630647
2013/8/9	3.28	3.3	3.24	3.29	1568802	5142302
2013/8/8	3.26	3.32	3.23	3.26	1712013	5602908.5
2013/8/7	3.3	3.35	3.26	3.27	2633902	8720131
2013/8/6	3.24	3.29	3.22	3.28	1827027	5955869.5
2013/8/5	3.23	3.27	3.21	3.25	1777217	5761608.5
2013/8/2	3.24	3.29	3.22	3.22	2497701	8137846
2013/8/1	3.18	3.22	3.16	3.21	2055552	6579933
2013/7/31	3.18	3.3	3.16	3.17	2230047	7150112.5
2013/7/30	3.11	3.17	3.1	3.14	1390650	4364723.5
2013/7/29	3.19	3.21	3.11	3.12	1581520	4980667.5
2013/7/26	3.18	3.21	3.16	3.19	1284506	4084994
2013/7/25	3.2	3.22	3.16	3.19	1311714	4179954.5
2013/7/24	3.22	3.23	3.15	3.18	1697521	5399435
2013/7/23	3.16	3.24	3.15	3.22	2084738	6687747
2013/7/22	3.13	3.17	3.1	3.14	1543663	4840547.5
2013/7/19	3.28	3.28	3.12	3.13	2238200	7196494
2013/7/18	3.32	3.33	3.24	3.26	1778813	5826763.5
2013/7/17	3.31	3.4	3.26	3.3	4353123	14459749
2013/7/16	3.26	3.31	3.21	3.31	2551428	8343881
2013/7/15	3.21	3.29	3.21	3.25	1548000	5037949.5
2013/7/12	3.27	3.3	3.2	3.2	2171200	7044670
2013/7/11	3.16	3.32	3.16	3.27	4217329	13755425
2013/7/10	3.07	3.17	3.06	3.16	2392711	7467779.5
2013/7/9	3.11	3.12	3.03	3.07	1895491	5822119.5
2013/7/8	3.22	3.22	3.1	3.11	2870796	9017050
2013/7/5	3.24	3.32	3.24	3.24	2654041	8667282
2013/7/4	3.18	3.26	3.18	3.22	2229197	7184703.5
2013/7/3	3.22	3.22	3.14	3.18	1332486	4234094.5
2013/7/2	3.22	3.22	3.16	3.22	2076388	6633982
2013/7/1	3.26	3.26	3.15	3.22	3109491	9941098
2013/6/28	3.23	3.4	3.17	3.29	4621904	15304364
2013/6/27	3.16	3.36	3.14	3.23	4748046	15423419
2013/6/26	3.11	3.16	3.1	3.13	1519676	4751521
2013/6/25	3.15	3.18	2.94	3.1	3044381	9363082
2013/6/24	3.38	3.38	3.13	3.16	2464670	7968898
2013/6/21	3.34	3.4	3.32	3.38	1453961	4897020.5
2013/6/20	3.5	3.5	3.38	3.4	1754301	6050591.5
2013/6/19	3.49	3.53	3.43	3.51	2953595	10268908
2013/6/18	3.57	3.57	3.48	3.52	1963358	6906233.5
2013/6/17	3.58	3.59	3.52	3.55	1822802	6460095.5
2013/6/14	3.55	3.58	3.53	3.56	1328068	4731224
2013/6/13	3.63	3.63	3.5	3.55	1778075	6312083.5
2013/6/7	3.7	3.75	3.65	3.66	2365896	8719154
2013/6/6	3.8	3.8	3.71	3.73	2368510	8883844
2013/6/5	3.77	3.78	3.71	3.75	1736890	6511296.5
2013/6/4	3.83	3.86	3.73	3.75	3158839	11911036
2013/6/3	3.84	3.88	3.81	3.83	2495029	9587445
2013/5/31	3.88	3.91	3.83	3.84	3236862	12491375
2013/5/30	3.91	3.91	3.85	3.88	3831773	14836419
2013/5/29	3.92	4.02	3.9	3.91	8096068	31963616
2013/5/28	3.82	3.94	3.81	3.91	8697533	33839520
2013/5/27	3.8	3.84	3.78	3.82	6667828	25369694
2013/5/24	3.9	3.98	3.85	3.87	14622995	57110052
2013/5/23	3.84	3.84	3.74	3.77	4708473	17851838
2013/5/22	3.78	3.87	3.75	3.84	7481834	28644434
2013/5/21	3.76	3.8	3.74	3.79	3650279	13769703
2013/5/20	3.8	3.84	3.76	3.78	5661640	21498052
2013/5/17	3.74	3.85	3.73	3.8	7735751	29369548
2013/5/16	3.68	3.77	3.62	3.76	7673429	28588474
2013/5/15	3.69	3.7	3.63	3.68	4311575	15785232
2013/5/14	3.64	3.76	3.6	3.7	8526445	31435498
2013/5/13	3.63	3.65	3.6	3.62	2188386	7934346.5
2013/5/10	3.58	3.63	3.54	3.61	2142777	7697827
2013/5/9	3.64	3.65	3.55	3.58	1674518	6001482.5
2013/5/8	3.62	3.65	3.6	3.64	2151930	7808387
2013/5/7	3.6	3.63	3.58	3.61	1644072	5930073.5
2013/5/6	3.59	3.62	3.58	3.61	1446966	5209130
2013/5/3	3.54	3.61	3.54	3.59	1728909	6198182
2013/5/2	3.49	3.55	3.49	3.54	1234501	4347310
2013/4/26	3.54	3.56	3.46	3.51	1596544	5608724
2013/4/25	3.58	3.6	3.51	3.56	2573792	9140793
2013/4/24	3.56	3.62	3.56	3.6	1800860	6469188.5
2013/4/23	3.68	3.68	3.55	3.56	2397657	8654474
2013/4/22	3.66	3.71	3.62	3.68	3045012	11140730
2013/4/19	3.66	3.75	3.65	3.73	3390984	12573057
2013/4/18	3.67	3.72	3.6	3.66	1954799	7182789
2013/4/17	3.69	3.81	3.65	3.69	3799366	14092653
2013/4/16	3.56	3.69	3.55	3.68	3669024	13369492
2013/4/15	3.6	3.64	3.56	3.6	1952457	7013963
2013/4/12	3.63	3.65	3.59	3.64	2698794	9761235
2013/4/11	3.62	3.85	3.61	3.66	6038824	22489178
2013/4/10	3.6	3.67	3.59	3.63	2408010	8725319
2013/4/9	3.56	3.63	3.55	3.61	2129709	7655051
2013/4/8	3.53	3.54	3.45	3.52	1936214	6761468.5
2013/4/3	3.61	3.66	3.56	3.59	1536421	5538389
2013/4/2	3.58	3.66	3.58	3.64	2507116	9086557
2013/4/1	3.58	3.67	3.54	3.6	2685814	9706143
2013/3/29	3.55	3.63	3.53	3.56	2772431	9912542
2013/3/28	3.68	3.68	3.54	3.54	2685200	9591712
2013/3/27	3.69	3.73	3.66	3.69	1683818	6221533
2013/3/26	3.71	3.76	3.67	3.69	3234525	11973643
2013/3/25	3.7	3.81	3.7	3.74	5304848	19891306
2013/3/22	3.72	3.79	3.69	3.73	4120567	15382930
2013/3/21	3.65	3.81	3.64	3.74	6829104	25526858
2013/3/20	3.58	3.68	3.55	3.67	2749996	10006416
2013/3/19	3.5	3.59	3.47	3.58	2402423	8504692
2013/3/18	3.55	3.58	3.5	3.51	1065784	3761127.5
2013/3/15	3.6	3.61	3.48	3.54	3309614	11752444
2013/3/14	3.58	3.64	3.58	3.6	1598632	5779715
2013/3/13	3.66	3.68	3.58	3.6	2284369	8262090.5
2013/3/12	3.73	3.77	3.62	3.68	3019697	11177020
2013/3/11	3.71	3.75	3.7	3.72	1525989	5678123.5
2013/3/8	3.72	3.75	3.68	3.72	2866127	10635820
2013/3/7	3.72	3.79	3.68	3.76	4375112	16346302
2013/3/6	3.7	3.73	3.67	3.72	3360212	12463641
2013/3/5	3.6	3.69	3.6	3.68	2517547	9197024
2013/3/4	3.86	3.86	3.59	3.64	7011010	25832956
2013/3/1	3.96	3.97	3.9	3.95	2937627	11556776
2013/2/28	3.85	4	3.85	3.98	4994654	19742460
2013/2/27	3.86	3.89	3.83	3.88	2501956	9678735
2013/2/26	3.9	3.93	3.82	3.83	2869300	11134744
2013/2/25	3.91	3.96	3.88	3.93	2679638	10486528
2013/2/22	3.92	3.97	3.9	3.92	3179245	12504132
2013/2/21	3.99	4.03	3.89	3.92	6210709	24518516
2013/2/20	4.03	4.08	4.01	4.07	4418612	17865726
2013/2/19	4.17	4.18	4	4.03	6944297	28201458
2013/2/18	4.16	4.2	4.13	4.16	5075971	21126284
2013/2/8	4.16	4.2	4.11	4.15	5990988	24888242
2013/2/7	4.14	4.17	4.12	4.15	3424768	14205971
2013/2/6	4.19	4.21	4.14	4.16	4792585	19945312
2013/2/5	4.1	4.26	4.07	4.22	10445327	43818192
2013/2/4	4.11	4.14	4.05	4.11	5437223	22281722
2013/2/1	4.13	4.15	4.08	4.13	5356183	22044552
2013/1/31	4.2	4.21	4.1	4.12	5260405	21719920
2013/1/30	4.19	4.23	4.14	4.22	5360768	22443638
2013/1/29	4.24	4.33	4.14	4.22	10056149	42413876
2013/1/28	4.12	4.28	4.11	4.24	6295340	26411806
2013/1/25	4.1	4.16	4.08	4.1	4135927	16998316
2013/1/24	4.2	4.38	4.12	4.16	13595642	57322472
2013/1/23	4.12	4.55	4.09	4.35	22916530	100339616
2013/1/22	4.2	4.2	4.08	4.14	9933134	41083964
2013/1/21	4.2	4.36	4.15	4.23	17590793	74761232
2013/1/18	3.95	4.35	3.95	4.23	26692972	111801968
2013/1/17	3.95	4	3.91	3.95	3425234	13555612
2013/1/16	4.03	4.03	3.9	3.96	4977518	19673318
2013/1/15	3.97	4.02	3.96	4.01	6043354	24120412
2013/1/14	3.85	3.99	3.85	3.97	4968323	19565408
2013/1/11	4.01	4.04	3.86	3.87	5679625	22455634
2013/1/10	4.03	4.07	3.97	4.02	4983043	20024640
2013/1/9	4.03	4.03	3.97	4	4868428	19445494
2013/1/8	4.04	4.08	3.97	4.03	5166842	20775634
2013/1/7	4.03	4.05	3.96	4.02	5574050	22284524
2013/1/4	4.15	4.17	4	4.03	8817132	35839088
2012/12/31	4.1	4.22	4.03	4.11	13787275	57057456
2012/12/28	3.99	4.11	3.95	4.07	10578292	42735264
2012/12/27	4.08	4.13	3.95	3.99	16644894	66890212
2012/12/26	3.9	4.32	3.9	4.15	30678692	129020432
2012/12/25	3.8	4	3.76	3.93	13817569	54228488
2012/12/24	3.77	3.88	3.75	3.83	5711705	21788602
2012/12/21	3.9	3.92	3.78	3.79	8606460	33030912
2012/12/20	3.85	3.91	3.75	3.91	9965587	38111236
2012/12/19	3.8	4.04	3.78	3.9	14516474	56782708
2012/12/18	3.87	3.91	3.76	3.83	8876598	33998948
2012/12/17	3.91	4.08	3.85	3.89	14275743	56269588
2012/12/14	3.77	3.95	3.75	3.92	17347226	67430920
2012/12/13	3.88	3.99	3.79	3.81	17107404	66246148
2012/12/12	4.08	4.09	3.86	3.95	22955496	90289216
2012/12/11	3.67	4.09	3.63	4.09	23970374	95269352
2012/12/10	3.78	3.85	3.65	3.72	20292287	75913648
2012/12/7	3.42	3.74	3.36	3.74	14713063	53443260
2012/12/6	3.39	3.44	3.36	3.4	2421273	8231759.5
2012/12/5	3.3	3.48	3.29	3.41	4310820	14658844
2012/12/4	3.26	3.32	3.2	3.32	1768472	5760810
2012/12/3	3.29	3.37	3.23	3.25	1960971	6476423
2012/11/30	3.18	3.32	3.18	3.29	2185261	7114156.5
2012/11/29	3.19	3.25	3.17	3.18	940280	3017629
2012/11/28	3.25	3.28	3.16	3.19	1237803	3964392
2012/11/27	3.39	3.4	3.23	3.24	2286776	7587946.5
2012/11/26	3.42	3.43	3.39	3.41	945566	3220080.25
2012/11/23	3.41	3.45	3.39	3.42	1122566	3855304
2012/11/22	3.45	3.45	3.4	3.41	1258739	4306927
2012/11/21	3.38	3.48	3.36	3.47	2489451	8533803
2012/11/20	3.44	3.45	3.35	3.39	1236257	4196029
2012/11/19	3.39	3.43	3.35	3.41	973433	3305950.25
2012/11/16	3.36	3.39	3.33	3.38	1260226	4233532
2012/11/15	3.38	3.45	3.35	3.36	1515850	5159332.5
2012/11/14	3.41	3.42	3.36	3.4	1642018	5558062.5
2012/11/13	3.57	3.57	3.4	3.41	3216087	11136376
2012/11/12	3.5	3.57	3.48	3.57	2668736	9403790
2012/11/9	3.44	3.51	3.41	3.49	3194170	11073303
2012/11/8	3.55	3.62	3.45	3.45	4292973	15151578
2012/11/7	3.55	3.61	3.51	3.55	2888702	10308760
2012/11/6	3.62	3.68	3.46	3.57	6717656	23792556
2012/11/5	3.75	3.75	3.6	3.64	9466652	34677648
2012/11/2	3.58	3.88	3.54	3.78	15942973	59022016
2012/11/1	3.46	3.64	3.43	3.57	9382556	33535040
2012/10/31	3.45	3.52	3.39	3.47	3565969	12295531
2012/10/30	3.38	3.52	3.35	3.47	4454269	15361350
2012/10/29	3.34	3.39	3.32	3.38	1552136	5208446
2012/10/26	3.43	3.45	3.31	3.34	3524321	11858302
2012/10/25	3.54	3.6	3.43	3.43	3932188	13821655
2012/10/24	3.53	3.57	3.46	3.56	4703537	16509134
2012/10/23	3.45	3.73	3.41	3.54	10317806	36972744
2012/10/22	3.35	3.48	3.35	3.45	3494335	11956768
2012/10/19	3.39	3.49	3.34	3.38	6165853	21056072
2012/10/18	3.29	3.6	3.27	3.43	8756857	30416200
2012/10/17	3.3	3.3	3.25	3.27	1052549	3445640.5
2012/10/16	3.26	3.31	3.25	3.27	1272904	4174711.25
2012/10/15	3.31	3.31	3.23	3.27	1076608	3511741.25
2012/10/12	3.29	3.33	3.26	3.31	1795013	5923625
2012/10/11	3.33	3.35	3.27	3.28	1641026	5430178
2012/10/10	3.29	3.35	3.27	3.34	2789043	9247120
2012/10/9	3.23	3.3	3.23	3.29	2654512	8694820
2012/10/8	3.25	3.27	3.21	3.23	1129890	3655191.5
2012/9/28	3.22	3.27	3.19	3.26	2165505	7002511.5
2012/9/27	3.17	3.24	3.13	3.22	2387503	7623666
2012/9/26	3.27	3.27	3.15	3.16	1280700	4104020
2012/9/25	3.28	3.29	3.24	3.27	768162	2510211.5
2012/9/24	3.27	3.29	3.2	3.27	1182016	3842286.75
2012/9/21	3.3	3.32	3.27	3.27	1004594	3305830.75
2012/9/20	3.35	3.37	3.29	3.3	1303149	4321926
2012/9/19	3.34	3.4	3.31	3.36	1184942	3975302.75
2012/9/18	3.32	3.36	3.3	3.33	1501415	4997712
2012/9/17	3.48	3.48	3.29	3.3	2227638	7506579.5
2012/9/14	3.45	3.53	3.42	3.46	3067525	10657760
2012/9/13	3.5	3.5	3.43	3.43	1634205	5655903.5
2012/9/12	3.47	3.55	3.46	3.51	2666855	9329969
2012/9/11	3.49	3.49	3.42	3.49	2194837	7575840
2012/9/10	3.51	3.53	3.46	3.49	2385857	8324154.5
2012/9/7	3.41	3.53	3.38	3.51	5038360	17480250
2012/9/6	3.36	3.41	3.34	3.4	2367984	8005537
2012/9/5	3.26	3.38	3.26	3.36	2141185	7120949.5
2012/9/4	3.34	3.34	3.27	3.28	795800	2629549
2012/9/3	3.28	3.35	3.26	3.34	1132621	3763991.75
2012/8/31	3.27	3.29	3.24	3.28	763757	2496674.75
2012/8/30	3.32	3.34	3.24	3.26	1210192	3983506
2012/8/29	3.35	3.37	3.31	3.32	920200	3070977
2012/8/28	3.36	3.39	3.33	3.35	1827398	6128112.5
2012/8/27	3.44	3.51	3.35	3.38	3737337	12847332
2012/8/24	3.41	3.49	3.4	3.45	3006840	10374613
2012/8/23	3.42	3.46	3.39	3.43	1506232	5163282
2012/8/22	3.44	3.47	3.36	3.39	1332743	4556705.5
2012/8/21	3.38	3.44	3.37	3.44	1415085	4842846.5
2012/8/20	3.38	3.4	3.3	3.37	1157776	3871186.5
2012/8/17	3.4	3.4	3.35	3.38	818383	2755952
2012/8/16	3.41	3.42	3.38	3.39	926433	3149561
2012/8/15	3.47	3.47	3.41	3.42	1281090	4406870.5
2012/8/14	3.44	3.48	3.4	3.47	1228497	4225248
2012/8/13	3.52	3.52	3.44	3.44	1601981	5556222.5
2012/8/10	3.52	3.57	3.49	3.54	1960121	6931935.5
2012/8/9	3.53	3.66	3.52	3.57	3848043	13750371
2012/8/8	3.49	3.53	3.45	3.49	1896674	6621163.5
2012/8/7	3.45	3.52	3.45	3.49	2233796	7782185.5
2012/8/6	3.36	3.45	3.35	3.45	1748845	5963191
2012/8/3	3.33	3.39	3.31	3.39	1482068	4967608
2012/8/2	3.42	3.43	3.3	3.32	1604971	5367728
2012/8/1	3.39	3.44	3.36	3.41	997370	3400044.25
2012/7/31	3.39	3.41	3.36	3.37	1504956	5093645
2012/7/30	3.51	3.54	3.36	3.39	1726340	5907037.5
2012/7/27	3.55	3.56	3.48	3.51	1091017	3839823.25
2012/7/26	3.56	3.59	3.5	3.52	1999611	7075821
2012/7/25	3.62	3.62	3.55	3.56	1582201	5660270.5
2012/7/24	3.57	3.66	3.51	3.62	1609156	5817977.5
2012/7/23	3.6	3.63	3.55	3.6	2244640	8049012.5
2012/7/20	3.59	3.82	3.55	3.67	4624597	17012382
2012/7/19	3.5	3.69	3.49	3.64	4196533	15199336
2012/7/18	3.57	3.59	3.45	3.54	2431838	8544547
2012/7/17	3.49	3.62	3.48	3.59	2227446	7952727.5
2012/7/16	3.69	3.69	3.48	3.5	2418058	8591336
2012/7/13	3.63	3.7	3.63	3.67	1356657	4985079.5
2012/7/12	3.58	3.67	3.58	3.65	1762988	6403786.5
2012/7/11	3.59	3.63	3.55	3.6	1715235	6150504
2012/7/10	3.65	3.67	3.55	3.58	3019294	10908371
2012/7/9	3.79	3.83	3.67	3.68	3252067	12145408
2012/7/6	3.75	3.84	3.75	3.81	3791499	14413702
2012/7/5	3.8	3.8	3.7	3.71	2524324	9434867
2012/7/4	3.8	3.85	3.77	3.82	3488356	13315981
2012/7/3	3.74	3.83	3.7	3.76	2634687	9950434
2012/7/2	3.75	3.77	3.7	3.74	2247282	8400866
2012/6/29	3.76	3.76	3.6	3.74	3939163	14508636
2012/6/28	3.76	3.92	3.75	3.77	3909995	15003663
2012/6/27	3.8	3.87	3.74	3.75	4077806	15517251
2012/6/26	4.05	4.06	3.68	3.86	9052765	34706948
2012/6/25	3.92	4.14	3.86	4.09	12339294	50013624
2012/6/21	3.91	4.1	3.9	3.96	5300258	21202776
2012/6/20	3.97	3.99	3.89	3.91	2463039	9656506
2012/6/19	3.98	4.02	3.95	3.97	1715470	6833447
2012/6/18	3.98	4.01	3.95	3.99	2013867	8029255.5
2012/6/15	4.01	4.04	3.9	3.96	4125094	16324778
2012/6/14	4.05	4.11	3.97	4.01	4577249	18557640
2012/6/13	4.04	4.08	3.99	4.06	4040446	16305496
2012/6/12	3.97	4.08	3.94	4.05	5778023	23250164
2012/6/11	3.89	4.02	3.86	3.97	3492050	13814760
2012/6/8	4.01	4.03	3.87	3.89	3910800	15462319
2012/6/7	3.95	4.05	3.88	3.9	4069864	16101486
2012/6/6	3.9	3.94	3.83	3.86	2943165	11443808
2012/6/5	3.9	3.92	3.83	3.86	3155609	12263501
2012/6/4	4.03	4.04	3.88	3.89	5017184	19920080
2012/6/1	4.09	4.14	4.06	4.08	2674059	10952886
2012/5/31	4.08	4.14	4.07	4.09	3873556	15869270
2012/5/30	4.13	4.23	4.11	4.14	5932366	24780182
2012/5/29	4.1	4.15	4.04	4.14	5897513	24259010
2012/5/28	4.1	4.13	3.95	4.12	6415198	25892882
2012/5/25	4.07	4.22	4.07	4.13	7074250	29443584
2012/5/24	4.17	4.18	4.07	4.07	5285975	21801810
2012/5/23	4.05	4.23	4.02	4.15	10129387	42142368
2012/5/22	3.95	4.08	3.94	4.05	4716794	19021610
2012/5/21	3.95	3.99	3.89	3.92	2815899	11062255
2012/5/18	4.01	4.07	3.95	3.95	4061213	16278035
2012/5/16	4.05	4.09	3.98	3.98	2754130	11114561
2012/5/15	4.08	4.11	3.98	4.07	4055524	16323878
2012/5/14	4.12	4.16	4.06	4.09	4793715	19773390
2012/5/11	4.06	4.11	4.03	4.05	2547720	10377652
2012/5/10	4.06	4.1	4.02	4.06	3300735	13425670
2012/5/9	4.1	4.11	4.05	4.07	3623291	14746032
2012/5/8	4.13	4.18	4.1	4.14	3425896	14169843
2012/5/7	4.16	4.18	4.08	4.16	5243349	21604670
2012/5/4	4.13	4.2	4.11	4.19	4761734	19792570
2012/5/3	4.18	4.22	4.07	4.16	7720966	31834220
2012/5/2	4.28	4.3	4.16	4.18	9828367	41464200
2012/4/27	4.3	4.36	4.15	4.24	9635960	40788264
2012/4/26	4.41	4.59	4.26	4.28	16550140	72799328
2012/4/25	4.24	4.56	4.14	4.4	24568491	108063232
2012/4/24	4.05	4.26	3.98	4.23	12991217	53508420
2012/4/23	4.19	4.19	4.03	4.07	11057581	45251804
2012/4/20	4.16	4.31	4.14	4.18	12639269	53404148
2012/4/19	4.28	4.28	4.12	4.18	10957942	45910552
2012/4/18	4.09	4.4	4.05	4.35	23567555	99467144
2012/4/16	4.37	4.65	4.2	4.41	30152288	133736880
2012/4/13	4.58	4.7	4.39	4.5	47234321	214645184
2012/4/12	3.92	4.28	3.9	4.28	25426952	105259536
2012/4/11	3.83	4.05	3.77	3.89	8682909	34155804
2012/4/10	3.7	3.87	3.66	3.87	5331823	20201642
2012/4/9	3.8	3.88	3.74	3.76	5203450	19789280
2012/4/6	3.56	3.95	3.56	3.83	8635330	32805540
2012/4/5	3.52	3.65	3.51	3.63	2332953	8396144
2012/3/30	3.54	3.58	3.51	3.54	1360195	4811715
2012/3/29	3.5	3.62	3.41	3.54	2786988	9856159
2012/3/28	3.69	3.77	3.56	3.57	3810904	14005227
2012/3/27	3.74	3.77	3.67	3.71	1923085	7155594.5
2012/3/26	3.66	3.78	3.65	3.73	2577772	9612486
2012/3/23	3.76	3.76	3.63	3.66	2656689	9799043
2012/3/22	3.75	3.81	3.72	3.76	2921267	11044940
2012/3/21	3.75	3.78	3.69	3.74	2198964	8185036
2012/3/20	3.75	3.84	3.7	3.73	3917296	14744511
2012/3/19	3.71	3.75	3.66	3.74	2624146	9735636
2012/3/16	3.63	3.71	3.62	3.7	2739914	10029125
2012/3/15	3.75	3.8	3.58	3.63	5640881	20624816
2012/3/14	4.04	4.08	3.73	3.77	8306560	32602440
2012/3/13	3.95	4.03	3.94	4.01	3788337	15162743
2012/3/12	3.98	4.03	3.92	3.96	3560563	14162970
2012/3/9	3.95	3.99	3.92	3.98	3605366	14264626
2012/3/8	3.9	3.99	3.9	3.94	3346078	13219668
2012/3/7	3.9	3.96	3.87	3.89	3735413	14629754
2012/3/6	4	4.02	3.92	3.94	4761554	18822358
2012/3/5	4.05	4.1	3.98	4	7189943	29045706
2012/3/2	3.91	4.1	3.89	4.06	10110747	40555072
2012/3/1	3.87	3.96	3.87	3.92	6069105	23821200
2012/2/29	3.95	3.95	3.87	3.87	7432889	29034048
2012/2/28	4.08	4.11	3.97	4.01	11049741	44461492
2012/2/27	4.1	4.24	4.1	4.12	21773319	90207952
2012/2/24	3.77	4.18	3.77	4.18	30329436	124396552
2012/2/23	3.79	3.84	3.75	3.8	4830388	18358700
2012/2/22	3.74	3.85	3.71	3.81	7341315	27925186
2012/2/21	3.7	3.74	3.62	3.73	3673731	13529971
2012/2/20	3.76	3.78	3.71	3.72	4607990	17219582
2012/2/17	3.74	3.76	3.63	3.7	3857879	14249086
2012/2/16	3.71	3.74	3.66	3.74	6451341	23898250
2012/2/15	3.68	3.72	3.61	3.71	4539577	16691061
2012/2/14	3.58	3.75	3.55	3.68	5661997	20721660
2012/2/13	3.52	3.63	3.47	3.58	4187893	14860489
2012/2/10	3.58	3.75	3.58	3.64	6507297	23938940
2012/2/9	3.55	3.69	3.53	3.57	5012971	18126124
2012/2/8	3.46	3.56	3.45	3.54	2675911	9430778
2012/2/7	3.54	3.54	3.44	3.45	2019487	7007481
2012/2/6	3.5	3.59	3.48	3.55	2766637	9805389
2012/2/3	3.55	3.68	3.52	3.55	4161992	14922102
2012/2/2	3.43	3.58	3.42	3.5	2459746	8583716
2012/2/1	3.42	3.48	3.4	3.43	1240152	4254534.5
2012/1/31	3.42	3.45	3.38	3.45	1181035	4030616.5
2012/1/30	3.49	3.49	3.42	3.42	1788473	6166245
2012/1/20	3.47	3.52	3.43	3.49	3258085	11348043
2012/1/19	3.36	3.47	3.35	3.43	2179348	7461184.5
2012/1/18	3.45	3.49	3.36	3.37	2832864	9692093
2012/1/17	3.28	3.46	3.25	3.44	3590094	12110009
2012/1/16	3.33	3.35	3.25	3.25	2712605	8930748
2012/1/13	3.52	3.54	3.33	3.36	8677432	29593722
2012/1/12	3.45	3.78	3.42	3.6	12825063	47421100
2012/1/11	3.39	3.44	3.35	3.44	2680478	9097587
2012/1/10	3.28	3.46	3.25	3.41	3027355	10180729
2012/1/9	3.15	3.28	3.1	3.28	1694943	5448802.5
2012/1/6	3.1	3.15	3.04	3.15	1354970	4195622
2012/1/5	3.15	3.19	3.1	3.1	1171256	3676969.75
2012/1/4	3.26	3.36	3.2	3.2	900250	2949261
2011/12/30	3.19	3.29	3.19	3.26	1207594	3920953.25
2011/12/29	3.19	3.24	3.19	3.19	1152629	3699508.75
2011/12/28	3.16	3.23	3.15	3.21	1034330	3293158.75
2011/12/27	3.29	3.31	3.21	3.22	949901	3092264.75
2011/12/26	3.31	3.35	3.28	3.29	1057078	3506211.25
2011/12/23	3.26	3.36	3.26	3.33	1507821	5007555.5
2011/12/22	3.4	3.4	3.16	3.28	2353115	7669254.5
2011/12/21	3.49	3.53	3.4	3.4	1327639	4603541.5
2011/12/20	3.45	3.54	3.44	3.48	1713737	6006142.5
2011/12/19	3.52	3.52	3.39	3.48	1580404	5455612
2011/12/16	3.43	3.52	3.4	3.52	1413791	4897493.5
2011/12/15	3.41	3.53	3.38	3.43	2307278	7978439.5
2011/12/14	3.53	3.57	3.45	3.45	853551	3003443.75
2011/12/13	3.68	3.68	3.5	3.53	1732465	6165557
2011/12/12	3.78	3.8	3.69	3.7	1534589	5720128
2011/12/9	3.75	3.84	3.75	3.8	1549605	5887416
2011/12/8	3.78	3.83	3.72	3.79	1282414	4851386
2011/12/7	3.78	3.8	3.73	3.78	1056394	3989423.75
2011/12/6	3.74	3.8	3.72	3.78	1054673	3973267.5
2011/12/5	3.84	3.86	3.7	3.74	1324098	4978999
2011/12/2	3.92	3.92	3.8	3.84	1624060	6251677.5
2011/12/1	3.95	4.04	3.9	3.92	3225240	12778583
2011/11/30	4.04	4.05	3.76	3.81	2711679	10528257
2011/11/29	3.99	4.05	3.98	4.03	1405940	5644330
2011/11/28	4.01	4.03	3.94	3.97	1197640	4764528
2011/11/25	4.05	4.09	3.98	4	1721086	6922406.5
2011/11/24	3.99	4.13	3.96	4.07	2231810	9043739
2011/11/23	4.15	4.16	3.99	4.07	4766605	19399216
2011/11/22	4.25	4.29	4.13	4.16	9094674	38398604
2011/11/21	4.19	4.4	4.14	4.36	7884291	33372440
2011/11/18	4.3	4.35	4.18	4.19	5280366	22731282
2011/11/17	4.33	4.36	4.23	4.35	2581175	11109350
2011/11/16	4.4	4.46	4.26	4.34	7523658	32879914
2011/11/15	4.34	4.61	4.28	4.51	18411169	81452864
2011/11/14	4.18	4.45	4.16	4.4	7912506	34036612
2011/11/11	4.14	4.28	4.12	4.16	3148539	13179223
2011/11/10	4.14	4.18	4.09	4.13	2129307	8791838
2011/11/9	4.17	4.2	4.12	4.17	1707341	7103374.5
2011/11/8	4.24	4.27	4.11	4.14	2447310	10230417
2011/11/7	4.25	4.31	4.21	4.24	2724314	11613384
2011/11/4	4.29	4.33	4.21	4.25	7250503	31028514
2011/11/3	4.08	4.43	4.08	4.33	12617656	53726464
2011/11/2	3.99	4.09	3.94	4.08	2543036	10215250
2011/11/1	4.04	4.11	4.03	4.05	2029291	8246800
2011/10/31	4.1	4.1	4.01	4.08	3366072	13673187
2011/10/28	4.08	4.28	4.06	4.14	6143893	25602220
2011/10/27	3.98	4.04	3.97	4.02	3223495	12914865
2011/10/26	3.94	4.06	3.92	3.99	3491171	14011945
2011/10/25	3.86	4.01	3.78	3.98	4793389	18790372
2011/10/24	3.9	3.94	3.64	3.91	4411232	16747496
2011/10/21	3.89	4	3.86	3.9	1943641	7638050.5
2011/10/20	4.14	4.15	3.87	3.89	3630004	14401898
2011/10/19	4.17	4.22	4.13	4.15	1415299	5893805
2011/10/18	4.33	4.35	4.16	4.16	2292800	9736106
2011/10/17	4.36	4.4	4.34	4.35	1556541	6789818.5
2011/10/14	4.33	4.39	4.31	4.38	2690143	11703504
2011/10/13	4.3	4.37	4.27	4.33	2622759	11356935
2011/10/12	4.19	4.32	4.13	4.31	3863086	16489075
2011/10/11	4.26	4.29	4.16	4.19	1262129	5326395.5
2011/10/10	4.27	4.29	4.17	4.18	1112146	4681890.5
2011/9/30	4.24	4.24	4.17	4.23	1519835	6398276.5
2011/9/29	4.4	4.43	4.16	4.21	3210471	13698935
2011/9/28	4.58	4.6	4.41	4.43	1442830	6480663.5
2011/9/27	4.56	4.63	4.5	4.53	1621453	7395829
2011/9/26	4.6	4.67	4.52	4.55	1802065	8264507
2011/9/23	4.52	4.75	4.46	4.65	2977973	13774692
2011/9/22	4.62	4.78	4.57	4.58	3210037	15024949
2011/9/21	4.56	4.68	4.55	4.66	1848204	8569962
2011/9/20	4.55	4.61	4.53	4.56	971477	4441258.5
2011/9/19	4.64	4.64	4.54	4.55	1193358	5458342.5
2011/9/16	4.68	4.71	4.63	4.64	1503542	7034601.5
2011/9/15	4.64	4.7	4.63	4.64	1495335	6972528
2011/9/14	4.56	4.64	4.55	4.64	1504398	6926945
2011/9/13	4.56	4.61	4.54	4.59	1107980	5063121.5
2011/9/9	4.65	4.71	4.62	4.63	964280	4491936.5
2011/9/8	4.78	4.78	4.65	4.65	1514450	7121458.5
2011/9/7	4.66	4.74	4.64	4.71	1529512	7166486.5
2011/9/6	4.6	4.67	4.58	4.62	1554906	7195070
2011/9/5	4.7	4.71	4.6	4.6	1813933	8426931
2011/9/2	4.8	4.82	4.67	4.72	2273690	10754991
2011/9/1	4.83	4.89	4.76	4.79	2097701	10107703
2011/8/31	4.9	4.93	4.76	4.85	3028132	14642839
2011/8/30	5	5.04	4.89	4.9	3276839	16295990
2011/8/29	4.96	5	4.9	4.96	2695642	13325295
2011/8/26	4.97	5.03	4.93	4.98	3330940	16588075
2011/8/25	4.84	4.99	4.84	4.97	4220874	20831440
2011/8/24	4.93	4.96	4.83	4.84	2307600	11280238
2011/8/23	4.79	4.91	4.77	4.9	2522254	12250997
2011/8/22	4.78	4.87	4.77	4.78	2776747	13375589
2011/8/19	4.75	4.84	4.51	4.8	3308921	15793397
2011/8/18	5	5.06	4.87	4.88	5969731	29476224
2011/8/17	4.99	5.18	4.96	5.04	8447201	43122192
2011/8/16	5.03	5.07	4.98	4.99	3897206	19557588
2011/8/15	4.99	5.04	4.92	5.02	4476200	22374498
2011/8/12	5	5.05	4.93	4.98	7743271	38632212
2011/8/11	4.61	5.17	4.52	5.04	12065851	59558580
2011/8/10	4.71	4.8	4.65	4.7	6547846	30919936
2011/8/9	4.5	4.68	4.4	4.63	6172219	28284760
2011/8/8	4.92	4.94	4.5	4.64	7039407	33317384
2011/8/5	4.99	5.04	4.92	4.99	5465450	27318274
2011/8/4	4.99	5.23	4.99	5.14	8459885	43418156
2011/8/3	4.97	5.04	4.9	4.99	3585544	17870028
2011/8/2	5.02	5.04	4.92	4.98	3350827	16614876
2011/8/1	4.99	5.06	4.96	5.05	3070011	15427369
2011/7/29	5.03	5.08	4.96	5.01	4024750	20192996
2011/7/28	4.99	5.09	4.96	5.04	3456347	17353076
2011/7/27	5	5.06	4.94	5.03	3746343	18779882
2011/7/26	4.91	5.01	4.91	5	3898725	19383060
2011/7/25	5.28	5.28	4.91	4.95	8540561	43234568
2011/7/22	5.27	5.34	5.26	5.28	4678426	24795318
2011/7/21	5.33	5.36	5.26	5.27	4676892	24805686
2011/7/20	5.39	5.41	5.28	5.32	4703987	25083632
2011/7/19	5.42	5.43	5.3	5.35	6443582	34531252
2011/7/18	5.34	5.45	5.3	5.43	7760926	41911172
2011/7/15	5.4	5.45	5.33	5.36	9306876	50027080
2011/7/14	5.39	5.49	5.37	5.49	8655182	46909496
2011/7/13	5.3	5.41	5.29	5.39	6991960	37532360
2011/7/12	5.41	5.43	5.26	5.28	9937026	53099284
2011/7/11	5.44	5.52	5.39	5.48	7980063	43688848
2011/7/8	5.48	5.55	5.38	5.46	10334208	56326852
2011/7/7	5.48	5.61	5.43	5.48	16287114	89448888
2011/7/6	5.8	5.88	5.51	5.54	37148643	210894976
2011/7/5	5.18	5.69	5.14	5.69	16063222	89717664
2011/7/4	5.1	5.23	5.09	5.17	11231873	57957600
2011/7/1	5.08	5.18	5.03	5.09	12178975	62196880
2011/6/30	4.96	5.18	4.94	5.12	14271876	72193792
2011/6/28	5.08	5.09	4.97	5.05	9158955	46119780
2011/6/27	5.03	5.11	4.98	5.07	11034475	55768220
2011/6/24	5.08	5.15	4.98	5.06	16882837	85608152
2011/6/23	4.84	5.03	4.8	4.99	12321700	60989764
2011/6/22	4.93	4.93	4.83	4.86	5485752	26711528
2011/6/21	4.79	5	4.75	4.93	9488990	46397260
2011/6/20	4.78	4.86	4.72	4.77	5405035	25848596
2011/6/17	4.79	4.87	4.77	4.78	4835181	23293678
2011/6/16	4.89	4.92	4.78	4.81	8481656	41153092
2011/6/15	4.99	5.07	4.94	4.96	8533764	42662920
2011/6/14	4.88	5.14	4.87	5.03	12250612	61900588
2011/6/13	4.94	4.95	4.8	4.89	5687576	27712920
2011/6/10	4.89	5.03	4.85	4.98	9051702	44727980
2011/6/9	5.09	5.12	4.9	4.9	12833203	64275252
2011/6/8	5.01	5.15	4.9	5.14	15748310	79446688
2011/6/7	4.93	5.19	4.85	5.06	15961869	80372248
2011/6/3	4.81	5.04	4.81	4.94	11293855	55828408
2011/6/2	4.92	4.97	4.73	4.83	11627375	56437712
2011/6/1	4.84	5.07	4.82	5.04	15550828	76684800
2011/5/31	4.75	4.94	4.7	4.9	14239026	68808848
2011/5/30	5	5.05	4.7	4.75	20520241	99455192
2011/5/27	5.68	5.74	5.22	5.22	25133929	134579680
2011/5/26	5.78	5.94	5.65	5.8	29864108	173680864
2011/5/25	5.63	5.85	5.58	5.78	27595836	157543888
2011/5/24	6.03	6.06	5.55	5.74	30035548	173260304
2011/5/23	5.99	6.15	5.86	6.03	40259332	242066656
2011/5/20	6.06	6.15	5.75	6	34448954	204239488
2011/5/19	6.11	6.45	6	6.17	43102176	264906432
2011/5/18	6.3	6.32	6.02	6.2	62204386	382504096
2011/5/17	5.7	6.12	5.7	6.12	69581185	420433056
2011/5/16	5.05	5.56	5.02	5.56	23728374	129198424
2011/5/13	4.96	5.06	4.91	5.05	4083811	20500512
2011/5/12	5.01	5.1	4.93	4.97	6052372	30452536
2011/5/11	5	5.16	4.9	5.09	9773236	49331196
2011/5/10	4.99	5	4.9	5	2468292	12235588
2011/5/9	4.98	5.01	4.95	4.99	1896641	9441382
2011/5/6	4.94	5	4.91	4.97	2379866	11791289
2011/5/5	4.9	5.03	4.88	4.97	2737317	13572345
2011/5/4	5.04	5.04	4.86	4.87	3645462	18033182
2011/5/3	4.99	5.06	4.94	5.05	3019300	15078633
2011/4/29	4.93	4.99	4.91	4.97	3374943	16723997
2011/4/28	5.08	5.1	4.88	4.93	4087737	20371890
2011/4/27	5.13	5.21	5	5.06	4728259	24198858
2011/4/26	5.18	5.24	5.09	5.13	5246229	27002604
2011/4/25	5.3	5.36	5.13	5.21	7177053	37651176
2011/4/22	5.4	5.44	5.28	5.29	9182712	49022724
2011/4/21	5.48	5.5	5.37	5.45	6351155	34434268
2011/4/20	5.48	5.59	5.39	5.42	11363168	62493644
2011/4/19	5.47	5.5	5.33	5.44	8420737	45633468
2011/4/18	5.4	5.52	5.37	5.52	11575241	63346968
2011/4/15	5.33	5.43	5.29	5.42	7971394	42752172
2011/4/14	5.45	5.45	5.32	5.33	6665894	35742048
2011/4/13	5.36	5.49	5.3	5.45	9315654	50356320
2011/4/12	5.28	5.43	5.24	5.4	10267522	54863164
2011/4/11	5.36	5.41	5.28	5.29	7176800	38453104
2011/4/8	5.3	5.37	5.27	5.36	5883279	31254776
2011/4/7	5.33	5.4	5.27	5.31	7988865	42664156
2011/4/6	5.19	5.44	5.16	5.36	10577881	56242508
2011/4/1	5.12	5.24	5.11	5.22	3759706	19538448
2011/3/31	5.17	5.26	5.11	5.12	3611701	18683074
2011/3/30	5.25	5.28	5.16	5.17	5070320	26435802
2011/3/29	5.24	5.4	5.21	5.28	9995098	53086784
2011/3/28	5.27	5.35	5.21	5.25	5639259	29828918
2011/3/25	5.2	5.33	5.19	5.27	7504232	39521412
2011/3/24	5.26	5.3	5.19	5.19	4658935	24333508
2011/3/23	5.14	5.28	5.1	5.26	8799909	46033716
2011/3/22	5.15	5.2	5.04	5.15	2946834	15047490
2011/3/21	5.12	5.28	5.1	5.14	4098072	21144576
2011/3/18	5.06	5.22	5.06	5.13	6052351	31140152
2011/3/17	5.05	5.13	5.02	5.05	4649485	23551624
2011/3/16	5.04	5.11	5.01	5.09	5678340	28758416
2011/3/15	5.15	5.16	4.95	5.06	6401998	32174474
2011/3/14	5.2	5.2	5.09	5.15	5668161	29160070
2011/3/11	5.27	5.32	5.18	5.22	8977930	47181720
2011/3/10	5.22	5.56	5.16	5.36	16190316	86738992
2011/3/9	5.27	5.3	5.19	5.26	5022213	26277042
2011/3/8	5.26	5.32	5.19	5.27	5443818	28589368
2011/3/7	5.14	5.38	5.14	5.26	13319690	70331800
2011/3/4	5.05	5.18	5.02	5.13	5934509	30292114
2011/3/3	5.09	5.13	5.02	5.03	4145125	21055490
2011/3/2	5.09	5.17	4.97	5.12	6286974	31722956
2011/3/1	5.06	5.22	5.02	5.1	9368899	47987756
2011/2/28	5.04	5.09	5.01	5.04	4899460	24757466
2011/2/25	5.11	5.13	4.99	5.04	7239280	36477884
2011/2/24	5.03	5.3	5.03	5.14	13155156	67870112
2011/2/23	5	5.08	4.91	5.08	9155800	45856284
2011/2/22	4.99	5.08	4.88	5	12649425	63291648
2011/2/21	4.88	5	4.86	4.98	5855935	28945190
2011/2/18	4.89	4.98	4.86	4.9	4064014	19991958
2011/2/17	4.92	4.95	4.83	4.9	3703850	18107194
2011/2/16	4.88	4.95	4.83	4.95	5202135	25395122
2011/2/15	4.93	4.97	4.89	4.91	6314613	31132714
2011/2/14	4.79	4.94	4.79	4.92	7316473	35739852
2011/2/11	4.74	4.93	4.72	4.89	7950921	38491380
2011/2/10	4.65	4.75	4.63	4.74	3068099	14441338
2011/2/9	4.65	4.7	4.62	4.65	1889731	8806527
2011/2/1	4.65	4.7	4.63	4.7	3121744	14583681
2011/1/31	4.64	4.67	4.59	4.66	3352638	15531660
2011/1/28	4.62	4.72	4.62	4.65	3122097	14528849
2011/1/27	4.6	4.65	4.5	4.64	3510952	16137563
2011/1/26	4.63	4.67	4.59	4.66	1968890	9120612
2011/1/25	4.63	4.69	4.6	4.63	1560748	7236593
2011/1/24	4.62	4.72	4.59	4.65	1722813	8004066.5
2011/1/21	4.55	4.81	4.54	4.67	3058026	14300747
2011/1/20	4.7	4.7	4.55	4.58	2465169	11399591
2011/1/19	4.65	4.73	4.61	4.71	2268888	10598235
2011/1/18	4.61	4.71	4.61	4.63	2698102	12567334
2011/1/17	4.87	4.87	4.61	4.64	4073394	19139924
2011/1/14	4.91	4.98	4.84	4.89	2960188	14498693
2011/1/13	5.02	5.05	4.93	4.94	3026864	15067901
2011/1/12	4.95	5.09	4.93	5.02	6367301	31936274
2011/1/11	4.84	5.04	4.81	4.99	6757460	33519952
2011/1/10	4.93	5.04	4.82	4.83	5341028	26286484
2011/1/7	4.81	5.19	4.81	4.95	12081436	60769688
2011/1/6	4.83	4.88	4.78	4.85	3530167	17032798
2011/1/5	4.82	4.9	4.77	4.83	3544322	17139896
2011/1/4	4.74	4.92	4.68	4.84	5828772	28189790
2010/12/31	4.6	4.71	4.6	4.7	2515965	11739624
2010/12/30	4.7	4.72	4.52	4.63	3882085	17953730
2010/12/29	4.65	4.73	4.62	4.72	2775658	12991133
2010/12/28	4.88	4.91	4.63	4.64	8219148	39179924
2010/12/27	5.13	5.15	4.92	4.95	11047521	55626496
2010/12/24	4.93	5.36	4.88	5.15	19244154	100080696
2010/12/23	4.93	5.06	4.92	4.95	4283836	21424058
2010/12/22	5.07	5.12	4.94	4.97	5161480	25983938
2010/12/21	4.89	5.15	4.89	5.08	8463394	42744448
2010/12/20	4.96	5.02	4.79	4.88	3265371	15943087
2010/12/17	5.01	5.02	4.95	4.96	2655657	13225054
2010/12/16	4.97	5.08	4.96	5.03	4279620	21540288
2010/12/15	4.99	5.02	4.94	4.98	3456367	17199010
2010/12/14	4.98	5.09	4.91	5.02	5312107	26556638
2010/12/13	4.9	4.99	4.85	4.98	4440226	21849614
2010/12/10	4.81	4.9	4.81	4.89	2266490	11017545
2010/12/9	4.98	4.98	4.83	4.85	5339894	26115288
2010/12/8	5.1	5.15	5	5.03	8667432	43804492
2010/12/7	4.95	5.36	4.92	5.19	17063427	88890240
2010/12/6	4.95	5.04	4.9	4.96	3707288	18405036
2010/12/3	4.88	4.99	4.84	4.96	4478263	22073690
2010/12/2	4.9	4.96	4.85	4.88	3439614	16828470
2010/12/1	4.78	4.93	4.76	4.85	2252087	10923020
2010/11/30	4.95	4.99	4.67	4.81	4940327	23748514
2010/11/29	4.96	5.02	4.9	4.94	2746317	13625266
2010/11/26	5.08	5.08	4.91	4.98	4629262	23102006
2010/11/25	4.93	5.18	4.89	5.11	8368585	42433872
2010/11/24	4.84	4.93	4.8	4.93	3061335	14974829
2010/11/23	5	5	4.82	4.86	3326100	16265509
2010/11/22	4.95	5.05	4.9	5	5314498	26418996
2010/11/19	4.95	4.98	4.84	4.98	4347530	21345928
2010/11/18	4.95	5.01	4.85	4.95	4104029	20256544
2010/11/17	4.91	5.08	4.89	4.91	5726618	28489442
2010/11/16	5.18	5.18	4.8	4.9	6164107	31091436
2010/11/15	5.14	5.24	5.07	5.19	5257964	27066392
2010/11/12	5.6	5.6	5.1	5.11	11382403	61087948
2010/11/11	5.59	5.71	5.58	5.6	9231765	52214016
2010/11/10	5.78	5.78	5.6	5.64	9813868	55385956
2010/11/9	5.83	5.89	5.67	5.78	13351911	77034960
2010/11/8	5.74	5.85	5.72	5.85	18378157	106570240
2010/11/5	5.65	5.79	5.58	5.74	16706320	95060800
2010/11/4	5.57	5.69	5.54	5.65	11570701	64951020
2010/11/3	5.62	5.67	5.53	5.58	7340172	41038440
2010/11/2	5.6	5.75	5.5	5.66	16619840	93659944
2010/11/1	5.71	5.74	5.53	5.62	14707915	82543456
2010/10/29	5.71	5.78	5.5	5.61	12812093	71802248
2010/10/28	5.51	5.63	5.48	5.61	8710612	48403436
2010/10/27	5.49	5.64	5.44	5.5	10403477	57835212
2010/10/26	5.41	5.52	5.38	5.48	8193284	44677800
2010/10/25	5.33	5.43	5.32	5.4	6504813	35043396
2010/10/22	5.29	5.39	5.29	5.35	4407626	23528568
2010/10/21	5.37	5.37	5.26	5.3	5294679	28093500
2010/10/20	5.4	5.45	5.27	5.35	10667924	56959056
2010/10/19	5.55	5.59	5.43	5.59	7046458	38818260
2010/10/18	5.54	5.67	5.45	5.58	10748772	59908316
2010/10/14	5.62	5.64	5.4	5.4	8154047	44981696
2010/10/13	5.39	5.73	5.38	5.63	12928336	72554792
2010/10/12	5.41	5.49	5.36	5.4	6027531	32631150
2010/10/11	5.38	5.53	5.35	5.46	7634533	41535032
2010/10/8	5.29	5.42	5.2	5.34	6290170	33394506
2010/9/30	5.14	5.37	5.06	5.3	6015941	31775872
2010/9/29	5.18	5.25	5.15	5.15	3308369	17170912
2010/9/28	5.29	5.29	5.17	5.17	3559800	18609314
2010/9/27	5.26	5.33	5.18	5.3	3771630	19852434
2010/9/21	5.34	5.34	5.23	5.25	2893765	15236203
2010/9/20	5.46	5.52	5.26	5.27	4524522	24292492
2010/9/17	5.41	5.62	5.35	5.48	6297908	34542528
2010/9/16	5.55	5.65	5.34	5.41	6321678	34637416
2010/9/15	5.62	5.64	5.52	5.55	4177253	23271612
2010/9/14	5.73	5.79	5.59	5.62	4990278	28185312
2010/9/13	5.53	5.78	5.5	5.69	6323558	35821504
2010/9/10	5.63	5.65	5.42	5.53	6025869	33340862
2010/9/9	5.77	5.82	5.57	5.63	9340626	53159196
2010/9/8	5.88	5.88	5.72	5.76	6917408	39872152
2010/9/7	5.94	5.94	5.82	5.88	6208915	36425584
2010/9/6	5.88	5.97	5.81	5.92	10914428	64395792
2010/9/3	5.76	5.85	5.71	5.84	8636322	50030172
2010/9/2	5.81	5.85	5.73	5.77	7817832	45172288
2010/9/1	5.76	5.88	5.7	5.81	9768173	56614660
2010/8/31	5.8	5.84	5.69	5.79	8408446	48364140
2010/8/30	5.84	5.88	5.75	5.84	7553540	43980488
2010/8/27	5.8	5.85	5.72	5.78	4706696	27222660
2010/8/26	5.79	5.87	5.71	5.76	6301056	36449780
2010/8/25	6.02	6.07	5.75	5.8	12246855	72436592
2010/8/24	6.14	6.27	5.87	6.11	17001770	102960128
2010/8/23	6.25	6.51	6	6.12	23390890	145353600
2010/8/20	5.9	6.28	5.82	6.12	30370360	185277248
2010/8/19	5.9	5.96	5.81	5.93	8606570	50831072
2010/8/18	5.7	5.99	5.7	5.87	9143058	53661808
2010/8/17	5.86	6.05	5.82	5.93	12553421	74460376
2010/8/16	5.73	5.87	5.67	5.84	8701681	50562928
2010/8/13	5.61	5.79	5.53	5.75	7776511	44235672
2010/8/12	5.61	5.85	5.59	5.66	8823750	50797668
2010/8/11	5.57	5.73	5.55	5.7	5985936	33872132
2010/8/10	5.82	5.9	5.58	5.6	8580434	49291516
2010/8/9	5.77	5.9	5.72	5.86	8433988	49151132
2010/8/6	5.73	5.83	5.55	5.79	11531114	65840900
2010/8/5	5.85	5.95	5.8	5.84	7359732	43216676
2010/8/4	5.8	5.91	5.73	5.89	9810181	57085588
2010/8/3	6	6.1	5.85	5.85	15005490	89574128
2010/8/2	5.83	6.29	5.76	6.06	22060133	132546312
2010/7/30	5.82	5.94	5.7	5.85	14183399	82816096
2010/7/29	5.94	6.16	5.83	5.91	36376735	218213536
2010/7/28	5.39	5.94	5.3	5.94	29107382	168367040
2010/7/27	5.5	5.53	5.4	5.4	12051231	65706948
2010/7/26	5.45	5.72	5.38	5.55	17747681	98780584
2010/7/23	5.4	5.55	5.24	5.47	17581493	94746376
2010/7/22	5.28	5.42	5.25	5.41	13611892	72948728
2010/7/21	5.18	5.44	5.13	5.34	15510588	81700064
2010/7/20	5.07	5.39	5.03	5.19	12763762	66474928
2010/7/19	4.9	5.09	4.88	5.05	8514429	42864048
2010/7/16	4.8	5.01	4.78	5	7267755	35474868
2010/7/15	4.98	5.11	4.85	4.87	8617809	42847548
2010/7/14	4.95	5.18	4.95	5.03	11276903	57131800
2010/7/13	5.1	5.13	4.82	4.94	15479945	77175856
2010/7/12	5.23	5.49	5.17	5.29	20671858	110313424
2010/7/9	5.3	5.36	5.16	5.28	28503212	150129984
2010/7/8	5.1	5.1	5.1	5.1	6938972	35388756
2010/7/7	4.5	4.68	4.5	4.64	4863686	22393858
2010/7/6	4.43	4.58	4.38	4.54	3972411	17960570
2010/7/5	4.47	4.56	4.39	4.46	3556975	15866104
2010/7/2	4.47	4.69	4.13	4.58	6391545	28487906
2010/7/1	4.44	4.53	4.41	4.43	3614791	16148160
2010/6/30	4.49	4.54	4.41	4.43	3832818	17093788
2010/6/29	5.01	5.04	4.56	4.57	10224143	47998704
2010/6/25	5.14	5.18	4.98	5.07	5285112	26715432
2010/6/24	5.13	5.25	5.1	5.18	4101347	21250654
2010/6/23	5.21	5.28	5.08	5.17	6373340	32972682
2010/6/22	5.2	5.31	5.16	5.24	7432721	38943036
2010/6/21	5.06	5.35	4.98	5.28	13103595	68213424
2010/6/18	5.13	5.25	5.01	5.06	8107535	41538968
2010/6/17	5.13	5.23	5.11	5.16	8533352	44198944
2010/6/11	5.18	5.22	5.07	5.13	7855442	40269468
2010/6/10	5.2	5.3	5.12	5.19	21593072	112647720
2010/6/9	4.73	5.2	4.67	5.2	18517346	93627152
2010/6/8	4.69	4.79	4.61	4.73	3226181	15227723
2010/6/7	4.67	4.77	4.64	4.72	3700016	17412750
2010/6/4	4.71	4.84	4.61	4.84	5689057	27044930
2010/6/3	4.85	4.9	4.73	4.73	5762625	27762632
2010/6/2	4.67	4.81	4.6	4.79	4959203	23435846
2010/6/1	4.73	4.77	4.55	4.68	6472211	30164208
2010/5/31	5.02	5.14	4.84	4.84	9804219	49475284
2010/5/28	5	5.08	4.89	5	6048971	30075198
2010/5/27	4.84	5.1	4.79	4.99	8289498	41125836
2010/5/26	4.83	4.96	4.83	4.89	5259184	25772940
2010/5/25	4.85	4.94	4.8	4.87	8248834	40180860
2010/5/24	4.85	5.06	4.85	5.01	12861233	64203096
2010/5/21	4.44	4.76	4.38	4.7	7352856	34027416
2010/5/20	4.65	4.75	4.56	4.57	4042307	18782486
2010/5/19	4.78	4.84	4.6	4.69	6034047	28429212
2010/5/18	4.62	4.89	4.52	4.8	8999167	42460412
2010/5/17	5.04	5.04	4.61	4.61	7916393	38086812
2010/5/14	5.2	5.22	5.02	5.12	6560324	33622464
2010/5/13	5.26	5.27	5.07	5.21	7307898	37919832
2010/5/12	5.19	5.35	5.07	5.28	9849522	51404928
2010/5/11	5.43	5.47	5.14	5.21	4981148	26296858
2010/5/10	5.27	5.4	5.21	5.32	4837746	25697592
2010/5/7	5.4	5.47	5.1	5.26	6341393	33741708
2010/5/6	5.97	5.97	5.5	5.5	11736635	67523480
2010/5/5	5.87	6.2	5.75	6.06	19821007	118867792
2010/5/4	5.89	6.07	5.79	5.87	3780576	22395542
2010/4/30	5.93	6.04	5.74	6	6299631	37130796
2010/4/29	5.97	6.14	5.85	5.85	4155823	24965084
2010/4/28	5.86	6.09	5.81	5.97	4528029	27066328
2010/4/27	6.23	6.23	5.8	5.92	8042580	47758896
2010/4/26	6.29	6.43	6.19	6.22	5663366	35627664
2010/4/23	6.33	6.38	6.21	6.3	8406206	53178420
2010/4/22	6.55	6.6	6.3	6.3	13213309	84329192
2010/4/21	6.4	6.68	6.31	6.63	9553437	62232360
2010/4/20	6.56	6.56	6.25	6.41	8273497	52773552
2010/4/19	6.85	6.95	6.39	6.64	20585462	136983360
2010/4/16	7.25	7.4	7.03	7.1	42085187	302193024
2010/4/15	6.9	7.23	6.81	7.23	39524009	280213440
2010/4/14	6.67	7.03	6.63	6.99	13173538	89861024
2010/4/13	6.74	6.79	6.51	6.67	7760964	51746920
2010/4/12	6.92	6.98	6.67	6.74	12243661	82867840
2010/4/9	7	7.01	6.84	6.93	8426152	58396332
2010/4/8	7.07	7.24	6.98	7	19505707	138708000
2010/4/7	7.03	7.12	6.88	7.1	16610905	116599768
2010/4/6	6.91	7.1	6.78	7.08	11799603	81469360
2010/4/2	6.88	7.01	6.86	6.92	8902975	61713616
2010/4/1	6.72	6.95	6.7	6.91	12689169	87228072
2010/3/31	6.78	6.85	6.68	6.72	6267634	42381432
2010/3/30	6.76	6.84	6.73	6.77	4856027	32904970
2010/3/29	6.7	6.8	6.7	6.78	5942515	40127404
2010/3/26	6.66	6.76	6.6	6.68	4997098	33438942
2010/3/25	6.82	6.85	6.6	6.64	8911827	59499624
2010/3/24	6.91	6.96	6.82	6.87	6229361	42844780
2010/3/23	6.9	7.06	6.81	6.93	9080030	62952248
2010/3/22	6.96	6.99	6.83	6.89	8439686	58136404
2010/3/19	7	7.13	6.93	6.99	11410596	80103320
2010/3/18	6.96	7.06	6.85	7	14815030	103471184
2010/3/17	6.82	7	6.8	6.95	19870599	137801856
2010/3/16	6.43	6.98	6.41	6.88	13385323	89761128
2010/3/15	6.58	6.63	6.38	6.41	6331754	40931076
2010/3/12	6.76	6.87	6.62	6.64	7984380	53547024
2010/3/11	6.7	6.98	6.68	6.81	7913257	53858712
2010/3/10	6.83	6.88	6.66	6.72	8206561	55415632
2010/3/9	6.7	7	6.63	6.89	14457300	99403824
2010/3/8	6.9	7.05	6.75	6.82	9182795	62912076
2010/3/5	6.8	6.9	6.58	6.69	12120882	81000560
2010/3/4	7.01	7.36	6.75	6.83	22863999	161965152
2010/3/3	7	7.05	6.85	6.91	17707738	122379104
2010/3/2	6.71	7.3	6.62	7.12	33694367	234277376
2010/3/1	6.89	6.97	6.75	6.78	16473357	112548064
2010/2/26	6.66	6.88	6.6	6.8	15775969	105838240
2010/2/25	6.5	6.95	6.47	6.75	20890842	139221104
2010/2/24	6.24	6.47	6.15	6.43	10496865	67108344
2010/2/23	6.34	6.34	6.09	6.28	5196021	32266834
2010/2/22	6.31	6.38	6.25	6.32	4312319	27240520
2010/2/12	6.33	6.36	6.28	6.33	3472758	22001088
2010/2/11	6.26	6.38	6.25	6.3	4562177	28833918
2010/2/10	6.3	6.33	6.22	6.29	3672476	23051364
2010/2/9	6.27	6.29	6.2	6.24	3827884	23879560
2010/2/8	6.26	6.33	6.21	6.27	4043214	25305454
2010/2/5	6.39	6.46	6.2	6.26	12627667	79642688
2010/2/4	6.5	6.84	6.34	6.6	17955594	118680232
2010/2/3	6.39	6.54	6.11	6.51	11857221	75213696
2010/2/2	6.6	6.64	6.35	6.35	9804073	64052084
2010/2/1	6.37	6.6	6.22	6.49	8851012	56568028
2010/1/29	6.22	6.45	6.22	6.37	7387270	46922492
2010/1/28	6.34	6.36	6.09	6.32	7831422	48901564
2010/1/27	6.5	6.51	6.3	6.35	8899228	56949960
2010/1/26	6.69	6.76	6.24	6.29	12659100	81287016
2010/1/25	7.05	7.09	6.67	6.74	16161835	110608528
2010/1/22	7.6	7.65	7.02	7.24	26104319	190435424
2010/1/21	7.31	7.86	7.21	7.8	51652750	393547296
2010/1/20	7.18	7.4	7.06	7.4	32574601	236839376
2010/1/19	7.17	7.26	7.08	7.18	13860946	99264920
2010/1/18	7.08	7.2	6.99	7.18	13026320	92993720
2010/1/15	7.02	7.18	6.98	7.09	9144973	64829384
2010/1/14	6.85	7.03	6.81	6.98	9018377	62391452
2010/1/13	7.18	7.19	6.86	6.87	17978608	126030888
2010/1/12	7.2	7.43	7.18	7.3	20848752	152523072
2010/1/11	7.26	7.44	7.02	7.21	22092188	159423248
2010/1/8	7	7.3	6.9	7.26	19012099	136530784
2010/1/7	7.02	7.26	6.87	7.05	13009249	92013888
2010/1/6	7.06	7.25	6.99	7.09	10487315	74840712
2010/1/5	7.09	7.15	6.92	7.05	11600473	81468936
2010/1/4	7.21	7.26	7.1	7.18	8004561	57360944
2009/12/31	7.21	7.29	7.08	7.18	10758308	77023536
2009/12/30	7.07	7.28	6.97	7.26	14105045	101100192
2009/12/29	7.18	7.2	6.95	7.07	9956763	70321696
2009/12/28	7.03	7.26	7	7.22	11405766	81860936
2009/12/25	6.94	7.29	6.89	7.14	16211637	115174424
2009/12/24	6.79	7.07	6.66	6.95	14079634	97163168
2009/12/23	6.75	6.9	6.68	6.81	8087604	54875672
2009/12/22	7	7.01	6.6	6.77	11766735	80004936
2009/12/21	6.71	7.4	6.63	7.08	18178797	128298424
2009/12/18	7.08	7.08	6.65	6.76	14467343	99021480
2009/12/17	7.47	7.53	7.18	7.18	9094754	66413512
2009/12/16	7.41	7.6	7.35	7.5	11889533	89228776
2009/12/15	7.44	7.55	7.35	7.45	9493470	70695656
2009/12/14	7.48	7.59	7.26	7.45	8795526	64995720
2009/12/11	7.68	7.71	7.5	7.53	8862268	67128888
2009/12/10	7.6	7.74	7.58	7.64	7784067	59528804
2009/12/9	7.72	7.74	7.52	7.56	11117101	84650216
2009/12/8	7.82	7.95	7.74	7.8	20858375	163756944
2009/12/7	7.65	7.8	7.56	7.77	14733751	113144520
2009/12/4	7.7	7.86	7.3	7.62	23926006	181717920
2009/12/3	7.9	7.9	7.65	7.76	24843354	192343264
2009/12/2	7.92	8.1	7.77	7.91	34300502	271854560
2009/12/1	7.75	8.07	7.5	7.9	35471033	277007776
2009/11/30	7.6	7.83	7.48	7.83	36516729	280200096
2009/11/27	8.25	8.36	7.83	7.83	71011823	560604352
2009/11/26	8.26	9.11	8.21	8.7	119280287	1066128320
2009/11/25	8	8.45	7.76	8.28	33505947	270648480
2009/11/24	8.42	8.84	8	8.1	47364515	402282048
2009/11/23	8.29	8.42	8.21	8.42	26945042	223885136
2009/11/20	8.45	8.84	8.38	8.39	44823527	384568832
2009/11/19	8.36	8.99	8.28	8.64	63609431	548055808
2009/11/18	8.26	8.65	8.12	8.47	47305762	396093312
2009/11/17	8.1	8.31	7.95	8.24	33225352	271058272
2009/11/16	8.3	8.65	8.2	8.24	60562744	507631200
2009/11/13	8.03	8.35	8.01	8.3	42273252	346872640
2009/11/12	8.05	8.15	7.86	8.06	30406644	243393264
2009/11/11	8.01	8.09	7.8	8.06	35977314	286935328
2009/11/10	8.22	8.49	8.15	8.19	55718987	460582624
2009/11/9	8.24	8.3	7.95	8.16	34414480	278923552
2009/11/6	8.3	8.5	8.18	8.32	41077123	341824096
2009/11/4	8.3	8.4	8.04	8.28	54039695	442911168
2009/11/3	8.11	8.48	8	8.4	75448065	624191872
2009/11/2	7.88	8.3	7.88	8.19	88092852	706906240
2009/10/21	7.9	8.75	7.84	8.75	66178227	556379840
2009/10/20	7.88	8.2	7.58	7.95	74050922	581998912
2009/10/19	6.83	7.5	6.73	7.5	53018346	378499968
2009/10/15	6.55	6.82	6.4	6.82	84297793	563706240
2009/10/14	5.86	6.2	5.8	6.2	25633732	156783440
2009/10/13	5.13	5.64	5.11	5.64	10639331	58841356
2009/10/12	5.08	5.24	5.05	5.13	5143832	26552878
2009/10/9	4.94	5.08	4.9	5.06	2953376	14849410
2009/9/30	4.84	4.94	4.8	4.86	2943939	14436655
2009/9/29	4.92	4.97	4.6	4.79	2684462	12836039
2009/9/28	5.02	5.12	4.87	4.91	2769697	13878085
2009/9/25	5.05	5.08	4.93	4.99	2528332	12645697
2009/9/24	5.03	5.14	4.85	5.06	4159935	20842070
2009/9/23	5.12	5.24	4.97	5.01	4567002	23304428
2009/9/21	5.28	5.33	5.1	5.31	4638284	24239182
2009/9/18	5.6	5.68	5.23	5.31	10445251	57537688
2009/9/17	5.49	5.66	5.48	5.59	7792406	43463872
2009/9/16	5.57	5.61	5.38	5.49	7733593	42504884
2009/9/15	5.56	5.69	5.47	5.61	11718714	65505056
2009/9/14	5.39	5.64	5.38	5.57	12294265	68091112
2009/9/11	5.24	5.54	5.2	5.39	9705592	52122988
2009/9/10	5.25	5.38	5.18	5.25	6147071	32564766
2009/9/9	5.36	5.38	5.17	5.27	7899820	41509104
2009/9/8	5.2	5.36	5.14	5.36	10110537	53404688
2009/9/7	5.26	5.29	5.14	5.21	7491598	39177668
2009/9/4	5.27	5.32	5.13	5.23	7750820	40527836
2009/9/3	4.95	5.29	4.94	5.26	8830221	45702936
2009/9/2	4.87	5.08	4.83	4.95	4395916	21818784
2009/9/1	4.74	5.27	4.74	5.03	10612446	52946144
2009/8/28	5.15	5.35	5.11	5.23	16165705	84926928
2009/8/27	5.03	5.15	4.96	5.15	8468909	43012740
2009/8/26	4.84	5.08	4.77	5.06	6791341	34014784
2009/8/25	5.05	5.05	4.7	4.84	5272711	25472532
2009/8/24	5.01	5.08	4.95	5.04	5042432	25289220
2009/8/21	4.86	5	4.8	4.98	5921652	29189126
2009/8/20	4.69	4.86	4.67	4.84	5502660	26225636
2009/8/19	5.12	5.14	4.6	4.69	5897953	28766768
2009/8/18	5	5.14	4.9	5.09	5498371	27717888
2009/8/17	5.52	5.52	5.05	5.05	7706543	40178216
2009/8/14	5.82	5.92	5.61	5.61	5782811	33180806
2009/8/13	5.77	5.88	5.64	5.84	5891926	34105336
2009/8/12	6	6.04	5.78	5.78	6131769	36310860
2009/8/11	6	6.09	5.94	6.04	5442912	32768738
2009/8/10	6.1	6.2	5.88	5.95	9214054	55431032
2009/8/7	6.48	6.54	6.01	6.05	22136905	139100912
2009/8/6	6.3	6.65	6.08	6.43	29562688	190207600
2009/8/5	6.14	6.45	6.03	6.4	19564071	121844968
2009/8/4	6.17	6.26	6.08	6.16	11041596	68079008
2009/8/3	6.14	6.18	6.01	6.13	10793560	65750236
2009/7/31	6	6.15	5.86	6.14	13171233	79630312
2009/7/30	5.99	6.18	5.61	5.98	13510864	79610120
2009/7/29	6.55	6.55	5.94	6	19342316	120527568
2009/7/28	6.44	6.67	6.3	6.6	20799653	134830032
2009/7/27	6.43	6.53	6.29	6.45	15117482	96506640
2009/7/24	6.69	6.69	6.31	6.48	22585892	146474368
2009/7/23	6.36	6.95	6.35	6.69	40479280	269478624
2009/7/22	6.14	6.33	6.1	6.33	24878081	155196672
2009/7/21	6.14	6.3	6.05	6.14	26282157	163095984
2009/7/20	6.11	6.11	6	6.11	14095017	85289424
2009/7/17	6.17	6.18	6.06	6.11	10695213	65335316
2009/7/16	6.1	6.3	6.05	6.17	22920578	141701600
2009/7/15	6.15	6.17	6.06	6.09	11760584	71563416
2009/7/14	6.05	6.13	6.03	6.13	12205341	74263960
2009/7/13	6.13	6.15	6.03	6.05	11927450	72395040
2009/7/10	6.08	6.25	6.01	6.13	15670162	96056032
2009/7/9	6.15	6.15	6	6.09	11193642	67889448
2009/7/8	5.96	6.22	5.91	6.15	16063297	97379384
2009/7/7	6.18	6.2	6	6.02	17003074	102718760
2009/7/6	6.29	6.5	6.15	6.17	25361859	158353296
2009/7/3	6	6.5	5.9	6.3	42239674	263460320
2009/7/2	5.95	6.26	5.75	6.19	61668029	370581344
2009/7/1	5.16	5.69	5.14	5.69	28387926	157671200
2009/6/30	5.33	5.33	5.16	5.17	13708098	71601080
2009/6/29	5.13	5.54	5.09	5.36	30266604	161237120
2009/6/25	5.11	5.19	5.05	5.07	10738577	54961284
2009/6/24	5.07	5.14	5.04	5.1	7874990	40034124
2009/6/23	5.02	5.14	5.01	5.08	5992941	30365268
2009/6/22	5.26	5.26	5.05	5.08	11529220	59171180
2009/6/19	5.09	5.2	5.04	5.16	14980558	77038560
2009/6/18	5.15	5.15	5.06	5.07	11409302	58117480
2009/6/17	4.99	5.25	4.95	5.16	19914866	102175872
2009/6/16	5	5.01	4.93	4.99	4318913	21432044
2009/6/15	4.96	5.01	4.9	5.01	4995558	24806994
2009/6/12	5	5.07	4.86	4.94	7761891	38616496
2009/6/11	5.1	5.14	5	5.02	12948827	65480404
2009/6/10	5.02	5.35	5	5.18	24756822	128144128
2009/6/9	5	5.06	4.92	5.03	12081710	60408880
2009/6/8	4.95	5.08	4.92	5	9805329	49119948
2009/6/5	5.06	5.07	4.95	4.95	9581433	47813420
2009/6/4	5.13	5.18	4.98	5.07	14270518	72024280
2009/6/3	5	5.24	5	5.12	22073426	113368856
2009/6/2	5.07	5.08	4.96	5	15392320	77215112
2009/6/1	4.98	5.11	4.95	5.06	22508861	113461808
2009/5/27	5.15	5.26	4.96	5.01	33876054	174695648
2009/5/26	4.8	4.88	4.78	4.78	8462741	40763772
2009/5/25	4.7	4.92	4.55	4.9	14327903	68168616
2009/5/22	4.82	4.96	4.82	4.86	7980542	39021380
2009/5/21	4.97	4.98	4.81	4.84	11044900	53984012
2009/5/20	4.93	5.07	4.87	5.02	16032400	79276392
2009/5/19	4.95	5.14	4.9	4.99	19710100	99027192
2009/5/18	4.96	5	4.8	4.96	15241800	74557000
2009/5/15	5.1	5.13	4.96	5.03	21690300	109189560
2009/5/14	5.07	5.35	5.06	5.17	32526400	168624704
2009/5/13	5.06	5.15	4.9	5.03	30294000	152099680
2009/5/12	4.95	5.17	4.8	5.15	58049100	291523456
2009/5/11	4.95	4.95	4.9	4.95	45464500	224991568
2009/5/8	4.2	4.5	4.19	4.5	17160600	75763432
2009/5/7	4.2	4.2	3.99	4.09	9860400	40315752
2009/5/6	4.03	4.2	4	4.15	12235900	50450100
2009/5/5	4.03	4.12	4.02	4.05	8642200	35158032
2009/5/4	3.91	4.06	3.9	4.03	9366500	37384940
2009/4/30	3.9	3.97	3.85	3.91	6194900	24308196
2009/4/29	3.78	3.89	3.75	3.88	5812400	22255948
2009/4/28	3.72	3.79	3.69	3.77	3312600	12423185
2009/4/27	3.92	3.95	3.7	3.72	6464800	24372558
2009/4/24	4	4.07	3.9	3.91	8130900	32268132
2009/4/23	3.9	4.15	3.74	4.09	15430100	61511572
2009/4/22	4.25	4.27	3.86	3.91	14623500	59808696
2009/4/21	4.09	4.22	4.06	4.22	13720900	57095032
2009/4/20	4.02	4.17	3.98	4.15	12523600	51276436
2009/4/17	4.01	4.25	4	4.04	18211000	75020640
2009/4/16	3.95	4.11	3.9	4.04	14675600	58795116
2009/4/15	3.97	3.98	3.84	3.94	12384800	48396176
2009/4/14	3.9	4.05	3.86	4.01	18120400	72159560
2009/4/13	3.95	3.98	3.84	3.88	9972900	38813492
2009/4/10	3.79	3.95	3.73	3.9	16548000	63942404
2009/4/9	3.71	3.79	3.61	3.78	7416200	27337896
2009/4/8	3.75	3.86	3.7	3.71	7942100	30100072
2009/4/7	3.83	3.84	3.7	3.76	7228900	27131138
2009/4/3	3.82	3.88	3.77	3.8	10177000	39034292
2009/4/2	3.84	3.88	3.78	3.79	10940100	42036480
2009/4/1	3.79	3.89	3.76	3.82	11754500	45070472
2009/3/31	3.71	3.83	3.61	3.79	10255200	38220480
2009/3/30	3.85	3.91	3.79	3.8	16159600	62069092
2009/3/27	3.74	3.85	3.65	3.82	14833700	55567320
2009/3/26	3.59	3.71	3.52	3.7	7164900	26008326
2009/3/25	3.7	3.74	3.58	3.58	8218000	30055286
2009/3/24	3.75	3.84	3.7	3.72	13833200	52124532
2009/3/23	3.62	3.78	3.57	3.71	10925400	40557836
2009/3/20	3.72	3.73	3.56	3.62	8924300	32333028
2009/3/19	3.66	3.73	3.64	3.72	11166500	41209096
2009/3/18	3.75	3.79	3.65	3.68	17330100	64344168
2009/3/17	3.51	3.78	3.5	3.74	23013800	83603784
2009/3/16	3.26	3.44	3.25	3.44	4779600	16044666
2009/3/13	3.36	3.41	3.3	3.3	4392300	14697883
2009/3/12	3.32	3.43	3.16	3.38	4978900	16322935
2009/3/11	3.4	3.44	3.3	3.32	4158400	14017969
2009/3/10	3.2	3.37	3.17	3.36	3572600	11675174
2009/3/9	3.44	3.6	3.22	3.24	7327300	25056458
2009/3/6	3.35	3.56	3.3	3.45	8829800	30670884
2009/3/5	3.4	3.49	3.29	3.39	8092100	27532638
2009/3/4	3.2	3.38	3.2	3.37	7298100	24215274
2009/3/3	3.09	3.22	3.05	3.17	4132700	13056038
2009/3/2	3.02	3.21	3.02	3.17	4611100	14567470
2009/2/27	3.23	3.24	3	3.06	6213300	19305696
2009/2/26	3.51	3.58	3.21	3.26	7010200	24036334
2009/2/25	3.65	3.68	3.39	3.56	10930800	38332800
2009/2/24	3.8	3.91	3.62	3.63	14119300	53202840
2009/2/23	3.66	3.88	3.66	3.82	14107700	53533624
2009/2/20	3.55	3.64	3.47	3.63	7522800	26777246
2009/2/19	3.51	3.63	3.46	3.57	8443000	29990952
2009/2/18	3.55	3.68	3.45	3.5	9280100	33058924
2009/2/17	3.83	3.85	3.6	3.63	13573500	50419440
2009/2/16	3.95	4	3.78	3.87	27444000	106805288
2009/2/13	3.4	3.81	3.4	3.81	22179700	81434800
2009/2/12	3.48	3.52	3.28	3.46	13685600	46439720
2009/2/10	3.25	3.45	3.23	3.42	16703200	56336260
2009/2/9	3.27	3.33	3.19	3.3	15605600	50990640
2009/2/6	3.06	3.3	3.04	3.25	15424300	49384160
2009/2/5	3.12	3.19	3	3.04	8734200	27159274
2009/2/4	3.06	3.12	3.03	3.12	8045700	24757446
2009/2/3	2.95	3.05	2.95	3.04	7151300	21517250
2009/2/2	2.92	2.96	2.9	2.96	4622300	13591856
2009/1/23	2.93	2.94	2.89	2.91	2947400	8588924
2009/1/22	2.9	2.93	2.88	2.93	3053900	8876903
2009/1/21	2.86	2.93	2.85	2.89	2609000	7560845
2009/1/20	2.92	2.92	2.82	2.89	2700500	7752024
2009/1/19	2.91	2.98	2.87	2.93	3949200	11553786
2009/1/16	2.89	2.97	2.88	2.9	5416900	15886400
2009/1/15	2.88	2.99	2.86	2.9	8290300	24151656
2009/1/14	2.78	2.88	2.75	2.88	4386300	12429571
2009/1/13	2.86	2.94	2.81	2.81	5644400	16201882
2009/1/12	2.8	2.86	2.75	2.86	5390700	15207666
2009/1/9	2.74	2.84	2.72	2.81	3539800	9869416
2009/1/8	2.76	2.8	2.7	2.74	3558800	9787070
2009/1/7	2.8	2.85	2.76	2.8	4061500	11425210
2009/1/6	2.71	2.82	2.67	2.8	4627000	12780094
2009/1/5	2.65	2.71	2.62	2.71	3386800	9036103

:						
000029   						
      	    	    	    	    	    	    