2019/9/23	17.01	17.17	16.66	16.92	11372875	192437744
2019/9/20	17.81	17.87	16.93	17.13	21002191	362863776
2019/9/19	17.38	17.76	17.11	17.76	14187771	247118048
2019/9/18	17.75	17.75	16.92	17.35	14499548	250470688
2019/9/17	17.81	17.92	17.17	17.59	17379868	305271776
2019/9/16	17.82	18.18	17.49	17.73	18460557	329254304
2019/9/12	18.13	18.18	17.38	17.78	25970410	459716896
2019/9/11	18.05	18.58	17.7	18.34	32631274	592304896
2019/9/10	17.82	19.12	17.5	17.6	39335354	720171840
2019/9/9	17.81	17.89	17.17	17.73	31946263	559713024
2019/9/6	16.28	17.81	16.28	17.5	38327105	662622720
2019/9/5	16	16.88	15.66	16.19	31626798	510906240
2019/9/4	14.85	15.82	14.85	15.54	25478038	393777184
2019/9/3	14.66	14.97	14.44	14.97	18267664	268141040
2019/9/2	14.2	14.75	14.11	14.64	16221397	235325968
2019/8/30	14.58	14.58	13.83	13.99	11401847	161884224
2019/8/29	14.35	14.62	14.26	14.42	9457108	136671424
2019/8/28	14.73	14.93	14.35	14.35	11809449	171410112
2019/8/27	14.92	14.98	14.66	14.73	15892405	235220864
2019/8/26	13.65	15.03	13.55	14.93	23781797	344001248
2019/8/23	14.82	14.82	13.87	13.98	15891146	226799056
2019/8/22	14.1	14.5	14.02	14.5	15375764	219136192
2019/8/21	14.06	14.25	13.87	14.05	12819708	180351216
2019/8/20	14.12	14.66	14	14.08	21761477	310773216
2019/8/19	13.65	14.26	13.35	14.15	23404817	323366400
2019/8/16	12.76	13.22	12.64	13.08	6677217	86690712
2019/8/15	12.33	12.93	12.27	12.82	4140306	52136396
2019/8/14	12.6	12.77	12.58	12.67	4384300	55605100
2019/8/13	12.6	12.6	12.38	12.42	3023604	37693668
2019/8/12	12.53	12.71	12.24	12.69	4389493	54703900
2019/8/9	12.55	12.77	12.34	12.56	5619741	70584376
2019/8/8	13.04	13.08	12.58	12.65	5395600	68483296
2019/8/7	13.2	13.39	12.84	12.98	4509500	59017124
2019/8/6	12.97	13.25	12.66	13.18	5968143	77793576
2019/8/5	13.34	13.61	13.25	13.25	5484002	73516536
2019/8/2	13	13.45	12.95	13.37	7396512	98270672
2019/8/1	13.7	13.97	13.32	13.41	9928519	134822688
2019/7/31	13.36	13.43	13.24	13.39	3768083	50346104
2019/7/30	13.22	13.43	13.22	13.37	4785149	63895596
2019/7/29	13.17	13.57	13.07	13.31	6188571	82231568
2019/7/26	12.65	13.29	12.65	13.1	6103199	79414192
2019/7/25	12.68	12.86	12.58	12.7	3011179	38307264
2019/7/24	12.44	12.78	12.43	12.68	4357062	55142648
2019/7/23	12.26	12.5	12.21	12.44	2343382	28914672
2019/7/22	12.55	12.6	12.23	12.27	2860089	35273312
2019/7/19	12.55	12.68	12.43	12.55	2498986	31488934
2019/7/18	12.52	12.66	12.39	12.55	2230003	27910976
2019/7/17	12.66	12.73	12.55	12.57	3096579	39070228
2019/7/16	12.6	12.73	12.56	12.66	2400527	30382172
2019/7/15	12.5	12.66	12.13	12.63	3182034	39694520
2019/7/12	12.52	12.59	12.36	12.5	2402179	29941914
2019/7/11	12.73	12.79	12.39	12.5	2709279	34094472
2019/7/10	12.68	12.83	12.62	12.63	1995619	25364664
2019/7/9	12.67	12.79	12.57	12.71	2170300	27492238
2019/7/8	13.2	13.2	12.62	12.7	5432836	69855360
2019/7/5	13.1	13.5	12.97	13.32	5650590	74624336
2019/7/4	13.19	13.25	13.01	13.1	3897490	51045384
2019/7/3	13.35	13.46	13.07	13.14	5242832	69074336
2019/7/2	13.75	13.75	13.38	13.44	8965961	121303248
2019/7/1	13.18	13.75	13.15	13.71	11159842	151280576
2019/6/28	13.18	13.24	12.8	12.9	2862420	37061156
2019/6/27	13.25	13.36	13.15	13.24	3623910	48126920
2019/6/26	13.02	13.3	13.01	13.12	3266865	43089356
2019/6/25	13.41	13.41	12.88	13.08	4480300	58691976
2019/6/24	13.32	13.47	13.25	13.34	4655193	62171276
2019/6/21	13.19	13.45	13.16	13.29	4574301	60734980
2019/6/20	12.98	13.16	12.82	13.11	3231801	42181644
2019/6/19	13.15	13.17	12.92	12.92	4948600	64501004
2019/6/18	12.79	12.9	12.67	12.79	2811300	35857448
2019/6/17	12.63	13.04	12.52	12.9	5680524	72818048
2019/6/14	12.85	12.99	12.55	12.58	3840700	48907424
2019/6/13	12.75	12.92	12.69	12.85	2570980	32912244
2019/6/12	12.88	12.93	12.68	12.75	3764773	48126780
2019/6/11	12.52	12.93	12.46	12.93	3980038	50769408
2019/6/10	12.34	12.62	12.34	12.52	2211747	27692766
2019/6/6	12.55	12.6	12.33	12.36	3160356	39261308
2019/6/5	12.75	12.75	12.5	12.53	2712300	34144664
2019/6/4	12.49	12.78	12.49	12.6	2928300	37022664
2019/6/3	12.79	12.84	12.39	12.51	3809775	47921292
2019/5/31	12.76	12.9	12.65	12.79	3492611	44628500
2019/5/30	12.64	12.86	12.6	12.76	3917456	49832652
2019/5/29	12.66	12.93	12.58	12.75	4040601	51585132
2019/5/28	12.8	12.98	12.65	12.75	5409223	69311864
2019/5/27	12.5	12.83	12.36	12.79	4403964	55713336
2019/5/24	12.62	12.84	12.41	12.45	3357878	42253536
2019/5/23	13.22	13.3	12.73	12.75	6554039	85169744
2019/5/22	13.15	13.49	13.04	13.49	6406213	85162296
2019/5/21	12.95	13.24	12.85	13.15	3907450	51255404
2019/5/20	13.1	13.19	12.71	13.05	4545656	58734188
2019/5/17	13.8	14.09	13	13.15	7837081	106961224
2019/5/16	13.72	13.75	13.52	13.68	4274531	58383712
2019/5/15	13.52	13.72	13.5	13.64	4849498	66085992
2019/5/14	13.56	13.6	13.29	13.49	5293350	71191816
2019/5/13	13.68	13.88	13.44	13.72	5272994	72147120
2019/5/10	13.7	14.02	13	13.89	7347838	100756232
2019/5/9	13.52	13.81	13.45	13.54	4516151	61600856
2019/5/8	13.4	13.98	13.04	13.6	6333881	86327112
2019/5/7	13.81	14.24	13.74	14.09	6315725	88303936
2019/5/6	14.47	14.8	13.8	13.8	9587000	136393360
2019/4/30	14.8	15.34	14.7	15.33	6840982	103411640
2019/4/29	15.64	15.64	14.69	15.06	10879531	164117536
2019/4/26	14.64	16.16	14.56	15.35	14334738	222897536
2019/4/25	15.5	15.65	14.69	14.69	7199402	109097728
2019/4/24	15.47	15.79	15.06	15.79	6897300	106236544
2019/4/23	15.55	15.73	15.4	15.45	3782079	58727756
2019/4/22	15.77	15.9	15.6	15.69	5239174	82529296
2019/4/19	15.57	15.86	15.56	15.72	5073100	79675664
2019/4/18	16	16	15.55	15.63	7941476	124530680
2019/4/17	16.28	16.28	15.94	16.05	5621250	90502808
2019/4/16	15.77	16.27	15.65	16.19	6432139	102757720
2019/4/15	16.06	16.49	15.73	15.96	7249972	117183256
2019/4/12	16.2	16.27	15.74	15.95	7375461	117578648
2019/4/11	16.51	16.94	16.22	16.31	10429752	171630208
2019/4/10	16.2	16.39	16.1	16.2	7404333	120137288
2019/4/9	16.1	16.53	15.8	16.42	13197042	214383072
2019/4/8	15.82	16.53	15.51	16.43	18773751	300026656
2019/4/4	15.9	15.97	15.6	15.79	11252253	176989648
2019/4/3	15.45	15.88	15.35	15.86	11876046	185650944
2019/4/2	16.02	16.2	15.69	15.75	17665273	282134112
2019/4/1	15.99	16.28	15.88	16.17	16880736	272147072
2019/3/29	15.16	15.89	15.08	15.77	15370367	238910528
2019/3/28	14.65	15.44	14.56	14.91	14995238	226991568
2019/3/27	15.03	15.07	14.49	14.5	7471250	109857320
2019/3/26	15.6	15.6	14.7	14.79	8697898	131252888
2019/3/25	15.49	15.78	15.31	15.41	8713817	135697696
2019/3/22	15.72	16.19	15.49	15.83	13149406	207702736
2019/3/21	15.08	15.59	15	15.46	13200288	203276976
2019/3/20	15.13	15.13	14.75	14.99	8161749	121635032
2019/3/19	15.06	15.34	14.91	15.12	9717033	147037824
2019/3/18	14.88	15.09	14.36	15.07	9111854	134076648
2019/3/15	15	15.24	14.6	14.72	12637636	188279776
2019/3/14	15.36	15.64	14.8	14.97	18120072	275777856
2019/3/13	16.99	17.5	15.45	15.9	42625064	709418624
2019/3/12	15.49	16.69	15.27	16.69	23722605	380874752
2019/3/11	15.03	15.39	14.6	15.17	18012651	270856608
2019/3/8	14.6	15.75	14.56	14.8	21241637	323015328
2019/3/7	14.81	15.31	14.71	15.03	18990839	285200192
2019/3/6	14.7	15.15	14.33	15	20905627	309293120
2019/3/5	13.52	14.58	13.51	14.55	16894500	239372496
2019/3/4	13.5	14.14	13.33	13.76	17609232	243390208
2019/3/1	13.37	13.45	13.02	13.41	10020935	132953256
2019/2/28	13.55	13.75	13.21	13.22	11426401	153043152
2019/2/27	13.39	13.94	13.26	13.59	11486235	156991056
2019/2/26	13.51	13.82	13.25	13.55	16412989	222529472
2019/2/25	12.71	13.64	12.5	13.56	23719418	312534144
2019/2/22	11.86	12.41	11.74	12.4	13942177	169547104
2019/2/21	11.82	12.16	11.69	11.85	11245064	134173608
2019/2/20	11.86	11.87	11.71	11.83	6465486	76252368
2019/2/19	12.01	12.08	11.62	11.79	10464505	124131040
2019/2/18	11.48	11.94	11.48	11.84	10557691	123904856
2019/2/15	11.48	11.64	11.37	11.47	5989735	69026440
2019/2/14	11.6	11.69	11.31	11.5	7595432	87289080
2019/2/13	11.35	11.73	11.23	11.6	7978743	91956472
2019/2/12	11.2	11.43	11.1	11.36	4867947	54940736
2019/2/11	10.86	11.28	10.83	11.19	5374637	59778008
2019/2/1	10.42	11.28	10.4	10.85	7970025	85215392
2019/1/31	10.95	10.99	10.45	10.45	5947764	63243864
2019/1/30	11.1	11.26	10.65	11.09	5239258	57261180
2019/1/29	11.52	11.52	10.9	11.09	4047237	45229896
2019/1/28	11.85	11.85	11.44	11.5	5873891	68107856
2019/1/25	11.94	12.17	11.61	11.85	7387306	87726936
2019/1/24	11.61	11.94	11.5	11.87	7708477	90831704
2019/1/23	11.82	11.94	11.24	11.47	8957866	102782688
2019/1/22	12.17	12.17	11.83	11.84	3149745	37652224
2019/1/21	12.04	12.23	11.89	12.11	4511490	54567884
2019/1/18	12.51	12.63	11.65	12.08	8996974	107911136
2019/1/17	12.73	12.83	12.5	12.5	2708510	34251764
2019/1/16	12.63	12.95	12.6	12.75	4272010	54723992
2019/1/15	12.8	12.8	12.12	12.65	5859450	73250760
2019/1/14	13.08	13.08	12.79	12.79	5310600	68378672
2019/1/11	13.05	13.32	12.96	13.04	6931025	90701568
2019/1/10	13.2	13.25	12.98	13.01	8643789	113290840
2019/1/9	13.14	13.3	13.05	13.29	6706967	88504920
2019/1/8	13.26	13.26	12.98	13.14	5030094	65805892
2019/1/7	13.55	13.55	13.2	13.29	9308700	124175472
2019/1/4	13	13.5	12.91	13.5	12110481	159606944
2019/1/3	13.27	13.39	13	13.11	5711520	74770912
2019/1/2	13.4	13.66	13.25	13.3	4333600	57815864
2018/12/28	13.4	13.59	13	13.45	3560128	47217104
2018/12/27	13.71	13.86	13.32	13.41	5983983	81051984
2018/12/26	13.19	13.79	13.07	13.53	5827774	78129880
2018/12/25	13.26	13.42	12.95	13.17	6189402	81422512
2018/12/24	13.51	13.66	13.38	13.49	2392716	32322196
2018/12/21	13.45	13.57	13.26	13.43	4388658	58996496
2018/12/20	13.52	13.75	13.39	13.45	2961812	40041604
2018/12/19	13.59	13.69	13.22	13.58	9425829	127621800
2018/12/18	13.25	13.73	13.08	13.5	4137600	55327120
2018/12/17	13.65	13.7	12.82	13.44	8733016	115561560
2018/12/14	15.5	15.5	14.03	14.03	21814560	319744192
2018/12/13	14.99	15.7	14.73	15.59	12321734	189193568
2018/12/12	15.01	15.24	14.93	15	2722343	41008232
2018/12/11	14.73	15.09	14.65	14.99	4686766	69769184
2018/12/10	14.96	14.96	14.45	14.62	2777241	40712476
2018/12/7	15	15.18	14.91	14.97	1635470	24576974
2018/12/6	15.27	15.48	14.81	15.03	4057325	61197984
2018/12/5	15	15.43	14.92	15.25	6314401	95692080
2018/12/4	15.45	15.45	15.1	15.31	6191172	94418344
2018/12/3	15.09	15.87	14.9	15.43	13827722	211599296
2018/11/30	14.5	14.99	14.2	14.88	9336713	137856304
2018/11/29	14.75	15.04	14.45	14.68	9147654	135472464
2018/11/28	14.83	14.99	14.58	14.68	4043349	59482352
2018/11/27	14.98	15.06	14.63	14.85	4751388	70666872
2018/11/26	14.75	14.98	14.53	14.8	7348560	108621416
2018/11/23	14.5	15.69	13.84	14.77	9614813	139029392
2018/11/22	14.46	14.59	14.11	14.52	5901891	84946424
2018/11/21	14.14	14.49	13.8	14.46	4854084	68649056
2018/11/20	14.76	14.85	14.2	14.25	6545240	94822600
2018/11/19	14.92	15.17	14.6	15	7265006	107899904
2018/11/16	14.8	15.23	14.67	15.07	9664019	144765104
2018/11/15	14.6	15.15	14.51	14.86	9780614	144341488
2018/11/14	14.81	14.96	14.41	14.56	12873682	188442304
2018/11/13	16.21	16.22	14.67	15.32	31495952	478889632
2018/11/12	14.59	16.26	14.4	16.26	11983941	182126032
2018/11/9	14.58	15.19	14.1	14.78	7344657	108572096
2018/11/8	14.94	15.06	14.53	14.6	6118482	90160984
2018/11/7	15.02	15.09	14.72	14.8	3242291	48294348
2018/11/6	15.17	15.45	14.83	15.02	12239728	184456352
2018/11/5	14.8	15.97	14.47	15.27	14328587	215073904
2018/11/2	14	14.97	14	14.76	6255238	89608552
2018/11/1	13.65	14.14	13.56	13.95	5303371	73253304
2018/10/31	13.45	13.7	13.32	13.57	2136424	28861792
2018/10/30	13.31	13.74	12.83	13.42	3429463	45682904
2018/10/29	13.35	13.55	13.03	13.3	1676930	22301928
2018/10/26	13.4	13.79	13.28	13.34	2588737	34896484
2018/10/25	12.95	13.45	12.68	13.35	2567013	33505242
2018/10/24	13.4	13.53	13.15	13.26	2942402	39092384
2018/10/23	13.79	13.84	13.32	13.4	3727542	50416004
2018/10/22	13.75	14.2	13.53	13.91	6485291	89883856
2018/10/19	12.6	13.75	12.41	13.53	7548822	100380848
2018/10/18	12.55	13.07	12.22	12.67	5533704	69609176
2018/10/17	12.6	12.6	12.2	12.55	4296485	53420144
2018/10/16	12.51	12.71	12.08	12.42	3854801	47588588
2018/10/15	12.52	12.76	12.29	12.51	5123521	63982008
2018/10/12	12.5	12.74	11.39	12.52	10990407	132658536
2018/10/11	13.45	14.96	12.24	12.58	12568898	161394800
2018/10/10	13.95	14.07	13.55	13.6	3685726	50768992
2018/10/9	13.92	14.22	13.16	13.9	4788381	65322476
2018/10/8	14.5	14.66	13.98	14	3469337	49750384
2018/9/28	14.84	15.15	14.57	14.9	6536868	97183168
2018/9/27	14.64	15.11	14.05	15.08	12585392	183766128
2018/9/18	15.1	15.19	14.7	15.17	5957961	89206920
2018/9/17	14.81	15.45	14.72	15.1	7539349	113622368
2018/9/14	15	15.1	14.37	14.98	7980079	117905176
2018/9/13	14.8	15.29	14.73	14.96	8298475	124311768
2018/9/12	14.34	14.79	14.22	14.63	6681078	97359544
2018/9/11	14.55	14.88	14.24	14.44	7496401	108896168
2018/9/10	15.07	15.16	14.28	14.28	10921151	161397936
2018/9/7	14.76	15.58	14.61	15.3	19090921	292994688
2018/9/6	13.58	14.6	13.58	14.16	8525634	121148728
2018/9/5	14.01	14.28	13.86	13.86	5829907	82087504
2018/9/4	13.63	14.2	13.61	14.07	6736192	93916456
2018/9/3	13.6	13.65	12.68	13.5	6306720	83664224
2018/8/31	13.8	14.2	13.72	13.77	6334725	88547176
2018/8/30	13.65	14.28	13.41	13.91	10213825	141946240
2018/8/29	13.3	13.78	13.18	13.65	6429130	87103608
2018/8/28	13.57	13.57	13.25	13.35	4046084	54239360
2018/8/27	13.35	13.62	13.2	13.58	6340927	85139808
2018/8/24	13.29	13.59	12.95	13.35	6816775	90387384
2018/8/23	13.65	14.14	13.24	13.36	12186138	166143360
2018/8/22	12.29	13.55	12.29	13.55	6286354	82373248
2018/8/21	12.38	12.56	12.18	12.32	4888809	60573316
2018/8/20	13.18	13.33	11.9	12.29	7200695	89049664
2018/8/17	13.59	13.68	13.16	13.22	2145390	28683256
2018/8/16	13.35	13.58	13.1	13.34	2463047	32948348
2018/8/15	13.95	13.98	13.45	13.49	3374554	46025864
2018/8/14	14.05	14.41	13.85	14	4086195	57577692
2018/8/13	13.77	14.04	13.63	13.98	2961882	40986172
2018/8/10	13.85	14.09	13.7	13.95	3051539	42392208
2018/8/9	13.3	14.12	13.22	13.87	5072623	70001984
2018/8/8	13.93	13.98	13.35	13.38	4219422	57538480
2018/8/7	13.47	14.17	13.17	14.09	4874240	66374092
2018/8/6	13.95	14.15	13.36	13.46	3291727	44934740
2018/8/3	14.2	14.24	13.8	13.93	1999478	28142100
2018/8/2	14.7	14.9	13.52	14.1	4886230	68873264
2018/8/1	15.3	15.43	14.72	14.75	3535112	53448164
2018/7/31	15.07	15.35	14.95	15.26	2350754	35771184
2018/7/30	15.44	15.65	14.9	15.08	3522910	53851896
2018/7/27	15.6	15.67	15.02	15.34	3822883	58441152
2018/7/26	15.86	16	15.6	15.69	3607056	56857448
2018/7/25	16.05	16.41	15.73	15.9	5143768	82802312
2018/7/24	15.91	16.34	15.75	16.05	5691101	91206912
2018/7/23	15.72	16.12	15.58	15.98	4806664	76447856
2018/7/20	15.65	15.95	15.36	15.83	4964616	77950792
2018/7/19	16.04	16.04	15.56	15.69	5646404	88881736
2018/7/18	16.4	16.47	15.92	16.08	8251289	133439568
2018/7/17	16.06	16.8	15.83	16.58	13378134	219261600
2018/7/16	14.35	15.69	14.35	15.69	9180225	139661008
2018/7/13	14.7	14.75	14.12	14.26	4401943	63095612
2018/7/12	13.82	14.95	13.73	14.76	5479772	78623888
2018/7/11	15	15.01	13.64	13.77	9077471	127367360
2018/7/10	15.12	15.25	14.94	15.16	2037084	30809040
2018/7/9	15.3	15.39	14.8	15.16	2933685	44236612
2018/7/6	14.87	15.35	14.81	15.2	2550680	38729400
2018/7/5	15.8	15.88	15.07	15.08	2281702	35027684
2018/7/4	15.86	16.1	15.7	15.74	3174446	50387716
2018/7/3	15.83	15.98	15.43	15.88	3605985	56747452
2018/7/2	16.11	16.2	15.67	15.79	3444441	54379756
2018/6/29	15.51	16.43	15.39	15.98	3375105	53548640
2018/6/28	15.65	15.81	15.4	15.42	2390346	37258408
2018/6/27	15.92	16.19	15.53	15.6	3596832	56649376
2018/6/26	15.22	16.34	15.22	16.1	5615877	89780024
2018/6/25	15.47	16.25	15.15	15.53	6698277	104919080
2018/6/22	14.41	15	14.03	14.93	3865692	56566008
2018/6/21	15.09	15.09	14.41	14.52	5184921	76480560
2018/6/20	14.5	15.31	14.28	15.15	6995615	103590000
2018/6/19	15.75	16.1	14.72	14.72	4915400	75129080
2018/6/15	17.61	17.8	16.25	16.35	9349846	158112144
2018/6/14	18.89	18.89	17.45	18.06	6565736	119422776
2018/6/13	18.05	18.92	18.05	18.28	5463027	101043720
2018/6/12	17.67	17.97	17.21	17.95	3675960	65081940
2018/6/11	17.72	17.97	17.41	17.66	2737008	48524144
2018/6/8	17.8	17.84	17.33	17.72	2821283	49893408
2018/6/7	18.08	18.11	17.53	17.53	3121975	55324912
2018/6/6	18.39	18.39	17.59	17.9	5897216	105364328
2018/6/5	17.9	18.4	17.9	18.29	4799247	87342552
2018/6/4	18.4	18.73	17.91	17.99	5300685	96461232
2018/6/1	18.28	19.17	18.11	18.7	5315944	99194336
2018/5/31	17.72	18.46	17.72	18.26	7234722	131542120
2018/5/30	18.25	18.98	17.28	17.47	7593585	137574720
2018/5/29	18.53	19.13	18.53	18.86	6716989	126463976
2018/5/28	20.15	20.31	18.35	18.49	12292308	236228288
2018/5/25	21.45	21.66	19.5	19.99	11808746	242318640
2018/5/24	21.48	21.94	20.8	21.59	10184489	218679744
2018/5/23	22.01	22.09	21.05	21.53	10583697	228103408
2018/5/22	23.19	23.21	21.9	22.22	15425840	346041472
2018/5/21	23.13	23.35	22.61	23.02	18007010	412725248
2018/5/18	22.28	23.65	21.71	23.36	30464427	693814912
2018/5/17	20.1	22.36	20.08	22.36	23622275	513118048
2018/5/16	22.88	22.88	19.4	20.33	31072904	637454080
2017/9/28	21.8	22.48	21.43	21.6	6230197	136737728
2017/9/27	20.5	21.99	20.5	21.8	7340436	157099632
2017/9/26	20.55	20.88	20.23	20.4	2612625	53593832
2017/9/25	20.83	21.23	20.51	20.52	2464500	51452392
2017/9/22	21.15	21.43	20.46	20.86	5266400	110099064
2017/9/21	21.6	21.72	21.16	21.33	2693346	57655212
2017/9/20	21.2	21.65	21.19	21.49	3636211	77897712
2017/9/19	22	22.19	21.18	21.23	4633576	100301608
2017/9/18	22.35	22.42	21.82	22.1	4765797	105228392
2017/9/15	22.5	22.7	21.8	22.35	5740856	127323072
2017/9/14	21.8	22.98	21.8	22.46	6636838	149357344
2017/9/13	21.48	22.28	21.32	21.98	5719425	124800784
2017/9/12	21.4	21.68	21.1	21.5	4974054	106340768
2017/9/11	21.69	21.83	21.19	21.46	6483690	138696592
2017/9/8	22.06	22.49	21.57	21.7	6051855	132483896
2017/9/7	21.67	22.62	21.28	22.2	8672665	191086128
2017/9/6	21.3	21.91	21.17	21.64	9166693	197997824
2017/9/5	21.1	21.51	20.7	21.29	9492412	200563504
2017/9/4	19.89	21.12	19.89	21	10082441	208571840
2017/9/1	19.69	19.89	19.42	19.75	4059148	79894496
2017/8/31	19.36	20.15	19.36	19.7	6963216	137683984
2017/8/30	19.48	19.73	19.33	19.33	3723210	72601072
2017/8/29	19.2	19.81	19.12	19.62	6728374	131862848
2017/8/28	19.3	19.41	18.9	19.3	6477658	124254056
2017/8/25	18.5	18.96	18.46	18.92	6592836	123918416
2017/8/24	18.5	18.85	18.3	18.4	3434183	63619128
2017/8/23	18.75	19.05	18.5	18.58	3966095	74558224
2017/8/22	18.65	19.06	18.3	18.83	4924746	91987376
2017/8/21	18.95	19.1	18.59	18.68	3916794	73607376
2017/8/18	19.23	19.4	18.81	18.85	6410384	122656888
2017/8/17	19.16	19.51	18.9	19.23	8048216	155165280
2017/8/16	18.35	19.48	18.22	19.15	10410514	195302480
2017/8/15	17.75	18.93	17.63	18.44	9003443	165486928
2017/8/14	17.2	17.63	17.2	17.51	4550866	79582736
2017/8/11	17.07	17.41	17	17.11	4659969	80221240
2017/8/10	17.45	17.49	17.08	17.17	4286474	74170680
2017/8/9	17.66	17.7	17.35	17.43	4024651	70120152
2017/8/8	17.79	17.97	17.56	17.61	7853927	139464320
2017/8/7	17.22	17.78	17.17	17.78	8390749	147026848
2017/8/4	17.13	17.28	17.01	17.22	5402030	92736904
2017/8/3	17.03	17.15	16.94	17.03	4743273	80822192
2017/8/2	17.19	17.25	16.91	16.98	4893839	83325912
2017/8/1	16.79	17.18	16.71	17.12	7485907	127461336
2017/7/31	16.99	16.99	16.62	16.79	6553743	109806240
2017/7/28	16.81	17.47	16.72	16.93	9771657	167370624
2017/7/27	16.96	16.98	16.43	16.77	10195271	169887520
2017/7/26	17.9	17.9	16.82	17.01	11029300	190553856
2017/7/25	17.88	18.03	17.78	17.9	3699899	66146324
2017/7/24	17.67	18.21	17.67	17.92	7737930	138797056
2017/7/21	18.26	18.47	17.71	17.76	11181285	202350080
2017/7/20	17.97	19.56	17.87	18.85	27615942	506681664
2017/7/19	19.81	19.81	19.81	19.81	1246200	24687222
2017/7/18	22.01	22.01	22.01	22.01	321400	7074014
2017/3/20	23.25	24.45	23.21	24.45	9686658	231592048
2017/3/17	23.61	23.69	23.3	23.35	3376707	79356968
2017/3/16	23.63	23.9	23.4	23.62	4251897	100209816
2017/3/15	23.6	23.88	23.42	23.61	3201044	75717728
2017/3/14	23.5	23.8	23.4	23.65	2921421	69023328
2017/3/13	23.7	23.72	23.2	23.5	2869197	67153160
2017/3/10	23.36	24.08	23.36	23.7	5351705	127049528
2017/3/9	23.65	23.66	23.1	23.13	2943002	68515600
2017/3/8	23.71	23.97	23.44	23.49	4177097	98881888
2017/3/7	23.43	23.8	23.18	23.72	4533588	106279440
2017/3/6	23.65	24.49	23.51	23.62	8193135	196006240
2017/3/3	23.79	23.9	23.12	23.32	6562685	153016272
2017/3/2	24.5	24.5	23.72	23.89	7283567	174725072
2017/3/1	24.85	24.85	24.01	24.64	8149567	198173456
2017/2/28	23.15	25.27	22.93	24.62	14680901	358003168
2017/2/27	21.33	23.3	21.22	23.22	9687423	217273760
2017/2/24	21.15	21.34	21.1	21.25	2195097	46613440
2017/2/23	21.28	21.28	21.07	21.15	1827055	38631684
2017/2/22	21.59	21.59	21.07	21.29	3528077	74957128
2017/2/21	21.3	21.6	21.11	21.49	2313355	49633280
2017/2/20	22.03	22.12	20.97	21.33	4490012	96343832
2017/2/17	21.9	22.48	21.79	22.03	2147123	47424276
2017/2/16	21.78	21.92	21.51	21.8	1847437	40143096
2017/2/15	22.15	22.44	21.88	21.89	1979574	43813948
2017/2/14	22.2	22.2	22.01	22.04	1437320	31736378
2017/2/13	21.99	22.28	21.86	22.13	2213026	48875708
2017/2/10	22.61	22.78	22.01	22.1	3586506	80186904
2017/2/9	22.69	22.91	22.56	22.6	2502520	56827744
2017/2/8	22.34	22.85	22.31	22.7	2793722	63149448
2017/2/7	22.38	22.9	22.24	22.44	3321194	75135784
2017/2/6	22.45	22.52	22.18	22.39	2920958	65239876
2017/2/3	21.62	22.42	21.62	22.37	3504435	77782624
2017/1/26	21.8	21.92	21.55	21.8	1776079	38701240
2017/1/25	22	22.14	21.4	21.8	3522460	76588576
2017/1/24	21.75	22.45	21.42	21.6	5090756	111429624
2017/1/23	20.48	22.3	20.3	21.75	5125980	109133488
2017/1/20	19.91	20.59	19.79	20.38	3227907	65594040
2017/1/19	19.75	19.97	19.73	19.81	1649355	32765560
2017/1/18	20.33	20.33	19.81	19.84	2717157	54345672
2017/1/17	20.17	20.35	19.7	20.25	2897720	58342516
2017/1/16	20.24	20.68	19.45	20.07	3881607	78070304
2017/1/13	21.18	21.25	19.29	20.14	4482856	91832200
2017/1/12	21.5	21.5	21.16	21.18	1934532	41212920
2017/1/11	21.79	21.85	21.2	21.35	2887325	61805840
2017/1/10	21.45	21.98	21.21	21.72	3846327	83528320
2017/1/9	22.3	22.3	21.05	21.45	6516043	139346240
2017/1/6	22.25	22.5	22.15	22.22	2464021	54861764
2017/1/5	22.8	22.8	22.4	22.41	3189017	71940016
2017/1/4	22.44	22.73	22.1	22.72	4200306	94398152
2017/1/3	22.43	22.67	22.08	22.33	3303638	73598520
2016/12/30	22.26	22.4	22.05	22.32	3193608	70956344
2016/12/29	22.44	22.47	22.16	22.18	2643395	59108088
2016/12/28	23	23.27	22.24	22.33	4717762	106677640
2016/12/27	23.24	23.33	22.91	23.15	2258410	52213216
2016/12/26	23.65	23.67	22.58	23.14	3061830	70236704
2016/12/23	23.9	24.06	23.49	23.64	2241743	53322956
2016/12/22	23.36	24.4	23.16	23.9	5064013	121029752
2016/12/21	23.56	23.89	23.13	23.27	2722453	63641360
2016/12/20	23.77	23.98	23.6	23.63	1846558	43858264
2016/12/19	23.96	24.05	23.54	23.65	2042254	48600488
2016/12/16	24.2	24.3	23.73	23.84	3445242	82469744
2016/12/15	22.47	24.69	22.13	23.98	7518989	178750592
2016/12/14	22.6	23.07	22.4	22.52	3185996	72134264
2016/12/13	23.65	23.65	21.88	23.01	7951725	180992128
2016/12/12	26.4	26.48	23.83	23.83	7509189	185833808
2016/12/9	26.49	26.7	26.37	26.48	3258672	86643184
2016/12/8	26.6	26.76	26.17	26.48	3837847	101182664
2016/12/7	26.88	26.88	26.47	26.6	3376361	89860472
2016/12/6	26.6	26.78	26.5	26.58	1559447	41460032
2016/12/5	26.32	26.8	26.15	26.6	2511200	66651752
2016/12/2	27.26	27.26	26.51	26.51	3115282	83525736
2016/12/1	27	27.43	26.84	27.04	3703226	100591088
2016/11/30	26.65	27.05	26.18	26.81	7961235	212734864
2016/11/29	27.74	27.76	26.82	26.95	5581239	151667344
2016/11/28	28.45	28.6	27.42	27.76	7770981	217071392
2016/11/25	28.26	28.65	28.07	28.32	3341625	94608920
2016/11/24	28.64	28.77	28.16	28.24	3916065	111054408
2016/11/23	28.2	28.84	28.2	28.64	4414183	126359808
2016/11/22	28.3	28.4	28.09	28.2	2885846	81391560
2016/11/21	28.48	28.48	28.06	28.09	4554943	128384992
2016/11/18	28.44	28.58	28.2	28.42	3542723	100601272
2016/11/17	28.42	28.61	28.15	28.4	5684781	161241312
2016/11/16	28.93	28.98	28.44	28.48	3963303	113664016
2016/11/15	28.35	29.12	28.05	28.94	4471360	127867680
2016/11/14	29	29.19	28.17	28.35	7420132	211245680
2016/11/11	30.18	30.18	28.9	29.07	6693097	195990176
2016/11/10	29.95	30.16	29.5	29.98	3591490	107389152
2016/11/9	30.19	30.27	28.85	29.84	4030888	119954136
2016/11/8	30.32	30.51	30	30.2	2147059	64871160
2016/11/7	29.89	30.38	29.75	30.31	2754151	83259320
2016/11/4	30.54	30.54	29.8	29.88	4533415	135994640
2016/11/3	30.45	31.24	30.2	30.3	3256152	99575480
2016/11/2	31.29	31.43	30.6	30.63	3764559	116956496
2016/11/1	30.5	31.3	30.09	31	4439691	136753840
2016/10/31	30.5	30.8	29.65	30.35	6417120	193014672
2016/10/28	31.42	31.56	31	31.04	3676131	115029120
2016/10/27	31.02	31.35	30.84	31.15	2475810	77028288
2016/10/26	31.56	31.7	30.8	31.14	4371499	136179664
2016/10/25	32.26	32.26	31.16	31.57	4495888	142442640
2016/10/24	33.51	33.62	31.78	32.28	7282765	235496768
2016/10/21	33.3	34.1	32.82	33.43	5489968	184216976
2016/10/20	32.55	33.75	32.35	33.28	6355743	211834928
2016/10/19	32.62	32.95	32.08	32.55	3706930	119921152
2016/10/18	31.51	33	30.85	32.64	6350693	202730688
2016/10/17	32.5	33.03	31	31.2	6857060	218054000
2016/10/14	32.89	33.15	31.93	32.54	5024137	163092432
2016/10/13	32.23	34	32.23	32.41	9356066	311101984
2016/10/12	31.01	32.48	31.01	32.2	7655974	244970256
2016/10/11	30.52	31.49	30.26	31.27	8873536	276813856
2016/10/10	28.65	30.68	28.6	30.52	6016879	179241472
2016/9/30	28.98	28.98	28.24	28.65	2279430	65110136
2016/9/29	28.92	29.15	28.67	28.7	1941968	56101268
2016/9/28	28.45	28.85	28.3	28.7	3236663	92396824
2016/9/27	28.41	28.78	28.03	28.3	2917888	82405688
2016/9/26	28.6	29.2	28.23	28.41	3788652	108590320
2016/9/23	29.35	29.53	28.8	28.92	3281098	95352472
2016/9/22	29.8	30	29.3	29.33	2567670	75752928
2016/9/21	29.88	29.98	29.49	29.65	2239300	66370572
2016/9/20	29.8	30.03	29.36	29.88	2427515	72048600
2016/9/19	29.18	30.15	29.18	29.85	4206922	125390240
2016/9/14	28.55	29.8	28.2	29.18	4449463	129544424
2016/9/13	28.17	28.66	28.17	28.58	3620603	103068696
2016/9/12	28.75	28.93	28	28.04	4320773	122810152
2016/9/9	29.81	30.17	29.15	29.2	3532983	104198008
2016/9/8	29.5	30.3	28.8	29.73	4995217	148788624
2016/9/7	29.35	30.42	29.35	29.45	5303077	158138080
2016/9/6	29.35	29.49	28.02	29.25	5150637	147910944
2016/9/5	30.35	30.76	29	29.2	6011796	178106832
2016/9/2	30.65	31.16	30.22	30.35	3240202	99317904
2016/9/1	31.04	31.5	30.45	30.66	3525464	109247696
2016/8/31	30.91	31.66	30.52	30.84	3191260	98707432
2016/8/30	30.55	31.84	30.07	30.91	5002826	155189104
2016/8/29	30.67	31.95	30.3	31.02	5245231	163503264
2016/8/26	29.83	31.37	29.6	30.93	6706388	206121840
2016/8/25	30.5	30.5	29.35	29.49	7327936	218210352
2016/8/24	31.65	31.9	30.63	30.7	6078672	188869056
2016/8/23	32.18	32.45	31.15	31.59	4097873	130337360
2016/8/22	32.68	33.58	31	31.31	6333938	203446256
2016/8/19	33.25	33.98	32.41	32.87	6532381	216292096
2016/8/18	32	34.97	31.8	33.09	15076420	502879296
2016/8/17	29.85	32.58	29.02	32.57	12970033	396678656
2016/8/16	29.1	29.62	28.89	29.62	5100159	148721408
2016/8/15	29	29.39	28.52	29.13	5654854	163674816
2016/8/12	29.55	29.88	28.78	28.9	5418553	157549664
2016/8/11	29.6	29.99	29.53	29.66	3327434	98733744
2016/8/10	29.77	30.49	29.68	29.85	5225894	156979136
2016/8/9	28.8	30.24	28.64	29.99	9358294	277559616
2016/8/8	29.71	30	29	29.1	6120252	180230928
2016/8/5	29.68	29.99	28.95	29.7	6893972	203212672
2016/8/4	28.5	30.1	27.5	29.9	12225275	354800096
2016/8/3	28.64	28.95	27.48	28.15	4614552	129642824
2016/8/2	28.27	29.2	28.06	28.4	7916457	227220992
2016/8/1	28.79	28.84	26.12	28.31	11818020	322373440
2016/7/29	29.6	29.6	27.6	28.5	10491276	299943616
2016/7/28	29.52	30.89	28.76	29.24	12548264	372580256
2016/7/27	29.99	30.51	28.1	29.61	15649111	461606528
2016/7/26	29.16	30.45	28.8	30.45	16162812	477268448
2016/7/25	31.63	32.8	28.53	29.15	23635781	706192832
2016/7/22	32.1	32.6	31.06	31.7	10936273	346049344
2016/7/21	30.45	32.97	30.45	32.48	19899162	628626496
2016/7/20	28.3	31.13	28.2	30.43	16099028	479893760
2016/7/19	27.86	28.61	27.67	28.3	8398312	237037984
2016/7/18	28.85	29.5	27.94	28.11	10513083	299268672
2016/7/15	29	29.2	27.52	28.76	11385836	322968640
2016/7/14	27.66	29.3	27.5	28.51	18821438	537766592
2016/7/13	24.99	27.46	24.9	27.46	19001511	504546400
2016/7/12	23.81	25.08	23.81	24.96	15102589	370031904
2016/7/11	24.5	24.57	23.75	23.97	9041632	218579584
2016/7/8	23.02	24.15	22.9	23.95	8741405	206169088
2016/7/7	23.26	23.7	22.52	23	7711747	176886032
2016/7/6	23.31	24	23.31	23.5	7095838	168145136
2016/7/5	23.3	24.4	23.3	23.47	9828620	233337616
2016/7/4	21.6	24.1	21.5	23.78	16344624	375859776
2016/7/1	22.49	22.9	21.8	22.16	9508836	212276800
2016/6/30	22.58	22.88	21.88	22.5	9808386	219707808
2016/6/29	22.54	23.5	21.58	22.44	19121425	428181888
2016/6/28	19.7	21.43	19.7	21.43	10470912	219013392
2016/6/27	18.37	19.68	18.2	19.48	10159633	193565968
2016/6/24	18.01	18.98	18.01	18.57	7914050	146858608
2016/6/23	18.34	18.55	17.86	18.16	5360212	97733232
2016/6/22	18.8	19.63	18.08	18.52	11311470	213572096
2016/6/3	18.73	18.76	18.17	18.2	5876677	107812896
2016/6/2	18.55	18.8	18.45	18.59	5158992	95985736
2016/6/1	18.92	19.15	18.62	18.64	7447307	139982976
2016/5/31	17.75	19	17.72	18.79	8362121	154131120
2016/5/30	18.14	18.14	17.64	17.77	5450073	97366800
2016/5/27	18	18.25	17.78	18.04	5847770	105591456
2016/5/26	17.99	18.17	17.21	17.95	4968444	87484992
2016/5/25	17.99	18.5	17.7	17.88	6478411	117411192
2016/5/24	18.02	18.28	17.6	17.76	3938826	70149056
2016/5/23	17.41	18.5	17.4	18	6664808	120651448
2016/5/20	17	17.68	16.86	17.51	5343538	92578416
2016/5/19	17.36	17.8	17.32	17.37	5031282	88285408
2016/5/18	17.8	18.33	17.15	17.3	9097224	161300432
2016/5/17	16.9	18.35	16.78	17.99	11482025	204615888
2016/5/16	16.16	16.83	15.68	16.74	7564150	124037504
2016/5/13	16.21	16.73	16.1	16.23	6423178	105560840
2016/5/12	16.16	16.38	15.3	16.28	8196691	130458000
2016/5/11	16.15	16.46	15.95	16.2	10038455	163037088
2016/5/10	17	17.25	15.82	15.95	13371233	219943328
2016/5/9	18.84	18.88	17.1	17.1	12704950	224683328
2016/5/6	20.36	20.54	19	19	12884861	253970864
2016/5/5	20.55	20.98	20.21	20.44	9222438	190024160
2016/5/4	19.98	20.96	19.93	20.48	11462018	236427568
2016/5/3	19.5	20.38	19.5	20.01	9340900	186837232
2016/4/29	19.4	20.1	19	19.76	11606001	228242560
2016/4/28	20.08	20.2	18.75	19.37	13136950	254193280
2016/4/27	20.7	20.9	19.9	20	12420732	251129136
2016/4/26	20.35	21.3	20.35	20.83	14448683	301406240
2016/4/25	20.02	21.59	19.8	20.31	17703120	366975264
2016/4/22	19.77	20.48	19.08	19.71	15153003	300170400
2016/4/21	21.32	21.63	20	20	27759063	581551360
2016/4/20	20.5	22.9	20	21.96	49238605	1032290816
2016/4/19	20.38	21.96	20.38	20.89	57870628	1208868352
2016/4/18	22.64	22.64	22.64	22.64	772600	17491664
2016/4/15	25.16	25.16	25.16	25.16	917900	23094364
2015/12/23	27.88	29.89	26.6	27.95	44348092	1269541760
2015/12/22	25.2	27.17	24.63	27.17	27843683	724790336
2015/12/21	23.42	24.7	22.88	24.7	32281362	779641408
2015/12/18	22.31	23.18	22.01	22.45	12851603	289072320
2015/12/17	22.01	23.45	22.01	22.41	18540660	421950656
2015/12/16	21.65	22.22	21.2	21.88	15234552	331591680
2015/12/15	20	22.19	19.96	21.65	19407244	410835520
2015/12/14	19.71	20.26	19.45	20.17	8170489	161979312
2015/12/11	19.8	20.51	19.07	19.87	12950833	259232336
2015/12/10	19.74	20.16	19.42	19.46	10864854	214551520
2015/12/9	20.48	21.16	19.58	19.84	14486549	293063456
2015/12/8	20.45	21.5	20.3	20.75	18325042	384992704
2015/12/7	20.3	21.5	19.62	20.88	17812289	364669856
2015/12/4	19.13	20.7	18.71	20.27	27174009	532957664
2015/12/3	18.05	18.92	18.02	18.9	13319331	245606048
2015/12/2	18.2	18.38	16.8	18.15	16367938	291347872
2015/12/1	18.27	19.3	17.9	17.95	19537566	364254368
2015/11/30	18.45	18.8	16.81	18.44	22329502	400116768
2015/11/27	19.72	20.36	18.35	18.35	28261813	543691392
2015/11/26	23.79	23.8	20.18	20.39	37850987	842123008
2015/11/25	20.99	21.74	20.2	21.74	7081716	150957520
2015/11/13	20.01	20.45	19.41	19.76	19753757	393176832
2015/11/12	19.49	20.53	19.4	20.45	24160213	483758592
2015/11/11	19.58	20.75	19.38	19.85	33659235	675517120
2015/11/10	17.4	19.36	17.25	19.36	34412551	651138752
2015/11/9	16.61	17.98	16.34	17.6	28058066	479453824
2015/11/6	16.74	17.4	16.6	16.8	22522016	382498720
2015/11/5	16.71	16.98	16.1	16.71	26161769	432583392
2015/11/4	16	16.92	16	16.69	25355423	420196960
2015/11/3	14.82	16.08	14.82	15.94	24939017	392274048
2015/11/2	15	15.74	14.5	14.8	19221998	292136864
2015/10/30	15.66	16.25	15.39	15.75	23903718	380419488
2015/10/29	15.15	15.78	15.11	15.39	19610222	302984672
2015/10/28	15.6	16.39	14.95	14.99	23066552	357316384
2015/10/27	15.31	16.28	14.73	15.96	30230162	472178976
2015/10/26	17.32	17.32	15.89	15.89	45071416	731981056
2015/10/23	17.57	18.49	17.29	17.65	37505350	663186688
2015/10/22	16.33	18.56	16	17.9	52968992	910972800
2015/10/21	16.49	18.16	16.3	16.92	61089299	1067755968
2015/10/20	16.61	16.94	16.27	16.51	31097935	513047776
2015/10/19	15.99	17.46	15.56	16.94	46949961	768206016
2015/10/16	16.69	17.88	16.24	16.33	48539109	819545344
2015/10/15	16.4	17.18	15.55	16.69	51869880	846119616
2015/10/14	15	16.95	14.92	16.95	69848566	1141114496
2015/10/13	15.65	16.28	14.9	15.41	65008045	1010147136
2015/10/12	14	14.8	13.86	14.8	18831681	269928832
2015/10/9	12.35	13.45	12.22	13.45	27183326	356642688
2015/10/8	11.8	12.44	11.76	12.23	22672450	274011328
2015/9/30	11.89	12.5	11.48	11.49	22719530	271598240
2015/9/29	11.91	12.48	11.66	11.89	29071750	349587264
2015/9/28	11.22	12.42	10.9	12.3	30564902	360138048
2015/9/25	12.28	12.55	11.39	11.39	44377850	526131200
2015/9/24	11.88	13.35	11.61	12.65	60834621	758574400
2015/9/23	11.75	12.32	11.35	12.17	70398622	844808576
2015/9/22	10.17	11.2	10.08	11.2	25032913	276308064
2015/9/21	9.61	10.2	9.39	10.18	27567662	272290528
2015/9/18	9.74	10.25	9.7	9.94	29431581	293391296
2015/9/17	9.62	10.57	9.26	9.71	43458398	429865216
2015/9/16	8.6	9.67	8.6	9.67	33781752	312048288
2015/9/15	9.18	9.7	8.79	8.79	38007145	343960352
2015/9/14	10.88	11.2	9.38	9.77	65859403	699502720
2015/9/11	9.11	10.18	9.11	10.18	27049521	272385728
2015/9/10	8.9	9.76	8.75	9.25	38104781	355961024
2015/9/9	8.5	9.32	8.31	9.2	42492178	379867040
2015/9/8	8.39	8.7	7.7	8.47	36680907	299700768
2015/9/7	9.66	9.9	8.55	8.55	44574653	408314880
2015/9/2	9.5	10.44	9.5	9.5	48145803	465637376
2015/9/1	11.8	12.24	10.54	10.55	81603915	970131584
2015/8/31	11.13	11.13	11	11.13	19158975	213192384
2015/8/28	10.12	10.12	10.12	10.12	1701941	17223642
2015/3/20	8.97	9.35	8.92	9.2	13154102	120758592
2015/3/19	9	9.17	8.82	9.01	12561944	113044216
2015/3/18	8.85	9.2	8.7	9.05	15483260	139891504
2015/3/17	8.41	9.09	8.37	8.84	20533193	181044672
2015/3/16	8.25	8.47	8.18	8.42	11053390	92184296
2015/3/13	8.13	8.23	8.04	8.2	6019487	49038528
2015/3/12	8.34	8.38	8.03	8.13	9310309	76161640
2015/3/11	8.45	8.68	8.3	8.34	9514266	80054808
2015/3/10	8.27	8.49	8.12	8.49	12674390	105382368
2015/3/9	8.09	8.38	7.98	8.27	8143867	66966300
2015/3/6	8.4	8.43	8.09	8.1	9551736	78740048
2015/3/5	8.09	8.46	7.97	8.4	15736782	129507824
2015/3/4	8	8.11	7.94	8.05	10385918	83324512
2015/3/3	8.28	8.28	7.99	8	16954898	137604096
2015/3/2	8.23	8.47	8.05	8.35	18185802	150839568
2015/2/27	7.59	8.4	7.59	8.22	27143037	218889392
2015/2/26	7.58	7.94	7.46	7.64	17930444	138101856
2015/2/25	7.22	7.69	7.14	7.6	15117289	112136112
2015/2/17	7.29	7.31	7.14	7.22	6550335	47087124
2015/2/16	7.08	7.28	7.07	7.25	9385201	67332784
2015/2/13	7.03	7.13	7.02	7.06	7259050	51366684
2015/2/12	7.12	7.14	7	7.02	6063806	42865500
2015/2/11	6.98	7.16	6.8	7.14	6841551	48213640
2015/2/10	7.02	7.1	6.87	6.98	6392512	44450948
2015/2/9	7.32	7.38	6.92	7.11	12622996	89396184
2015/2/6	6.89	7.32	6.83	7.25	22891972	164391424
2015/2/5	6.66	7.09	6	6.93	16463420	113838304
2015/2/4	6.69	6.7	6.64	6.66	2724680	18170832
2015/2/3	6.65	6.7	6.63	6.68	3960332	26402322
2015/2/2	6.68	6.7	6.58	6.65	3606568	23929530
2015/1/30	6.74	6.84	6.71	6.77	5051501	34196396
2015/1/29	6.68	6.93	6.67	6.8	8881962	60706584
2015/1/28	6.76	6.76	6.65	6.65	4299560	28819888
2015/1/27	6.72	6.83	6.68	6.76	5278345	35669852
2015/1/26	6.62	6.8	6.57	6.77	5830306	39036404
2015/1/23	6.66	6.75	6.57	6.62	5827879	38813004
2015/1/22	6.55	6.66	6.49	6.66	4875817	32149850
2015/1/21	6.4	6.54	6.37	6.53	4484211	29102298
2015/1/20	6.21	6.38	6.21	6.36	3147772	19908234
2015/1/19	6.26	6.48	6.15	6.2	4557862	28655932
2015/1/16	6.33	6.42	6.29	6.37	3196706	20330252
2015/1/15	6.3	6.33	6.24	6.33	2368283	14901372
2015/1/14	6.4	6.4	6.18	6.26	3819161	24038140
2015/1/13	6.35	6.4	6.33	6.39	3485927	22191892
2015/1/12	6.7	6.7	6.28	6.36	6597236	42782108
2015/1/9	6.81	6.85	6.72	6.73	3904664	26548778
2015/1/8	6.96	6.99	6.8	6.83	5117870	35163376
2015/1/7	6.86	7	6.81	6.96	8652396	59882016
2015/1/6	6.86	6.94	6.69	6.93	10403540	70573816
2015/1/5	6.82	6.97	6.67	6.86	5345063	36431632
2014/12/31	6.83	6.94	6.76	6.84	3353843	22878704
2014/12/30	6.83	7.03	6.79	6.89	4585576	31734902
2014/12/29	7	7	6.81	6.82	3914947	26835600
2014/12/26	6.96	7.03	6.81	7	5913384	40929624
2014/12/25	6.89	7.03	6.85	6.93	3485889	24178794
2014/12/24	6.74	7.04	6.74	6.88	4180514	28866794
2014/12/23	6.95	6.96	6.61	6.71	4573915	31174452
2014/12/22	7.34	7.34	6.67	6.98	12153776	85318952
2014/12/19	6.88	7.35	6.64	7.34	17688812	126125544
2014/12/18	6.97	7.01	6.86	6.88	4507660	31201214
2014/12/17	7.18	7.18	6.93	7	6645209	46797212
2014/12/16	7.13	7.26	7.05	7.2	7873453	56410188
2014/12/15	7.06	7.2	6.99	7.16	7633927	54450316
2014/12/12	6.92	7.04	6.88	7.03	4827186	33583696
2014/12/11	6.81	6.96	6.73	6.92	4267550	29345970
2014/12/10	6.64	6.86	6.64	6.85	5160141	34888648
2014/12/9	7.03	7.03	6.61	6.64	9917036	67888696
2014/12/8	7.08	7.08	6.89	7	9646716	67294256
2014/12/5	7.39	7.4	6.92	7.1	11619761	83110880
2014/12/4	7.25	7.49	7.23	7.39	13116379	96962856
2014/12/3	7.26	7.32	7.15	7.27	7119982	51410012
2014/12/2	7.15	7.35	7.13	7.28	5975547	43527796
2014/12/1	7.31	7.42	7.02	7.19	9403246	68174776
2014/11/28	7.5	7.51	7.28	7.37	9445534	69817720
2014/11/27	7.41	7.64	7.37	7.5	11554045	86633968
2014/11/26	7.48	7.48	7.3	7.41	7374565	54411356
2014/11/25	7.33	7.4	7.27	7.4	7733922	56827868
2014/11/24	7.46	7.48	7.25	7.33	8357079	61162612
2014/11/21	7.33	7.42	7.26	7.38	6397848	47051764
2014/11/20	7.28	7.43	7.25	7.33	5698550	41875776
2014/11/19	7.32	7.35	7.22	7.3	4019240	29286480
2014/11/18	7.24	7.4	7.2	7.31	6920916	50583292
2014/11/17	6.94	7.32	6.9	7.31	9619128	68928168
2014/11/14	6.89	6.98	6.84	6.95	3451657	23840416
2014/11/13	7.1	7.1	6.9	6.96	3727978	25999648
2014/11/12	6.85	7.03	6.81	7.03	4588404	31904440
2014/11/11	7.4	7.4	6.85	6.93	13133139	92824936
2014/11/10	7.36	7.49	7.24	7.35	8114315	59804716
2014/11/7	7.5	7.76	7.29	7.36	18216016	137652512
2014/11/6	7.2	7.39	7.2	7.36	8335493	61038264
2014/11/5	7.24	7.28	7.15	7.21	4722006	34070104
2014/11/4	7.34	7.34	7.19	7.22	6512694	47167436
2014/11/3	7.22	7.48	7.17	7.34	11822510	86865808
2014/10/31	7.13	7.31	7.09	7.18	10417526	74870096
2014/10/30	7.27	7.28	7.1	7.12	9474633	67947416
2014/10/29	7.13	7.34	7.06	7.24	10264495	74139560
2014/10/28	6.99	7.08	6.93	7.07	6434525	45129232
2014/10/27	6.8	7.07	6.67	6.93	5285706	36590628
2014/10/24	6.81	6.91	6.78	6.8	4314826	29540166
2014/10/23	6.88	6.96	6.76	6.81	6175983	42314180
2014/10/22	7.11	7.19	6.9	6.9	7032051	49684176
2014/10/21	7.26	7.26	7.11	7.11	5781064	41461252
2014/10/20	7.16	7.24	7.13	7.2	6250255	44913560
2014/10/17	7.35	7.48	7.04	7.1	10835845	78228008
2014/10/16	7.6	7.65	7.4	7.41	16449405	124155616
2014/10/15	7.94	7.94	7.65	7.72	23504049	182304880
2014/10/14	7.19	7.94	7.13	7.94	35651133	273480704
2014/10/13	6.96	7.3	6.76	7.22	14458517	102227288
2014/10/10	7.06	7.06	6.91	6.96	5510614	38496248
2014/10/9	7.17	7.19	6.94	7.09	8048205	56803632
2014/10/8	7.13	7.21	7.1	7.17	5796684	41422620
2014/9/30	7.23	7.24	7.09	7.11	5706590	40704632
2014/9/29	6.97	7.09	6.95	7.08	6477506	45592532
2014/9/26	6.76	6.95	6.76	6.91	5914588	40756992
2014/9/25	6.85	6.89	6.74	6.75	5517040	37719784
2014/9/24	6.66	6.86	6.65	6.85	4899881	33321356
2014/9/23	6.58	6.74	6.55	6.68	4545633	30263528
2014/9/22	6.82	6.87	6.56	6.58	7790363	52093772
2014/9/19	6.86	6.95	6.81	6.88	4300649	29520864
2014/9/18	6.83	6.94	6.81	6.91	4484757	30862450
2014/9/17	7.03	7.09	6.71	6.83	9548050	65500988
2014/9/16	7.14	7.4	7.04	7.05	12165848	88159016
2014/9/15	7.1	7.19	7.05	7.14	7403213	52708084
2014/9/12	7.05	7.14	7.02	7.12	6764829	47979644
2014/9/11	7.29	7.37	7.04	7.11	13538340	97550864
2014/9/10	7.1	7.55	7.04	7.38	14498214	107001184
2014/9/9	7.08	7.15	7	7.12	5707193	40330844
2014/9/5	7.16	7.17	7.04	7.1	6079341	43085644
2014/9/4	7.16	7.19	7.06	7.14	5343203	38086812
2014/9/3	7.16	7.24	7.1	7.13	6255336	44758740
2014/9/2	7.15	7.19	7.04	7.18	6245168	44493320
2014/9/1	6.99	7.15	6.96	7.15	4655582	33032770
2014/8/29	7.01	7.1	6.89	7.02	5465830	38267932
2014/8/28	6.76	7.08	6.76	7.01	8021255	55690552
2014/8/27	6.85	6.9	6.72	6.74	5675659	38553900
2014/8/26	6.87	7.1	6.84	6.86	6634321	46182484
2014/8/25	7.18	7.18	6.9	6.91	9115757	63756620
2014/8/22	7.28	7.3	7.08	7.19	6981104	50121252
2014/8/21	7.26	7.44	7.01	7.3	10191760	73245504
2014/8/20	6.96	7.6	6.96	7.24	14672516	107733984
2014/8/19	7.22	7.33	6.94	7.05	15208039	108185840
2014/8/18	6.72	7.37	6.55	7.28	23378054	164254832
2014/8/15	6.3	6.74	6.16	6.7	17363636	113862416
2014/8/14	6.09	6.3	6.01	6.19	13202172	81866696
2014/8/13	5.93	6.1	5.88	6.09	7315995	43631808
2014/8/12	5.93	5.97	5.9	5.94	4203778	24945664
2014/8/11	5.87	5.97	5.83	5.93	5319584	31607970
2014/8/8	5.77	5.88	5.75	5.87	5036156	29319574
2014/8/7	5.96	5.96	5.75	5.76	9142008	53489412
2014/8/6	5.96	6.03	5.91	5.95	5635907	33625216
2014/8/5	6.01	6.06	5.84	6.02	10199446	60575576
2014/8/4	6.13	6.19	5.9	5.98	12538860	75665248
2014/8/1	6.23	6.23	6.1	6.13	6201863	38183700
2014/7/31	5.95	6.36	5.92	6.24	11969436	74361584
2014/7/30	6.05	6.19	5.87	5.95	13545123	81326640
2014/7/29	5.7	6.3	5.63	6.07	20425806	120806736
2014/7/28	5.65	5.87	5.55	5.75	10819976	61589144
2014/7/25	5.69	5.74	5.55	5.62	4622755	25955198
2014/7/24	5.63	5.85	5.35	5.74	10472777	58922952
2014/7/23	5.72	5.75	5.52	5.67	9596903	53957092
2014/7/22	5.77	5.99	5.63	5.7	13052860	75566152
2014/7/21	5.41	5.94	5.36	5.64	15552646	88643400
2014/7/18	5.4	5.56	5.32	5.41	8898220	48440064
2014/7/17	5.5	5.58	5.39	5.49	14198287	77893704
2014/7/16	5.17	5.78	5.13	5.69	28408524	156686656
2014/7/15	5.4	5.54	5.1	5.25	22200459	117432768
2014/7/14	5.3	5.39	5.1	5.26	24277083	127786184
2014/7/11	4.82	5.18	4.81	5.18	27322034	139681712
2014/7/10	4.63	4.74	4.63	4.71	3147633	14750531
2014/7/9	4.89	4.9	4.58	4.64	6254644	29595882
2014/7/8	4.87	4.93	4.85	4.88	1976481	9645721
2014/7/7	4.94	4.96	4.84	4.88	3459986	16917660
2014/7/4	4.9	5.05	4.87	4.94	5250714	25952112
2014/7/3	4.92	4.97	4.87	4.89	3705142	18219248
2014/7/2	4.86	4.96	4.85	4.92	5367258	26303196
2014/7/1	4.84	5.03	4.76	4.9	8199415	40136496
2014/6/30	4.83	4.92	4.78	4.79	3234108	15576135
2014/6/27	4.74	4.95	4.7	4.8	5432476	26273638
2014/6/26	4.68	4.79	4.67	4.74	3048935	14431268
2014/6/25	4.72	4.76	4.66	4.67	2000063	9419765
2014/6/24	4.73	4.73	4.63	4.72	2871911	13427777
2014/6/23	4.78	4.79	4.65	4.72	3274226	15473191
2014/6/20	4.7	4.78	4.6	4.75	2405533	11343113
2014/6/19	4.57	4.84	4.57	4.73	6853946	32573470
2014/6/18	4.68	4.74	4.6	4.6	3549401	16575165
2014/6/17	4.77	4.79	4.68	4.71	4387577	20716486
2014/6/16	4.82	4.84	4.75	4.81	4415928	21224956
2014/6/13	4.99	4.99	4.74	4.79	9447743	45595200
2014/6/12	5	5.24	4.91	5.03	14489259	73257136
2014/6/11	5.28	5.28	4.84	4.94	17379005	87672512
2014/6/10	4.5	4.88	4.47	4.8	6129734	28976546
2014/6/9	4.44	4.53	4.44	4.51	2161704	9732874
2014/6/6	4.4	4.54	4.38	4.47	3169484	14154780
2014/6/5	4.31	4.4	4.3	4.4	1883405	8244532.5
2014/6/4	4.42	4.43	4.27	4.34	1870093	8102767.5
2014/6/3	4.42	4.44	4.38	4.43	2061802	9073346
2014/5/30	4.42	4.45	4.35	4.4	2520967	11095130
2014/5/29	4.41	4.53	4.41	4.42	5671097	25371400
2014/5/28	4.32	4.4	4.28	4.39	1929448	8402483
2014/5/27	4.36	4.41	4.32	4.34	1753330	7642001
2014/5/26	4.36	4.37	4.32	4.34	1341073	5817942
2014/5/23	4.23	4.36	4.22	4.36	1801510	7750423.5
2014/5/22	4.26	4.33	4.24	4.24	1716876	7369361.5
2014/5/21	4.21	4.27	4.17	4.27	1062871	4497103
2014/5/20	4.24	4.27	4.2	4.21	1050709	4445709
2014/5/19	4.19	4.23	4.15	4.23	990020	4144171.75
2014/5/16	4.18	4.23	4.13	4.21	1321353	5534377
2014/5/15	4.33	4.36	4.14	4.18	3286219	13886534
2014/5/14	4.31	4.35	4.3	4.33	954609	4127183.75
2014/5/13	4.37	4.37	4.3	4.33	1870750	8110381.5
2014/5/12	4.24	4.35	4.2	4.34	2236063	9610150
2014/5/9	4.21	4.25	4.12	4.2	2417599	10089383
2014/5/8	4.25	4.3	4.19	4.22	1550000	6571906
2014/5/7	4.27	4.31	4.23	4.26	2858174	12196961
2014/5/6	4.28	4.32	4.24	4.3	3650315	15672174
2014/5/5	4.28	4.29	4.21	4.27	2013875	8566266
2014/4/30	4.26	4.29	4.22	4.28	1805267	7663846.5
2014/4/29	4.2	4.27	4.17	4.26	1669627	7025923.5
2014/4/28	4.27	4.28	4.11	4.19	2889665	12097494
2014/4/25	4.33	4.41	4.31	4.31	2693358	11759369
2014/4/24	4.35	4.42	4.29	4.36	3400354	14822513
2014/4/23	4.46	4.47	4.34	4.36	3898773	17138322
2014/4/22	4.6	4.6	4.37	4.43	5613629	25076966
2014/4/21	4.71	4.72	4.6	4.61	3167028	14751953
2014/4/18	4.72	4.83	4.72	4.77	3703150	17688576
2014/4/17	4.76	4.77	4.69	4.74	3043158	14402911
2014/4/16	4.61	4.78	4.58	4.76	6060799	28548384
2014/4/15	4.7	4.7	4.6	4.61	3976218	18443868
2014/4/14	4.63	4.73	4.6	4.73	3878054	18089858
2014/4/11	4.71	4.71	4.58	4.63	4634399	21378928
2014/4/10	4.75	4.76	4.68	4.7	4376994	20638742
2014/4/9	4.69	4.75	4.68	4.75	3501839	16533380
2014/4/8	4.66	4.73	4.57	4.72	4842580	22509614
2014/4/4	4.84	4.85	4.65	4.71	5586133	26212596
2014/4/3	4.94	4.97	4.84	4.85	3229032	15776104
2014/4/2	4.9	4.97	4.88	4.92	3443294	16977462
2014/4/1	4.85	4.93	4.85	4.9	3372005	16444574
2014/3/31	4.88	5	4.84	4.9	4896802	24130488
2014/3/28	4.92	5.02	4.85	4.85	7966439	39298400
2014/3/27	5.07	5.19	4.94	4.94	12587593	63853732
2014/3/26	5.24	5.24	5.03	5.07	7644011	38955376
2014/3/25	5	5.29	4.95	5.17	13929136	71709256
2014/3/24	4.98	5.07	4.93	4.99	8549829	42661680
2014/3/21	4.84	4.98	4.78	4.98	11099339	54610976
2014/3/20	4.94	5.02	4.8	4.83	10025732	49428484
2014/3/19	4.84	5	4.81	4.97	10662427	52357356
2014/3/18	4.99	5.03	4.86	4.88	13886845	68449600
2014/3/17	4.8	5.09	4.75	5.03	19695565	97180704
2014/3/14	4.59	5.08	4.56	4.89	29545504	143644240
2014/3/13	4.48	4.67	4.44	4.66	12522646	57059608
2014/3/12	4.3	4.57	4.28	4.48	11738277	52407588
2014/3/11	4.2	4.43	4.2	4.37	5598080	24242588
2014/3/10	4.25	4.31	4.18	4.22	2461149	10451509
2014/3/7	4.3	4.34	4.25	4.27	2351804	10084837
2014/3/6	4.25	4.39	4.24	4.33	3067385	13251224
2014/3/5	4.3	4.31	4.25	4.25	2850842	12172788
2014/3/4	4.21	4.31	4.17	4.3	2856063	12089381
2014/3/3	4.09	4.25	4.08	4.22	3074769	12920546
2014/2/28	4.04	4.11	4	4.1	1550863	6290297.5
2014/2/27	4.1	4.14	4.02	4.03	2417274	9861830
2014/2/26	4.06	4.1	4.01	4.1	2970418	12026052
2014/2/25	4.16	4.24	4.06	4.06	3407082	14137928
2014/2/24	4.26	4.26	4.12	4.2	3708391	15477658
2014/2/21	4.36	4.37	4.27	4.29	2528465	10907591
2014/2/20	4.37	4.4	4.27	4.36	3769841	16394558
2014/2/19	4.35	4.42	4.33	4.37	3216903	14082069
2014/2/18	4.41	4.43	4.33	4.36	2754720	12037712
2014/2/17	4.34	4.43	4.34	4.4	2650264	11657100
2014/2/14	4.25	4.37	4.25	4.35	2761083	11935046
2014/2/13	4.34	4.4	4.25	4.28	4253520	18474106
2014/2/12	4.22	4.3	4.2	4.29	2443278	10427834
2014/2/11	4.2	4.33	4.19	4.24	3765993	16025771
2014/2/10	4.17	4.22	4.11	4.2	3171189	13258462
2014/2/7	4.09	4.13	4.03	4.12	1772021	7257464.5
2014/1/30	4.09	4.17	4.07	4.11	1832746	7533093
2014/1/29	4.06	4.09	4.03	4.09	1847351	7502982
2014/1/28	4.05	4.1	4.04	4.06	1458711	5933626.5
2014/1/27	4.07	4.1	4.04	4.04	1860549	7553080.5
2014/1/24	4.05	4.12	4.02	4.09	2768932	11321655
2014/1/23	4.08	4.1	4.03	4.05	3058416	12443482
2014/1/22	3.97	4.12	3.92	4.05	3634040	14621572
2014/1/21	3.89	3.96	3.89	3.95	1593821	6268074
2014/1/20	3.91	3.94	3.88	3.92	1481694	5788839
2014/1/17	3.96	3.96	3.88	3.93	1592915	6223668
2014/1/16	3.93	3.99	3.89	3.95	1641886	6483831
2014/1/15	3.93	3.94	3.88	3.92	1060104	4147807.5
2014/1/14	3.87	3.93	3.84	3.93	1502794	5843751.5
2014/1/13	3.81	3.89	3.79	3.86	1922821	7353666.5
2014/1/10	3.91	3.91	3.78	3.79	2457659	9398019
2014/1/9	3.97	4	3.91	3.92	2646025	10461688
2014/1/8	4.11	4.14	3.94	3.97	3814663	15347925
2014/1/7	4.07	4.12	4.06	4.12	1242553	5083127.5
2014/1/6	4.22	4.22	4.08	4.09	2789432	11484802
2014/1/3	4.19	4.29	4.18	4.23	2894378	12231106
2014/1/2	4.21	4.23	4.14	4.21	2362546	9866963
2013/12/31	4.13	4.25	4.12	4.21	2819112	11834307
2013/12/30	4.13	4.19	4.08	4.15	2758460	11385813
2013/12/27	4.06	4.14	4.06	4.12	2691352	11044499
2013/12/26	4.21	4.21	4.06	4.07	3209650	13239273
2013/12/25	4.21	4.23	4.17	4.21	1952059	8193685
2013/12/24	4.19	4.25	4.16	4.21	2833229	11919645
2013/12/23	4.3	4.3	4.13	4.19	2923917	12284992
2013/12/20	4.34	4.36	4.23	4.27	2674350	11453011
2013/12/19	4.39	4.4	4.31	4.33	3019334	13146373
2013/12/18	4.45	4.48	4.34	4.35	3454551	15204048
2013/12/17	4.45	4.51	4.41	4.45	4036329	17983894
2013/12/16	4.45	4.5	4.41	4.46	5089400	22628112
2013/12/13	4.57	4.58	4.43	4.45	8261375	36990472
2013/12/12	4.52	4.68	4.51	4.58	11290977	51951580
2013/12/11	4.74	4.75	4.48	4.59	19066502	87273656
2013/12/10	4.23	4.65	4.22	4.65	17200958	78974312
2013/12/9	4.21	4.24	4.16	4.23	1709026	7191719
2013/12/6	4.22	4.24	4.15	4.21	1824888	7661291.5
2013/12/5	4.2	4.26	4.17	4.23	2241906	9459008
2013/12/4	4.12	4.27	4.12	4.23	2999178	12626952
2013/12/3	4.05	4.17	4.02	4.15	2111899	8655213
2013/12/2	4.29	4.3	4.04	4.08	5991994	24934254
2013/11/29	4.34	4.4	4.34	4.38	2766385	12099376
2013/11/28	4.37	4.41	4.33	4.35	2906956	12698773
2013/11/27	4.29	4.38	4.28	4.38	2671241	11578461
2013/11/26	4.26	4.32	4.25	4.31	2304835	9867344
2013/11/25	4.26	4.31	4.23	4.27	2196796	9409766
2013/11/22	4.28	4.3	4.24	4.27	1744833	7440261.5
2013/11/21	4.32	4.32	4.24	4.28	3781673	16141910
2013/11/20	4.35	4.35	4.26	4.34	2849979	12270359
2013/11/19	4.37	4.39	4.3	4.34	2389486	10360961
2013/11/18	4.28	4.37	4.26	4.37	3470187	14955305
2013/11/15	4.23	4.31	4.22	4.28	2566874	10985820
2013/11/14	4.2	4.25	4.17	4.22	2083892	8788290
2013/11/13	4.22	4.3	4.17	4.2	2412418	10236630
2013/11/12	4.17	4.23	4.16	4.22	1716188	7224424
2013/11/11	4.15	4.22	4.11	4.19	1409743	5853415.5
2013/11/8	4.18	4.2	4.12	4.15	1599100	6659340
2013/11/7	4.22	4.24	4.18	4.2	1981953	8331336
2013/11/6	4.25	4.32	4.23	4.24	1930862	8246580
2013/11/5	4.21	4.3	4.15	4.28	2222542	9414590
2013/11/4	4.18	4.22	4.15	4.21	1324282	5558813.5
2013/11/1	4.21	4.23	4.11	4.19	2004976	8377726
2013/10/31	4.25	4.27	4.17	4.21	2629600	11068922
2013/10/30	4.22	4.28	4.16	4.27	3981606	16869644
2013/10/29	4.53	4.58	4.11	4.26	5918466	25850620
2013/10/28	4.41	4.66	4.3	4.55	6272929	28547050
2013/10/25	4.48	4.61	4.38	4.44	4672011	21050148
2013/10/24	4.3	4.68	4.25	4.5	7937403	35697532
2013/10/23	4.57	4.57	4.34	4.34	5431845	24180108
2013/10/22	4.54	4.64	4.5	4.59	4700496	21476706
2013/10/21	4.47	4.57	4.46	4.56	3371193	15303016
2013/10/18	4.46	4.5	4.43	4.47	2351799	10515145
2013/10/17	4.5	4.55	4.46	4.48	3041669	13701054
2013/10/16	4.6	4.6	4.46	4.5	5163930	23330488
2013/10/15	4.56	4.66	4.45	4.66	8368693	37831872
2013/10/14	4.67	4.72	4.58	4.6	5345301	24779946
2013/10/11	4.55	4.74	4.49	4.69	8016643	37120896
2013/10/10	4.51	4.74	4.46	4.54	8977644	41226728
2013/10/9	4.43	4.57	4.41	4.54	5767075	26026748
2013/10/8	4.35	4.46	4.33	4.46	6590268	29146350
2013/9/30	4.27	4.39	4.24	4.38	4053956	17495296
2013/9/27	4.26	4.31	4.2	4.25	2916876	12429475
2013/9/26	4.28	4.33	4.23	4.26	4878054	20920356
2013/9/25	4.3	4.36	4.22	4.25	3080491	13257600
2013/9/24	4.39	4.39	4.27	4.29	4444894	19222394
2013/9/23	4.38	4.4	4.3	4.4	4612922	20006518
2013/9/18	4.28	4.43	4.27	4.36	4829339	21019062
2013/9/17	4.28	4.37	4.26	4.26	4168121	17979408
2013/9/16	4.31	4.37	4.27	4.3	3503190	15117019
2013/9/13	4.23	4.38	4.2	4.33	7250475	31149544
2013/9/12	4.18	4.25	4.18	4.23	3657305	15434065
2013/9/11	4.24	4.28	4.16	4.19	5668279	23822224
2013/9/10	4.21	4.3	4.2	4.24	5616075	23890458
2013/9/9	4.19	4.29	4.16	4.22	5543554	23447582
2013/9/6	4.2	4.21	4.11	4.19	5119880	21326068
2013/9/5	4.32	4.39	4.19	4.2	5957318	25331244
2013/9/4	4.39	4.44	4.25	4.32	5192807	22363342
2013/9/3	4.25	4.44	4.25	4.39	5631596	24665200
2013/9/2	4.39	4.47	4.2	4.28	5683850	24401122
2013/8/30	4.22	4.42	4.18	4.38	10571000	46099920
2013/8/29	4.25	4.31	4.2	4.21	5101109	21611056
2013/8/28	4.22	4.33	4.19	4.28	6672148	28550418
2013/8/27	4.34	4.35	4.23	4.26	7683500	32887368
2013/8/26	4.09	4.39	4.06	4.34	16088654	68773312
2013/8/23	4.07	4.16	3.99	4.08	4944110	20163342
2013/8/22	4.04	4.23	4.02	4.09	6412175	26422092
2013/8/21	3.99	4.05	3.97	4.04	2118745	8523050
2013/8/20	3.99	4.04	3.95	3.98	2042787	8185882
2013/8/19	3.91	4.01	3.91	3.99	1797098	7149549.5
2013/8/16	3.95	4.03	3.94	3.95	2510804	10019290
2013/8/15	3.99	4	3.96	3.96	2019600	8045775
2013/8/14	4.04	4.05	3.97	4	2048977	8191840
2013/8/13	4.03	4.08	3.99	4.01	2927636	11766544
2013/8/12	3.95	4.06	3.93	4.02	3174900	12672731
2013/8/9	3.98	3.99	3.9	3.94	3679237	14501200
2013/8/8	4.01	4.02	3.92	3.97	3247729	12874157
2013/8/7	3.95	4.1	3.91	4.01	5040681	20188066
2013/8/6	3.88	3.96	3.88	3.93	2626393	10307462
2013/8/5	3.87	3.91	3.85	3.89	2348594	9111402
2013/8/2	3.89	3.9	3.84	3.87	2001950	7740853.5
2013/8/1	3.81	3.88	3.8	3.88	2947661	11359017
2013/7/31	3.84	3.84	3.79	3.81	2061415	7855044
2013/7/30	3.8	3.85	3.78	3.8	1853766	7068080.5
2013/7/29	3.82	3.93	3.77	3.82	2561700	9865118
2013/7/26	3.8	3.85	3.75	3.82	1982137	7570169
2013/7/25	3.85	3.87	3.75	3.76	2228967	8481690
2013/7/24	3.82	3.88	3.78	3.85	2350581	9012982
2013/7/23	3.73	3.82	3.72	3.82	1930610	7325311
2013/7/22	3.7	3.74	3.66	3.73	1602980	5947678.5
2013/7/19	3.76	3.82	3.72	3.73	1903500	7172362
2013/7/18	3.83	3.83	3.74	3.77	1426045	5394225
2013/7/17	3.84	3.9	3.76	3.8	2703928	10381414
2013/7/16	3.8	3.85	3.78	3.84	1878159	7183738
2013/7/15	3.76	3.84	3.73	3.8	1629509	6176318
2013/7/12	3.78	3.88	3.72	3.74	2492011	9468649
2013/7/11	3.69	3.83	3.66	3.77	3817172	14360310
2013/7/10	3.57	3.81	3.55	3.71	3160983	11671139
2013/7/9	3.53	3.6	3.5	3.56	1569247	5605284
2013/7/8	3.7	3.73	3.55	3.55	2967203	10705729
2013/7/5	3.73	3.76	3.69	3.74	2159756	8058578.5
2013/7/4	3.66	3.77	3.65	3.73	2756950	10289533
2013/7/3	3.84	3.85	3.65	3.72	5000345	18682796
2013/7/2	3.89	3.92	3.82	3.9	5050452	19568738
2013/7/1	4.17	4.17	3.84	4	10529883	41715360
2013/6/13	3.92	4.27	3.9	4.2	14231674	58796976
2013/6/7	3.93	3.98	3.9	3.92	2784026	10965095
2013/6/6	4.09	4.09	3.92	3.93	3889585	15616752
2013/6/5	4.1	4.14	4.06	4.12	2029231	8325705
2013/6/4	4.22	4.23	4.05	4.1	5492182	22687754
2013/6/3	4.14	4.34	4.12	4.23	8887073	37655120
2013/5/31	4.18	4.2	4.13	4.14	4373311	18234290
2013/5/30	4.12	4.21	4.1	4.2	7315950	30481790
2013/5/29	4.12	4.15	4.1	4.12	3606605	14877983
2013/5/28	4.09	4.16	4.07	4.14	5882051	24269852
2013/5/27	4.1	4.12	4.06	4.09	3035771	12398503
2013/5/24	4.12	4.15	4.08	4.1	4053343	16603833
2013/5/23	4.11	4.16	4.07	4.12	5219194	21482336
2013/5/22	4.15	4.18	4.09	4.12	5182095	21442858
2013/5/21	4.11	4.16	4.08	4.15	5941531	24528372
2013/5/20	4.1	4.12	4.05	4.11	6971132	28487272
2013/5/17	4.13	4.15	4.07	4.11	9783951	40131440
2013/5/16	4.15	4.15	4.07	4.13	2931071	12040951
2013/5/15	4.1	4.19	4.08	4.12	3759398	15504683
2013/5/14	4.02	4.23	4.01	4.13	8030696	33299066
2013/5/13	4.1	4.1	4.03	4.05	2026192	8236842.5
2013/5/10	3.99	4.12	3.97	4.09	4998289	20337258
2013/5/9	4.03	4.05	3.97	3.99	1510899	6037354
2013/5/8	4.03	4.06	3.97	4.05	2181013	8773343
2013/5/7	4.05	4.05	3.99	4.02	1477860	5927899.5
2013/5/6	4.01	4.12	4	4.03	3202278	12989552
2013/5/3	3.94	4.1	3.94	4.01	2926713	11789646
2013/5/2	4	4.06	3.92	3.95	2182580	8689051
2013/4/26	3.97	4.13	3.95	3.99	9008930	36136120
2013/4/25	4.02	4.03	3.94	4	3284206	13108911
2013/4/24	3.83	4.18	3.81	4.06	12005090	48497784
2013/4/23	3.93	3.93	3.79	3.8	1389400	5349286
2013/4/22	3.85	3.95	3.82	3.94	1774734	6922313
2013/4/19	3.84	3.9	3.81	3.88	1456758	5643129
2013/4/18	3.78	3.85	3.78	3.84	1087682	4146853.75
2013/4/17	3.8	3.83	3.78	3.83	935074	3561271
2013/4/16	3.7	3.82	3.7	3.8	910769	3432005
2013/4/15	3.84	3.86	3.75	3.76	1262104	4780966
2013/4/12	3.88	3.9	3.82	3.86	1269183	4909362
2013/4/11	3.91	3.98	3.87	3.92	1581519	6211958.5
2013/4/10	3.88	3.93	3.85	3.89	981402	3816609.75
2013/4/9	3.84	3.95	3.84	3.92	1760274	6839828.5
2013/4/8	3.85	3.86	3.74	3.85	2021613	7671520
2013/4/3	3.94	3.98	3.81	3.88	2142070	8322130.5
2013/4/2	4.05	4.1	3.93	3.94	1801967	7170561.5
2013/4/1	4.04	4.04	3.96	4.01	1413720	5667624.5
2013/3/29	4.03	4.05	3.97	3.99	1705457	6826699.5
2013/3/28	4.03	4.23	3.94	4.04	4199645	17063708
2013/3/27	4.07	4.11	4.01	4.05	1642696	6679711
2013/3/26	4.11	4.12	4.03	4.06	2090097	8505188
2013/3/25	4.07	4.13	4.05	4.13	2269834	9300530
2013/3/22	4.08	4.09	4.04	4.07	1720040	6986070
2013/3/21	4.05	4.13	4.03	4.08	3787606	15469504
2013/3/20	3.97	4.06	3.95	4.05	2340737	9406789
2013/3/19	3.94	3.97	3.89	3.97	1421928	5591876
2013/3/18	3.95	3.99	3.92	3.93	1755823	6937807
2013/3/15	3.99	4.04	3.94	3.96	1580032	6300933.5
2013/3/14	4	4.04	3.97	3.99	1417668	5673235.5
2013/3/13	4.04	4.07	3.96	4.01	2289601	9141187
2013/3/12	4.2	4.23	4.02	4.07	3179261	13055749
2013/3/11	4.15	4.2	4.13	4.2	1434090	5980108.5
2013/3/8	4.19	4.22	4.13	4.16	1831880	7642999.5
2013/3/7	4.28	4.28	4.15	4.19	3215368	13543186
2013/3/6	4.16	4.23	4.14	4.23	3188288	13385507
2013/3/5	4.09	4.16	4.09	4.16	2409761	9944530
2013/3/4	4.28	4.28	4.05	4.09	3856924	16009571
2013/3/1	4.24	4.28	4.23	4.27	2757404	11729008
2013/2/28	4.16	4.25	4.16	4.24	3025517	12759177
2013/2/27	4.21	4.23	4.13	4.2	2946127	12308638
2013/2/26	4.25	4.28	4.15	4.2	2769225	11707245
2013/2/25	4.22	4.27	4.19	4.23	1799044	7608654
2013/2/22	4.24	4.25	4.18	4.22	2117986	8960547
2013/2/21	4.25	4.28	4.18	4.23	3107391	13114126
2013/2/20	4.26	4.29	4.22	4.28	2383937	10168318
2013/2/19	4.36	4.36	4.21	4.26	3283348	13983453
2013/2/18	4.26	4.33	4.22	4.33	3812098	16319718
2013/2/8	4.21	4.25	4.19	4.24	2507031	10602271
2013/2/7	4.24	4.24	4.15	4.22	2375399	9947662
2013/2/6	4.2	4.24	4.17	4.22	2101322	8853873
2013/2/5	4.15	4.21	4.05	4.21	2976592	12340579
2013/2/4	4.2	4.23	4.13	4.14	2286341	9516302
2013/2/1	4.15	4.2	4.14	4.2	2125927	8883022
2013/1/31	4.2	4.23	4.12	4.14	3467538	14385500
2013/1/30	4.26	4.26	4.16	4.22	3324024	13974575
2013/1/29	4.2	4.28	4.17	4.27	3190697	13534977
2013/1/28	4.14	4.22	4.11	4.22	2253962	9436723
2013/1/25	4.24	4.24	4.12	4.14	3268728	13598110
2013/1/24	4.33	4.39	4.19	4.25	6206834	26658962
2013/1/23	4.31	4.52	4.27	4.42	7891097	34816444
2013/1/22	4.38	4.43	4.26	4.32	5849312	25443658
2013/1/21	4.5	4.54	4.37	4.45	10922807	48706832
2013/1/18	4.26	4.6	4.2	4.49	13253152	58407684
2013/1/17	4.2	4.32	4.15	4.26	4753548	20139296
2013/1/16	4.23	4.28	4.16	4.2	4100962	17287166
2013/1/15	4.19	4.29	4.18	4.27	4889526	20689122
2013/1/14	4.06	4.21	4.06	4.2	3940051	16398018
2013/1/11	4.25	4.28	4.06	4.12	4424537	18423234
2013/1/10	4.18	4.3	4.17	4.28	5219725	22129928
2013/1/9	4.15	4.59	4.15	4.27	12457951	54661776
2013/1/8	4.11	4.17	4.04	4.17	4720017	19454506
2013/1/7	4.05	4.1	4.02	4.1	2458950	9957477
2013/1/4	4.1	4.1	3.99	4.05	2125287	8605485
2012/12/31	4.09	4.09	4.01	4.08	2531108	10278223
2012/12/28	4.01	4.09	4.01	4.06	2466572	9984933
2012/12/27	4.09	4.13	4	4.01	3152813	12730145
2012/12/26	4.03	4.19	3.99	4.08	5119847	20873896
2012/12/25	3.91	4.04	3.9	4.03	4733570	18910672
2012/12/24	3.89	3.94	3.85	3.91	1754260	6859825.5
2012/12/21	3.96	3.97	3.89	3.91	2672923	10477539
2012/12/20	4.01	4.01	3.89	3.95	3038610	11969919
2012/12/19	3.98	4.08	3.95	4.03	4277284	17191146
2012/12/18	4	4.03	3.96	4	3601441	14380631
2012/12/17	4.02	4.09	3.97	4.01	3931413	15789253
2012/12/14	3.88	4.05	3.85	4.03	5366852	21372468
2012/12/13	3.88	4.03	3.87	3.89	3297749	13046797
2012/12/12	3.91	3.94	3.83	3.89	3189236	12397554
2012/12/11	3.96	4.06	3.9	3.94	5029972	20053596
2012/12/10	4	4.01	3.9	3.98	7127979	28244754
2012/12/7	3.82	4.03	3.75	4	9879019	38699640
2012/12/6	3.82	3.92	3.77	3.85	4916058	18846432
2012/12/5	3.73	4.03	3.71	3.87	9908043	38239356
2012/12/4	3.7	3.92	3.62	3.84	9143430	34478144
2012/12/3	3.44	3.81	3.44	3.81	7556096	28609908
2012/11/30	3.36	3.46	3.35	3.46	995100	3420083.5
2012/11/29	3.51	3.53	3.4	3.4	955500	3315664
2012/11/28	3.6	3.6	3.45	3.47	1324390	4625120.5
2012/11/27	3.87	3.87	3.58	3.6	1383060	5116263
2012/11/26	3.9	3.91	3.86	3.86	486663	1889176.13
2012/11/23	3.9	3.94	3.88	3.9	636251	2491443.75
2012/11/22	3.93	3.93	3.87	3.9	593597	2314716.25
2012/11/21	3.89	3.93	3.83	3.93	801697	3111341
2012/11/20	3.9	3.93	3.86	3.88	599000	2329073.75
2012/11/19	3.89	3.92	3.8	3.9	953779	3687012.75
2012/11/16	4	4	3.84	3.89	1287732	5025923.5
2012/11/15	4.03	4.05	3.97	3.98	980899	3929371
2012/11/14	3.97	4.08	3.97	4.08	1319177	5306368
2012/11/13	4.13	4.13	4.02	4.02	1537958	6254241.5
2012/11/12	4.14	4.14	4.07	4.13	1201518	4920389.5
2012/11/9	4.1	4.12	4.05	4.07	1468168	5990321.5
2012/11/8	4.18	4.2	4.1	4.1	1985750	8231492.5
2012/11/7	4.18	4.21	4.15	4.19	1138984	4759367
2012/11/6	4.26	4.26	4.14	4.18	2005489	8379298.5
2012/11/5	4.28	4.3	4.24	4.26	1858634	7933943
2012/11/2	4.24	4.32	4.22	4.31	3049814	13038818
2012/11/1	4.16	4.25	4.16	4.23	2584754	10903083
2012/10/31	4.15	4.18	4.12	4.17	829487	3436971
2012/10/30	4.19	4.21	4.11	4.15	811930	3371897.75
2012/10/29	4.13	4.17	4.1	4.16	979091	4051945.75
2012/10/26	4.21	4.25	4.09	4.16	2511049	10445391
2012/10/25	4.37	4.39	4.24	4.25	2626033	11346052
2012/10/24	4.24	4.38	4.22	4.37	3055870	13159369
2012/10/23	4.34	4.4	4.28	4.3	2525935	10988001
2012/10/22	4.28	4.34	4.21	4.34	2059711	8817772
2012/10/19	4.29	4.38	4.28	4.3	2269497	9810516
2012/10/18	4.2	4.34	4.2	4.29	2438204	10453052
2012/10/17	4.23	4.23	4.16	4.2	1040730	4362814.5
2012/10/16	4.17	4.25	4.17	4.19	1174155	4954798
2012/10/15	4.27	4.29	4.14	4.19	2235016	9340037
2012/10/12	4.29	4.36	4.2	4.29	1839403	7872813.5
2012/10/11	4.4	4.41	4.27	4.27	2891493	12530109
2012/10/10	4.35	4.48	4.33	4.43	2731911	12049165
2012/10/9	4.26	4.38	4.26	4.36	2876206	12457330
2012/10/8	4.23	4.28	4.21	4.25	1957551	8318407
2012/9/28	4.15	4.23	4.15	4.23	2569444	10792052
2012/9/27	4.05	4.21	4.05	4.16	2687645	11131422
2012/9/26	4.13	4.21	4.06	4.07	1821921	7508602
2012/9/25	4.18	4.24	4.14	4.17	1816611	7622770.5
2012/9/24	4.13	4.21	4.07	4.18	2262384	9342867
2012/9/21	4.2	4.24	4.15	4.16	2386779	10012841
2012/9/20	4.45	4.49	4.2	4.2	5246028	22671092
2012/9/19	4.46	4.56	4.43	4.5	4118042	18567980
2012/9/18	4.44	4.52	4.41	4.45	3455578	15429257
2012/9/17	4.66	4.69	4.42	4.44	7853328	35489608
2012/9/14	4.75	4.8	4.59	4.7	9256901	43304764
2012/9/13	5	5	4.69	4.83	20234985	97529064
2012/9/12	4.48	4.92	4.48	4.92	18472482	89619456
2012/9/11	4.7	4.7	4.42	4.47	5961927	26866196
2012/9/10	4.43	4.71	4.42	4.57	7578817	34455716
2012/9/7	4.3	4.5	4.26	4.46	4802345	21148342
2012/9/6	4.25	4.3	4.21	4.28	1343530	5713166
2012/9/5	4.14	4.25	4.11	4.25	3378830	14213133
2012/9/4	4.2	4.25	4.11	4.13	1345496	5608678
2012/9/3	4.17	4.22	4.12	4.2	1528469	6395977.5
2012/8/31	4.09	4.15	4.06	4.12	881219	3620365
2012/8/30	4.21	4.21	4.02	4.1	2325496	9555491
2012/8/29	4.21	4.25	4.13	4.18	2009783	8409035
2012/8/28	4.24	4.29	4.2	4.23	2213918	9386187
2012/8/27	4.21	4.35	4.15	4.24	4096625	17331388
2012/8/24	4.7	4.83	4.44	4.45	10705396	49762344
2012/8/23	4.45	4.65	4.4	4.6	6863407	31160440
2012/8/22	4.4	4.46	4.36	4.42	1279845	5633653.5
2012/8/21	4.36	4.45	4.36	4.42	1733294	7663519.5
2012/8/20	4.37	4.38	4.26	4.37	1648816	7142120
2012/8/17	4.37	4.39	4.32	4.38	1464464	6378205
2012/8/16	4.35	4.43	4.31	4.36	1864419	8153598
2012/8/15	4.41	4.41	4.29	4.35	1829114	7957612
2012/8/14	4.28	4.39	4.21	4.39	2658250	11468415
2012/8/13	4.4	4.46	4.3	4.3	3084485	13511220
2012/8/10	4.42	4.51	4.38	4.39	3415151	15139916
2012/8/9	4.52	4.65	4.42	4.48	5692235	25732746
2012/8/8	4.39	4.55	4.34	4.46	5592700	24872970
2012/8/7	4.36	4.5	4.3	4.39	3725187	16370922
2012/8/6	4.19	4.35	4.15	4.34	3119396	13369953
2012/8/3	4.11	4.24	4.08	4.22	2229136	9332405
2012/8/2	4.2	4.2	4.06	4.08	1458711	5995344
2012/8/1	4.09	4.24	4.09	4.18	1373481	5735981.5
2012/7/31	4.1	4.24	4.03	4.12	1806360	7458952
2012/7/30	4.22	4.25	4.07	4.11	2452114	10143084
2012/7/27	4.4	4.42	4.18	4.25	3306707	14185538
2012/7/26	4.39	4.57	4.36	4.38	3678759	16436097
2012/7/25	4.34	4.48	4.29	4.4	2891534	12656327
2012/7/24	4.16	4.55	4.16	4.38	5027001	22189020
2012/7/23	4.42	4.5	4.12	4.3	5562697	24069834
2012/7/20	4.46	4.86	4.41	4.56	12312367	56539376
2012/7/19	4.05	4.46	4.02	4.46	5118096	22256732
2012/7/18	3.98	4.06	3.96	4.05	2380931	9559374
2012/7/17	3.97	4.03	3.96	4	2168191	8653497
2012/7/16	4.28	4.28	3.94	3.96	2935344	11923470
2012/7/13	4.28	4.38	4.28	4.28	1343627	5806458
2012/7/12	4.28	4.39	4.2	4.32	2090143	8959272
2012/7/11	4.33	4.37	4.18	4.27	2429554	10386200
2012/7/10	4.41	4.46	4.3	4.34	3023727	13230699
2012/7/9	4.63	4.67	4.45	4.46	2533027	11580599
2012/7/6	4.59	4.69	4.56	4.68	2599012	12052652
2012/7/5	4.68	4.69	4.54	4.57	2489784	11414612
2012/7/4	4.7	4.81	4.66	4.7	3647012	17288850
2012/7/3	4.56	4.7	4.55	4.64	2061524	9583727
2012/7/2	4.65	4.68	4.56	4.61	2135127	9842646
2012/6/29	4.59	4.67	4.4	4.62	3192862	14470555
2012/6/28	4.55	4.82	4.55	4.65	5776491	27171240
2012/6/27	4.67	4.78	4.49	4.51	4890414	22657748
2012/6/26	4.93	4.94	4.55	4.74	7088125	33575124
2012/6/25	4.89	5.35	4.84	5.04	12653082	64913064
2012/6/21	4.86	5.06	4.83	4.94	3888793	19323288
2012/6/20	4.91	4.95	4.85	4.85	2025989	9912081
2012/6/19	4.99	5.06	4.92	4.93	2477510	12350437
2012/6/18	4.86	5.1	4.86	5.04	4622227	23142120
2012/6/15	4.98	5.03	4.83	4.88	2302517	11299501
2012/6/14	5.06	5.08	4.95	4.96	2108230	10578184
2012/6/13	5.05	5.08	4.98	5.07	2475596	12469820
2012/6/12	5.01	5.07	4.98	5.02	1988336	9975087
2012/6/11	4.94	5.08	4.9	5.03	2491765	12410122
2012/6/8	4.91	5.09	4.91	4.94	2910853	14503229
2012/6/7	4.89	5.12	4.84	4.88	4571040	22712740
2012/6/6	4.9	4.94	4.77	4.82	1499470	7277477.5
2012/6/5	4.88	4.97	4.85	4.88	1849152	9048949
2012/6/4	4.98	5.07	4.86	4.86	3430848	16989368
2012/6/1	5.11	5.15	5.04	5.06	2716545	13812401
2012/5/31	5.07	5.15	5.07	5.11	2499963	12756172
2012/5/30	5.18	5.25	5.08	5.12	3441388	17751292
2012/5/29	5.1	5.21	5.06	5.17	4003153	20614470
2012/5/28	5.23	5.24	4.84	5.14	7179004	36456468
2012/5/25	5.28	5.48	5.23	5.31	4770247	25628642
2012/5/24	5.55	5.55	5.25	5.3	5836729	31402068
2012/5/23	5.35	5.8	5.26	5.47	13664588	75488424
2012/5/22	5.26	5.35	5.22	5.31	4220900	22322902
2012/5/21	5.13	5.26	5.11	5.22	2893606	15038145
2012/5/18	5.28	5.3	5.16	5.17	4653535	24284386
2012/5/17	5.2	5.4	5.15	5.33	5135629	27160524
2012/5/16	5.28	5.43	5.2	5.2	3969535	21064006
2012/5/15	5.38	5.38	5.12	5.36	7048528	37050760
2012/5/14	5.42	5.54	5.37	5.38	4516098	24547798
2012/5/11	5.52	5.64	5.36	5.38	6033105	33291618
2012/5/10	5.35	5.71	5.32	5.54	10188039	56158484
2012/5/9	5.32	5.42	5.21	5.37	7672614	40534476
2012/5/7	5.48	5.55	5.38	5.42	6292147	34337016
2012/5/4	5.47	5.54	5.4	5.5	6606888	36136828
2012/5/3	5.47	5.6	5.43	5.53	6643595	36723864
2012/5/2	5.7	5.74	5.39	5.5	11141637	61446464
2012/4/27	5.66	5.79	5.53	5.58	13275075	74915048
2012/4/26	6.1	6.58	5.72	5.83	26173752	162221088
2012/4/25	5.8	6.53	5.69	6.24	36314088	223479680
2012/4/24	5.46	6.14	5.29	5.95	26098014	148538448
2012/4/23	5.63	5.75	5.45	5.58	14679285	81833264
2012/4/20	5.61	6	5.61	5.73	23261056	135893744
2012/4/19	5.57	5.72	5.42	5.71	17377441	96933696
2012/4/18	5.51	5.89	5.41	5.72	29661048	168910896
2012/4/17	5.96	5.98	5.65	5.65	34671098	200351056
2012/4/16	5.79	6.28	5.41	6.28	56732257	343026880
2012/4/13	5.71	5.71	5.71	5.71	16291071	93022016
2012/4/12	4.75	5.19	4.7	5.19	12530144	62922400
2012/4/11	4.59	4.74	4.54	4.72	3735034	17475186
2012/4/10	4.6	4.69	4.46	4.69	3144725	14391431
2012/4/9	4.6	4.75	4.58	4.64	2939212	13719902
2012/4/6	4.67	4.72	4.6	4.65	3330226	15511631
2012/4/5	4.61	4.69	4.48	4.67	3346251	15541008
2012/3/30	4.49	4.68	4.49	4.59	4340423	20029562
2012/3/29	4.78	4.79	4.4	4.54	4200244	19539082
2012/3/28	4.96	4.96	4.75	4.84	4994909	24167136
2012/3/27	4.9	5.08	4.9	5.02	4873177	24338932
2012/3/26	4.78	4.93	4.74	4.93	2827592	13678732
2012/3/23	5.09	5.1	4.84	4.85	3231108	15960471
2012/3/22	5.02	5.1	4.97	5.09	3122525	15767794
2012/3/21	5.01	5.07	4.9	5.03	3871240	19353554
2012/3/20	5.16	5.16	4.98	5.01	3735112	18878956
2012/3/19	5.07	5.19	5.02	5.16	4388115	22414776
2012/3/16	4.91	5.08	4.9	5.07	6029670	30151334
2012/3/15	5.23	5.26	4.83	5.01	8430005	42578752
2012/3/14	5.73	5.76	5.2	5.26	11946921	65853044
2012/3/13	5.69	5.75	5.62	5.74	7151588	40769452
2012/3/12	5.67	5.72	5.59	5.67	6081554	34418672
2012/3/9	5.72	5.8	5.64	5.67	9037879	51447692
2012/3/8	5.73	5.77	5.66	5.75	10090478	57667860
2012/3/7	5.82	5.83	5.64	5.71	17117799	98098488
2012/3/6	5.36	5.91	5.3	5.91	29659611	169337856
2012/3/5	5.41	5.47	5.34	5.37	4659663	25160150
2012/3/2	5.32	5.39	5.27	5.36	4700399	25102718
2012/3/1	5.21	5.31	5.21	5.29	3669740	19343574
2012/2/29	5.22	5.34	5.2	5.24	4631750	24372702
2012/2/28	5.48	5.49	5.25	5.29	9792399	52410004
2012/2/27	5.62	5.69	5.51	5.51	10503095	58847348
2012/2/24	5.56	5.64	5.5	5.62	8215717	45827116
2012/2/23	5.63	5.66	5.49	5.58	8689050	48358292
2012/2/22	5.58	5.62	5.48	5.58	10600027	58810796
2012/2/21	5.38	5.63	5.31	5.58	12778607	70155320
2012/2/20	5.46	5.6	5.36	5.42	9948662	54653796
2012/2/17	5.43	5.47	5.29	5.39	5463849	29354398
2012/2/16	5.55	5.58	5.31	5.4	8108421	44079336
2012/2/15	5.51	5.59	5.47	5.54	8079664	44658552
2012/2/14	5.58	5.63	5.44	5.52	10989407	60772528
2012/2/13	5.34	5.79	5.25	5.68	17878175	98157024
2012/2/10	5.13	5.7	5.11	5.47	17161988	93395496
2012/2/9	5.31	5.6	5.2	5.21	14279158	76343568
2012/2/8	5.2	5.35	5.07	5.27	12528466	65563888
2012/2/7	5.15	5.2	4.96	5.2	7863410	39798052
2012/2/6	5.21	5.26	5.07	5.17	7572016	38846160
2012/2/3	5.14	5.41	5.1	5.21	8695306	45755032
2012/2/2	4.93	5.17	4.93	5.17	8305460	42163448
2012/2/1	5.16	5.45	5.03	5.04	12375466	64713580
2012/1/31	5.15	5.23	5.01	5.16	9514295	48830672
2012/1/30	4.68	5.15	4.63	5.15	17306864	87423704
2012/1/20	4.74	4.84	4.65	4.68	5847933	27663414
2012/1/19	4.8	4.95	4.65	4.75	12357175	59043500
2012/1/18	4.48	4.99	4.36	4.99	19351689	91602728
2012/1/17	4.35	4.63	4.27	4.54	11591714	51767524
2012/1/16	4.63	4.66	4.35	4.35	7076613	31954046
2012/1/13	5	5	4.64	4.73	16448010	78908640
2012/1/12	5.01	5.01	4.67	5.01	19890941	99350616
2012/1/11	4.55	4.55	4.55	4.55	1239513	5639784
2012/1/10	4.14	4.14	4.14	4.14	487883	2019835.63
2012/1/9	3.48	3.76	3.44	3.76	1309052	4850128
2012/1/5	3.67	3.69	3.41	3.42	1275800	4575894
2012/1/4	3.93	3.96	3.7	3.71	1362841	5225588
2011/12/30	3.87	3.91	3.82	3.91	998035	3874404.25
2011/12/29	3.81	3.87	3.79	3.84	1270704	4865491
2011/12/28	3.96	3.97	3.66	3.84	2501901	9501863
2011/12/27	4.25	4.25	3.98	4	1334500	5463550.5
2011/12/26	4.22	4.3	4.13	4.26	1058287	4500283
2011/12/23	4.07	4.25	4.07	4.22	805751	3385013.75
2011/12/22	4.35	4.35	4	4.15	1404967	5825680.5
2011/12/21	4.49	4.57	4.35	4.35	1255413	5627795.5
2011/12/20	4.45	4.51	4.38	4.46	1173921	5247382
2011/12/19	4.52	4.52	4.31	4.44	1539900	6766097.5
2011/12/16	4.4	4.58	4.37	4.53	1356546	6012382
2011/12/15	4.6	4.6	4.4	4.4	1413948	6336198
2011/12/14	4.94	4.94	4.56	4.6	1559198	7360497.5
2011/12/13	5.32	5.32	4.83	4.9	2284945	11384168
2011/12/12	5.7	5.77	5.3	5.37	1844734	10223918
2011/12/9	5.71	5.85	5.63	5.7	2765823	15748583
2011/12/8	5.7	5.8	5.53	5.78	2558920	14540930
2011/12/7	5.77	5.88	5.6	5.72	3306874	18922038
2011/12/6	5.58	5.8	5.52	5.77	1436092	8157354.5
2011/12/5	5.75	5.75	5.5	5.62	1464770	8202032
2011/12/2	5.88	5.88	5.7	5.74	1048920	6028462.5
2011/12/1	5.8	6.05	5.8	5.87	1900771	11258613
2011/11/30	6.14	6.14	5.52	5.7	1849977	10750166
2011/11/29	6.09	6.19	6.01	6.12	1294222	7896305.5
2011/11/28	5.96	6.07	5.94	6.02	906161	5427657.5
2011/11/25	6.13	6.17	5.96	5.96	1881010	11411906
2011/11/24	6.25	6.25	6.12	6.14	1776136	10952456
2011/11/23	6.34	6.65	6.29	6.3	4361986	27886124
2011/11/22	6.48	6.48	6.02	6.46	4134027	25914444
2011/11/21	6.58	6.65	6.46	6.52	4468699	29119026
2011/11/18	6.44	6.59	6.36	6.55	3991301	25715816
2011/11/17	6.48	6.54	6.4	6.49	1939538	12553703
2011/11/16	6.68	6.72	6.39	6.43	3253938	21346392
2011/11/15	6.69	6.72	6.61	6.69	3122894	20796266
2011/11/14	6.63	6.96	6.59	6.72	7432594	49547172
2011/11/11	6.55	6.7	6.46	6.65	3743280	24606754
2011/11/10	6.45	6.64	6.39	6.6	3731475	24206974
2011/11/9	6.37	6.54	6.31	6.51	2251385	14435041
2011/11/8	6.47	6.5	6.29	6.3	1944552	12439190
2011/11/7	6.57	6.59	6.45	6.49	1712778	11170475
2011/11/4	6.54	6.68	6.45	6.55	2386599	15604532
2011/11/3	6.63	6.78	6.52	6.52	3450691	22998524
2011/11/2	6.51	6.66	6.44	6.63	4327247	28525256
2011/11/1	6.46	6.71	6.29	6.68	4802292	30973472
2011/10/31	6.4	6.58	6.28	6.51	3753875	24004822
2011/10/28	6.28	6.47	6.26	6.43	2199722	13961452
2011/10/27	6.22	6.3	6.19	6.24	1203510	7517168
2011/10/26	6.15	6.3	6.12	6.22	1552918	9672881
2011/10/25	6.11	6.23	5.98	6.21	2039308	12481860
2011/10/24	5.93	6.14	5.93	6.09	933151	5664415.5
2011/10/21	6.28	6.28	6	6	891700	5440493
2011/10/20	6.3	6.33	6.15	6.2	1236195	7686949.5
2011/10/19	6.25	6.33	6.24	6.3	1012603	6366746
2011/10/18	6.41	6.5	6.22	6.22	1405025	8859630
2011/10/17	6.45	6.55	6.4	6.49	887240	5758656.5
2011/10/14	6.53	6.53	6.4	6.48	1497939	9693942
2011/10/13	6.48	6.62	6.45	6.61	1646743	10786025
2011/10/12	6.28	6.49	6.24	6.48	1518812	9723881
2011/10/11	6.4	6.48	6.25	6.28	1197418	7597384.5
2011/10/10	6.28	6.39	6.25	6.26	613800	3866931.75
2011/9/30	6.43	6.43	6.2	6.26	812365	5108785
2011/9/29	6.61	6.66	6.28	6.31	2099589	13464097
2011/9/28	6.83	6.96	6.68	6.72	1176720	7968211
2011/9/27	6.77	6.88	6.76	6.82	1360599	9272116
2011/9/26	6.76	6.9	6.7	6.75	1451024	9842321
2011/9/23	6.9	6.96	6.72	6.8	2669405	18228154
2011/9/22	7.22	7.22	6.98	6.99	2208134	15615778
2011/9/21	7.05	7.24	6.96	7.23	2777347	19869426
2011/9/20	7.08	7.13	6.93	7.03	2611304	18352962
2011/9/19	7.29	7.41	7.02	7.1	3440684	24859332
2011/9/16	7.17	7.52	6.45	7.39	5569687	40412244
2011/9/15	7.19	7.19	7.12	7.17	1668066	11943814
2011/9/14	7.15	7.2	6.96	7.15	2844851	20113384
2011/9/13	7.02	7.16	7	7.1	2958856	20957948
2011/9/9	7.46	7.58	7.2	7.2	4460988	32847940
2011/9/8	7.76	7.82	7.55	7.56	5080407	38791268
2011/9/7	7.54	7.79	7.54	7.73	8192911	62876792
2011/9/6	7.24	7.63	7.19	7.54	9232744	69078624
2011/9/5	7.25	7.32	7.09	7.31	4610185	33298874
2011/9/2	7.16	7.27	6.91	7.27	3892517	27667506
2011/9/1	7.11	7.17	7.07	7.16	2512848	17909634
2011/8/31	6.99	7.14	6.99	7.11	1791941	12667010
2011/8/30	7.22	7.3	7.02	7.04	2804444	20144494
2011/8/29	7.14	7.27	7.05	7.23	2919243	20914230
2011/8/26	7.18	7.18	7.08	7.14	2185141	15584885
2011/8/25	6.99	7.18	6.97	7.16	3603273	25658098
2011/8/24	7.09	7.15	6.99	6.99	2583320	18243592
2011/8/23	6.9	7.15	6.9	7.05	3284620	23131794
2011/8/22	6.99	7.12	6.88	6.92	1663393	11661167
2011/8/19	6.71	6.99	6.66	6.98	2539658	17463764
2011/8/18	7.21	7.23	6.91	6.99	3918995	27635644
2011/8/17	7.28	7.4	7.21	7.22	3447867	25147232
2011/8/16	7.4	7.64	7.21	7.31	6768446	49973228
2011/8/15	7.08	7.3	7.03	7.22	3933002	28220316
2011/8/12	6.97	7.2	6.96	7.08	6215599	44146072
2011/8/11	6.24	7.1	6.24	6.97	6098386	41322212
2011/8/10	6.75	6.94	6.67	6.69	5249804	35750284
2011/8/9	6.43	6.72	6.29	6.61	5534408	35953184
2011/8/8	7.3	7.3	6.64	6.75	7158762	49422996
2011/8/5	7.58	7.6	7.33	7.38	5380355	40290536
2011/8/4	7.73	7.83	7.71	7.83	4198290	32645692
2011/8/3	7.61	7.8	7.49	7.71	3891998	29884486
2011/8/2	7.94	7.94	7.52	7.75	5593376	42931168
2011/8/1	7.83	8.03	7.83	7.93	4453763	35332332
2011/7/29	7.99	8.06	7.8	7.82	4851978	38338068
2011/7/28	8.14	8.14	7.85	8.01	6097188	48573572
2011/7/27	8.1	8.24	7.9	8.17	8131061	66007152
2011/7/26	8.04	8.21	7.98	8.15	6760945	54849160
2011/7/25	8.59	8.6	7.94	7.98	12981736	106624904
2011/7/22	8.47	8.68	8.38	8.65	19162616	163706176
2011/7/21	8.66	8.78	8.4	8.55	19734816	168172816
2011/7/20	9.26	9.35	8.8	8.8	15879137	142961920
2011/7/19	9.26	9.4	9.01	9.24	14384330	132520920
2011/7/18	9.12	9.6	9.12	9.4	27600027	259570704
2011/7/15	8.55	9.26	8.54	9.14	33753238	302614048
2011/7/14	8.04	8.44	7.98	8.44	14222880	119058872
2011/7/13	7.49	7.67	7.49	7.67	2324344	17707830
2011/7/12	7.7	7.78	7.54	7.55	3680384	28200692
2011/7/11	7.7	7.74	7.55	7.72	3060676	23400788
2011/7/8	7.64	7.7	7.53	7.68	2511571	19147114
2011/7/7	7.56	7.73	7.53	7.63	3821784	29196220
2011/7/6	7.42	7.7	7.37	7.6	4099056	30882072
2011/7/5	7.47	7.53	7.38	7.42	2942605	21887482
2011/7/4	7.3	7.48	7.25	7.46	3498674	25834248
2011/7/1	7.11	7.25	7.11	7.24	2020047	14542316
2011/6/30	7.08	7.19	7.03	7.1	1710478	12229694
2011/6/29	7.26	7.26	7.07	7.07	1440100	10285577
2011/6/28	7.23	7.28	7.12	7.21	1379849	9921966
2011/6/27	7.18	7.31	7.18	7.2	1860548	13459805
2011/6/24	7.02	7.26	7	7.18	2270145	16229283
2011/6/23	6.91	7.05	6.8	7.03	1381484	9569731
2011/6/22	6.95	6.96	6.82	6.88	803237	5536098.5
2011/6/21	6.8	6.88	6.77	6.87	909149	6215416.5
2011/6/20	7	7.09	6.75	6.77	1658646	11455652
2011/6/16	7.1	7.19	7	7.05	1049390	7433798.5
2011/6/15	7.24	7.31	7.12	7.14	1683109	12147046
2011/6/14	7.18	7.29	7.13	7.23	1516259	10958135
2011/6/13	7.22	7.22	7.03	7.16	1139282	8095454.5
2011/6/10	7.35	7.37	7.06	7.22	2563484	18446626
2011/6/9	7.48	7.6	7.25	7.34	3163223	23539412
2011/6/8	7.34	7.55	7.25	7.5	3223364	24029434
2011/6/7	7.26	7.37	7.16	7.33	1422052	10401762
2011/6/3	7.12	7.31	7.12	7.26	1486020	10759894
2011/6/2	7.28	7.28	7	7.17	1668122	11910270
2011/6/1	7.26	7.37	7.15	7.37	1860008	13579975
2011/5/31	7.05	7.2	6.99	7.17	1750195	12454816
2011/5/30	7.16	7.19	6.98	7.01	1388208	9833266
2011/5/27	7.45	7.45	7.16	7.16	2459806	17998512
2011/5/26	7.54	7.68	7.4	7.4	1970518	14920496
2011/5/25	7.69	7.79	7.5	7.5	1944319	14820254
2011/5/24	7.8	7.92	7.58	7.69	2979567	22943694
2011/5/23	8.3	8.32	7.72	7.81	3880355	31139762
2011/5/20	8.39	8.49	8.23	8.29	2142467	17895824
2011/5/19	8.59	8.69	8.45	8.46	2807954	24017448
2011/5/18	8.48	8.65	8.42	8.57	3400547	29180472
2011/5/17	8.45	8.6	8.34	8.47	3894627	33107732
2011/5/16	8.36	8.54	8.36	8.49	3620770	30553410
2011/5/13	8.12	8.39	8.12	8.34	2815912	23274200
2011/5/12	8.37	8.43	8.22	8.22	3442100	28633928
2011/5/11	8.23	8.56	8.16	8.45	5372790	45158188
2011/5/10	8.35	8.35	8.16	8.25	2784263	22913598
2011/5/9	8.13	8.35	8.13	8.32	2853914	23620344
2011/5/6	8.15	8.24	8.02	8.17	2986819	24248046
2011/5/5	8.05	8.28	8	8.18	2623925	21440066
2011/5/4	8.57	8.57	8	8.11	4148867	34383736
2011/5/3	8.52	8.57	8.37	8.57	3310456	28091180
2011/4/29	8.38	8.56	8.37	8.53	3557675	30168058
2011/4/28	8.37	8.59	8.22	8.37	4649149	39052160
2011/4/27	8.7	8.83	8.33	8.43	6676725	56965640
2011/4/26	9.18	9.25	8.73	8.73	5427705	48643776
2011/4/25	9.19	9.3	9.08	9.18	5030912	46247872
2011/4/22	9.3	9.34	9.05	9.18	7852523	71837536
2011/4/21	9.3	9.44	9.26	9.35	6824133	63771848
2011/4/20	9.3	9.44	9.2	9.33	7440041	69256096
2011/4/19	9.93	9.93	9.31	9.38	14686987	140146576
2011/4/18	10.18	10.19	9.9	10.01	11604112	116041440
2011/4/15	10.31	10.47	10.1	10.26	10080368	103339312
2011/4/14	10.29	10.75	10.21	10.46	13524591	142483440
2011/4/13	10.23	10.42	10.06	10.36	10786155	110091664
2011/4/12	10.5	10.66	10.2	10.32	14637528	152723600
2011/4/11	10.73	11	10.41	10.59	20015187	213378688
2011/4/8	10.51	10.72	10.29	10.72	22718493	238746288
2011/4/7	9.74	10.85	9.7	10.68	35350950	374844032
2011/4/6	9.7	9.86	9.51	9.86	21813281	211322368
2011/4/1	9.28	9.82	9.28	9.82	37436434	366038240
2011/3/30	9.03	9.15	8.93	8.93	4451964	40144864
2011/3/29	9.25	9.29	8.99	9.04	4584608	41983000
2011/3/28	9.41	9.47	9.21	9.25	5173562	48240860
2011/3/25	9.14	9.31	9.09	9.31	3682895	33864112
2011/3/24	9.24	9.26	9.13	9.14	4140889	37975776
2011/3/23	9.4	9.43	9.18	9.26	5177544	48057424
2011/3/22	9.27	9.47	9.26	9.35	5118752	48000144
2011/3/21	9.25	9.32	9.19	9.26	3154397	29240798
2011/3/18	9.15	9.35	9.08	9.25	4792353	44369696
2011/3/17	9.15	9.22	8.91	9.07	4090653	37150392
2011/3/16	9.13	9.22	9.12	9.16	4000164	36632592
2011/3/15	9.28	9.3	8.88	9.13	5071861	46073456
2011/3/14	9.22	9.33	9.15	9.31	4221835	38970408
2011/3/11	9.46	9.5	9.35	9.35	3989854	37615576
2011/3/10	9.5	9.6	9.28	9.46	5684545	53472992
2011/3/9	9.45	9.67	9.44	9.53	5482160	52229728
2011/3/8	9.63	9.7	9.36	9.42	8462519	79911328
2011/3/7	9.81	9.88	9.58	9.62	7122845	68722472
2011/3/4	9.58	9.75	9.5	9.68	6362719	61174028
2011/3/3	9.65	10.06	9.37	9.6	13785165	134775856
2011/3/2	9.15	9.63	9.01	9.59	14060386	133612184
2011/3/1	9.16	9.26	9.05	9.17	8659165	79257880
2011/2/28	9.12	9.12	8.7	8.92	8795324	78092232
2011/2/25	8.96	9.3	8.96	9.16	6993868	64179792
2011/2/24	8.99	9	8.8	8.98	5445027	48525364
2011/2/23	8.59	9.07	8.59	9	7161710	63756664
2011/2/22	8.8	8.98	8.48	8.64	8590642	75202896
2011/2/21	8.29	8.76	8.27	8.76	7462380	64346120
2011/2/18	8.45	8.47	8.29	8.34	4081713	34159120
2011/2/17	8.55	8.55	8.34	8.45	3971099	33464476
2011/2/16	8.34	8.55	8.32	8.53	4213023	35726808
2011/2/15	8.35	8.43	8.27	8.34	4183686	34986164
2011/2/14	8.22	8.37	8.22	8.34	4513464	37500916
2011/2/11	8.2	8.24	8.15	8.21	3985799	32667832
2011/2/10	8.1	8.26	8.04	8.24	4552980	37107884
2011/2/9	8.11	8.19	8	8.1	2461218	19898598
2011/2/1	8.14	8.23	8.04	8.11	2656491	21582976
2011/1/31	8.13	8.15	8.04	8.15	1958083	15871230
2011/1/28	8.24	8.24	8.05	8.12	2246507	18235394
2011/1/27	7.85	8	7.77	7.9	1219253	9656002
2011/1/26	7.79	7.95	7.78	7.88	838015	6591855.5
2011/1/25	8	8	7.74	7.78	1681728	13138524
2011/1/24	8.11	8.25	8	8	2125695	17313616
2011/1/21	8.12	8.23	8.09	8.13	1721205	14048633
2011/1/20	8.22	8.48	8.12	8.12	3177376	26291218
2011/1/19	8.25	8.26	8.11	8.18	3118335	25543474
2011/1/18	7.82	8.16	7.77	8.16	2099827	17053156
2011/1/17	7.9	8.08	7.76	7.77	2348159	18541644
2011/1/14	8.4	8.41	8.16	8.17	3685091	30591160
2011/1/13	7.98	8.38	7.98	8.38	3112856	25945468
2011/1/12	8.01	8.07	7.9	7.98	1362539	10874023
2011/1/11	7.99	8.03	7.85	8	1441364	11450911
2011/1/10	8.27	8.27	7.99	8	1488779	12084893
2011/1/7	8.25	8.34	8.2	8.25	2015000	16655159
2011/1/6	8.35	8.39	8.2	8.23	1829752	15142171
2011/1/5	8.36	8.5	8.3	8.35	2192984	18373778
2011/1/4	8.35	8.48	8.26	8.42	2099302	17563600
2010/12/31	8.19	8.35	8.19	8.28	1652670	13682389
2010/12/30	8.14	8.27	8	8.19	2435696	19822980
2010/12/29	8.02	8.15	7.9	8.09	1586232	12735991
2010/12/28	8.25	8.38	7.98	8.06	2877945	23283694
2010/12/27	8.73	8.95	8.31	8.31	3936460	33805912
2010/12/24	9	9	8.7	8.75	3318740	29353458
2010/12/23	9.14	9.14	9	9.01	3682115	33278976
2010/12/22	9.28	9.35	9.05	9.07	2728110	25034666
2010/12/20	9.18	9.28	8.88	9.19	4498346	40938564
2010/12/17	9.16	9.23	9.13	9.18	2442195	22412366
2010/12/16	9.27	9.3	9.17	9.17	2918708	26884736
2010/12/15	9.47	9.47	9.24	9.26	3500769	32692202
2010/12/14	9.37	9.5	9.27	9.47	4419280	41490144
2010/12/13	9.26	9.4	9.24	9.37	4919313	45958224
2010/12/10	8.99	9.35	8.92	9.3	3215936	29528106
2010/12/9	9.26	9.26	9.03	9.03	2851621	26003000
2010/12/8	9.5	9.5	9.28	9.28	3218762	30200068
2010/12/7	9.61	9.65	9.38	9.5	6055464	57625052
2010/12/6	9.19	9.65	9.02	9.65	6575648	61507384
2010/12/3	9.03	9.22	8.88	9.2	4477436	40495552
2010/12/2	9.18	9.2	9.01	9.03	2620318	23808772
2010/12/1	9.01	9.09	8.94	9	2166747	19531312
2010/11/30	9.3	9.46	8.88	9.07	6003933	54773304
2010/11/29	9.5	9.5	9.18	9.35	4507024	41968024
2010/11/26	9.77	9.78	9.4	9.55	5509734	52749408
2010/11/25	9.53	9.73	9.48	9.54	5931804	56828428
2010/11/24	9.24	9.69	9.07	9.58	5631692	53031460
2010/11/23	9.7	9.73	9.13	9.39	5303458	49436672
2010/11/22	9.06	9.56	9	9.55	7118156	66383968
2010/11/19	8.92	9.2	8.75	9.2	6803371	60936812
2010/11/18	8.9	9.2	8.8	8.97	10723118	95498688
2010/11/17	9.5	9.5	9.26	9.26	6086547	56591676
2010/11/16	10.4	10.44	9.74	9.75	9852051	98814952
2010/11/15	10.14	10.48	9.67	10.25	15871441	159171360
2010/11/12	10.1	10.74	9.8	10.18	26991407	277601472
2010/11/11	9.98	10.43	9.94	10.23	12970488	134325024
2010/11/10	9.59	9.93	9.47	9.93	16151045	159350528
2010/11/9	9.02	9.46	9.02	9.46	15657102	147067248
2010/11/8	9.05	9.08	8.86	9.01	8899858	79747280
2010/11/5	9.04	9.09	8.82	8.98	8327789	74311080
2010/11/4	8.75	9.16	8.7	8.96	8524847	76332392
2010/11/3	9.26	9.27	8.71	8.77	19701196	179257040
2010/11/2	8.82	8.85	8.7	8.85	12739997	112487192
2010/11/1	8.09	8.43	8.09	8.43	6071187	50815736
2010/10/29	8.1	8.15	7.95	8.03	4956000	39734192
2010/10/28	8.02	8.14	8.02	8.1	3939389	31815560
2010/10/27	8.2	8.27	8.04	8.07	6017398	49124216
2010/10/26	8.4	8.4	8.14	8.2	9123155	74989488
2010/10/25	8.49	8.49	8.22	8.38	16281478	136389040
2010/10/22	7.96	8.13	7.86	8.09	7125905	57063280
2010/10/21	7.91	8.14	7.76	8.02	7185657	57020624
2010/10/20	7.3	7.8	7.26	7.8	8769552	67689376
2010/10/19	7.25	7.49	7.25	7.43	3475443	25564260
2010/10/18	7.75	7.75	7.32	7.32	6488029	48474724
2010/10/15	7.59	7.78	7.52	7.7	5500652	42125796
2010/10/14	7.9	7.94	7.57	7.6	5713293	44087600
2010/10/13	7.78	7.9	7.53	7.83	7440514	57451172
2010/10/12	7.6	7.87	7.58	7.77	7843174	60649720
2010/10/11	7.3	7.6	7.23	7.6	9044191	67118144
2010/10/8	7.18	7.34	7.14	7.24	5375177	38892936
2010/9/30	6.82	7.1	6.82	7.09	3913827	27305078
2010/9/29	7.15	7.16	6.95	6.96	2815802	19799738
2010/9/28	7.13	7.27	7.06	7.15	3601785	25767300
2010/9/27	6.97	7.18	6.97	7.13	4072571	28871944
2010/9/21	7.51	7.51	7.11	7.11	6358334	45663168
2010/9/20	7.38	7.66	7.36	7.48	3892824	29247758
2010/9/17	7.16	7.53	7.14	7.35	3943110	29005152
2010/9/16	7.63	7.63	7.34	7.34	6053000	44593272
2010/9/15	8.08	8.1	7.73	7.73	7884320	61447152
2010/9/14	8.5	8.5	8.07	8.14	9620294	79656408
2010/9/10	7.82	8.18	7.82	8.12	6056152	48966492
2010/9/9	8.01	8.08	7.8	7.88	7959280	63199440
2010/9/8	7.92	8.28	7.92	8.09	16771049	134658896
2010/9/7	8.38	8.38	8.34	8.34	3014700	25169056
2010/9/6	9.49	9.49	8.78	8.78	19339767	171884336
2010/9/3	9.24	9.24	9	9.24	18153211	167578384
2009/12/10	8.65	8.8	8.41	8.8	27108778	237409968
2009/12/9	8	8.38	7.98	8.38	13953694	113978192
2009/12/8	8.03	8.19	7.94	7.98	9865686	79605336
2009/12/7	8.28	8.3	7.95	8.03	8970703	72168032
2009/12/4	8.35	8.49	8	8.2	4940416	40679112
2009/12/3	8.32	8.57	8.3	8.37	4929348	41485020
2009/12/2	8.45	8.55	8.3	8.31	5657096	47516524
2009/12/1	8.33	8.7	8.3	8.46	6378439	54768044
2009/11/30	7.92	8.32	7.92	8.32	4777535	39277568
2009/11/27	7.82	8.27	7.8	7.92	5427351	43490768
2009/11/26	8.56	8.56	8.13	8.13	7538200	62336492
2009/11/25	8.55	8.63	8.16	8.56	8339513	69629000
2009/11/24	9.06	9.14	8.59	8.59	10109320	89540336
2009/11/23	9.13	9.15	8.97	9.04	6689918	60474936
2009/11/20	8.85	9.18	8.76	9.04	8677992	77470288
2009/11/19	8.92	8.92	8.76	8.9	9005634	79662160
2009/11/18	8.75	8.98	8.62	8.95	10724695	94061784
2009/11/17	8.75	8.77	8.55	8.74	13944626	121063296
2009/11/16	9.1	9.1	8.73	8.87	22315549	196651120
2009/11/13	9.5	9.5	9.15	9.19	19500899	182880240
2009/11/11	9	9.16	8.88	9.05	4525398	40797580
2009/11/10	8.88	9.09	8.66	8.98	8148668	72630840
2009/11/9	9.09	9.1	8.74	8.77	13659287	120566960
2009/11/6	9.4	9.4	9.1	9.2	7699521	70796352
2009/11/5	9.03	9.48	8.98	9.42	9673624	90061504
2009/11/4	8.6	9.03	8.55	9.03	8283738	73621192
2009/11/3	8.37	8.68	8.32	8.6	4962660	42247160
2009/11/2	8.55	8.55	8.25	8.37	5924996	49792140
2009/10/30	8.13	8.38	8.1	8.3	4772160	39423132
2009/10/29	8.16	8.46	8.05	8.17	7810744	64865048
2009/10/28	7.8	8.21	7.71	8.2	7397122	59714996
2009/10/27	7.7	7.99	7.66	7.86	5855612	45942712
2009/10/26	7.82	7.9	7.66	7.71	8552459	66053864
2009/10/23	7.66	8.02	7.5	7.99	10706521	82538504
2009/10/22	8.23	8.26	7.8	7.83	8345711	65896284
2009/10/21	8.2	8.27	8.13	8.21	4712443	38625036
2009/10/20	8.23	8.31	8.14	8.2	3983702	32676994
2009/10/19	7.98	8.23	7.98	8.22	4708319	38404356
2009/10/16	8.13	8.15	7.81	7.96	3737107	29718640
2009/10/15	8.06	8.17	8	8.05	1903676	15352374
2009/10/14	8.08	8.17	7.98	8.02	2948474	23714336
2009/10/13	8	8.23	7.97	8.07	3662233	29764134
2009/10/12	7.77	7.99	7.7	7.97	4179217	33119970
2009/10/9	7.63	7.64	7.45	7.61	2985316	22645420
2009/9/30	7.38	7.66	7.16	7.4	3376561	25079246
2009/9/29	7.78	7.94	7.38	7.38	5517454	41435592
2009/9/28	7.7	8.1	7.7	7.77	3652613	28965676
2009/9/25	7.83	8	7.7	7.74	3299960	25808498
2009/9/24	7.9	8.1	7.71	7.82	6517205	51485888
2009/9/23	7.52	8.02	7.52	7.99	8896590	70319344
2009/9/22	7.42	7.8	7.28	7.66	11027826	85411136
2009/9/21	7.21	7.47	7.05	7.43	5873794	42798368
2009/9/18	7.14	7.26	7.05	7.2	4248077	30450390
2009/9/17	7.08	7.24	7.01	7.14	4313689	30889832
2009/9/16	6.93	7.27	6.71	7.11	7046571	49126440
2009/9/15	7.15	7.37	6.7	7.03	13498629	96580480
2009/9/14	6.86	7.02	6.77	7.02	9569357	66488868
2009/9/11	6.48	6.75	6.39	6.69	5527845	36846348
2009/9/10	6.54	6.67	6.45	6.57	2038848	13394183
2009/9/9	6.73	6.76	6.45	6.55	3474389	22711588
2009/9/8	6.6	6.71	6.5	6.67	2787107	18385464
2009/9/7	6.7	6.85	6.66	6.67	3928595	26407932
2009/9/4	6.5	6.71	6.4	6.67	3494849	22843258
2009/9/3	6.2	6.54	6.2	6.47	4000747	25718688
2009/9/2	6.05	6.43	6.05	6.29	5106940	32315578
2009/9/1	6.37	6.47	6.09	6.12	4215191	26365788
2009/8/31	6.55	6.84	6.39	6.39	6362839	41861172
2009/8/28	6.76	6.95	6.5	6.73	8088260	54674776
2009/8/27	6.42	6.74	6.42	6.74	9643535	64709140
2009/8/26	6.24	6.49	6.24	6.42	4188601	26810250
2009/8/25	6.05	6.3	5.95	6.24	4522919	27362784
2009/8/24	5.96	6.19	5.94	6.13	5076313	31088162
2009/8/21	5.85	6.03	5.71	5.99	2517605	14768840
2009/8/20	5.54	5.8	5.5	5.8	2724055	15481848
2009/8/19	5.55	5.82	5.48	5.54	4208098	23738272
2009/8/18	5.46	5.74	5.44	5.54	3844731	21282128
2009/8/17	6.05	6.05	5.73	5.73	6487820	38012936
2009/8/14	5.95	6.03	5.74	6.03	7544587	45306976
2009/8/13	5.85	5.93	5.56	5.74	2977679	16948540
2009/8/12	6.07	6.23	5.85	5.85	4431983	26485140
2009/8/11	6.12	6.3	6.12	6.16	2695798	16748247
2009/8/10	6.1	6.22	6.08	6.17	4515155	27774292
2009/8/7	6.17	6.33	6.02	6.03	4075678	25162900
2009/8/6	6.48	6.48	6.16	6.16	7021261	43830572
2009/8/5	6.35	6.58	6.28	6.45	6924107	44587800
2009/8/4	6.39	6.65	6.21	6.35	5467479	34980892
2009/8/3	6.24	6.48	6.15	6.4	9792378	62551804
2009/7/31	5.86	6.17	5.86	6.17	6483733	39437440
2009/7/30	6	6.15	5.8	5.88	8489350	50338104
2009/7/29	6.41	6.42	6.09	6.1	9856344	60708844
2009/7/28	6.81	6.81	6.41	6.41	10030856	65063356
2009/7/27	6.68	6.9	6.6	6.75	3929625	26527172
2009/7/24	6.89	6.96	6.46	6.73	5353392	36039772
2009/7/23	6.44	6.71	6.4	6.71	5443001	36035756
2009/7/22	6.36	6.5	6.36	6.39	2464732	15826053
2009/7/21	6.49	6.65	6.4	6.44	4051879	26364552
2009/7/20	6.49	6.6	6.36	6.49	3758589	24409074
2009/7/17	6.28	6.55	6.21	6.48	4252957	27134076
2009/7/16	6.53	6.59	6.3	6.34	3651677	23478966
2009/7/15	6.51	6.58	6.39	6.52	4621310	29817716
2009/7/14	6.28	6.55	6.21	6.54	5384377	34699284
2009/7/13	6.1	6.46	6	6.3	5945797	37148208
2009/7/10	6.4	6.58	6.09	6.17	10232193	65800640
2009/7/9	6.15	6.27	6.01	6.27	15534423	96687712
2009/7/8	5.97	5.97	5.97	5.97	1270145	7582765.5
2009/7/7	5.69	5.69	5.69	5.69	3423878	19481866
2009/7/6	5.48	5.56	5.3	5.42	5297614	28512908
2009/7/3	5.58	5.79	5.51	5.51	4171222	23443626
2009/7/2	5.33	5.58	5.33	5.58	3669265	19929860
2009/7/1	5.4	5.47	5.29	5.31	3186618	16961604
2009/6/30	5.55	5.68	5.38	5.4	4044101	22223270
2009/6/29	5.5	5.79	5.48	5.56	3138376	17759584
2009/6/26	5.57	5.59	5.49	5.58	2699850	14988375
2009/6/25	5.49	5.63	5.45	5.56	4759820	26346660
2009/6/24	5.65	5.65	5.4	5.53	7400993	40603008
2009/6/23	5.84	5.86	5.53	5.67	4102570	23345204
2009/6/22	5.66	5.9	5.66	5.82	6482296	37445184
2009/6/19	5.6	5.86	5.6	5.66	9126277	52520860
2009/6/18	5.21	5.58	5.2	5.58	7319492	39291256
2009/6/17	5.45	5.47	5.21	5.31	10112303	54189288
2009/6/16	5.01	5.21	5.01	5.21	3944780	20486602
2009/6/15	4.72	4.96	4.7	4.96	6086597	29867628
2009/6/12	4.8	4.98	4.65	4.72	6807193	32582300
2009/6/11	5	5.11	4.78	4.89	13870925	68946008
2009/6/10	4.7	4.87	4.7	4.87	3735196	18095910
2009/6/9	4.48	4.64	4.43	4.64	11964878	55216072
2009/6/8	4.2	4.42	4.15	4.42	8577407	37284908
2009/6/5	4.09	4.28	4.09	4.21	5761871	24223542
2009/6/4	4.18	4.2	4	4.08	5192707	21260808
2009/6/3	4.15	4.24	4.13	4.19	6061208	25356652
2009/6/2	4.13	4.25	4.12	4.14	4288433	17852236
2009/6/1	4.11	4.3	4.11	4.13	5690010	23765760
2009/5/26	4.11	4.23	4.05	4.1	4664833	19250280
2009/5/25	3.96	4.17	3.96	4.12	6279059	25474504
2009/5/22	4.01	4.27	4.01	4.17	11950315	50418028
2009/5/21	4.48	4.48	4.07	4.07	18594200	76648224
2009/5/20	4.27	4.28	4.24	4.28	3667300	15675234
2009/5/19	4	4.08	3.94	4.08	4969100	20196722
2009/5/18	3.7	3.89	3.63	3.89	7921900	30296014
2009/5/15	3.7	3.73	3.62	3.7	5128600	18917454
2009/5/14	3.6	3.73	3.42	3.68	6655300	24101980
2009/5/13	3.6	3.64	3.51	3.6	3845700	13826484
2009/5/12	3.49	3.58	3.45	3.58	3054700	10742521
2009/5/11	3.72	3.73	3.53	3.53	5783600	20856966
2009/5/8	3.64	3.74	3.56	3.67	5568600	20487386
2009/5/7	3.75	3.79	3.56	3.67	6280100	22998316
2009/5/6	3.65	3.8	3.64	3.75	5773900	21545536
2009/5/5	3.67	3.75	3.61	3.67	5807000	21377324
2009/5/4	3.49	3.66	3.47	3.66	7298500	26456062
2009/4/30	3.5	3.58	3.43	3.49	5281300	18577134
2009/4/29	3.25	3.59	3.25	3.5	10757300	36181116
2009/4/27	3.61	3.64	3.42	3.42	5501700	18906470
2009/4/24	3.66	3.76	3.6	3.6	6116100	22308074
2009/4/23	3.82	3.82	3.61	3.68	11024300	40403664
2009/4/22	3.72	3.9	3.6	3.8	14801000	56999776
2009/4/21	3.55	3.76	3.5	3.71	10956000	40321128
2009/4/20	3.41	3.58	3.39	3.58	8010100	28260342
2009/4/17	3.53	3.55	3.38	3.42	9463600	32593878
2009/4/16	3.59	3.67	3.55	3.56	11607900	41759484
2009/4/15	3.47	3.57	3.36	3.57	16426500	57354420
2009/4/14	3.24	3.4	3.17	3.4	12986100	43214384
2009/4/13	3.21	3.3	3.2	3.24	7469400	24180350
2009/4/10	3.13	3.24	3.12	3.2	6711100	21430310
2009/4/9	3.03	3.13	3.02	3.12	4459800	13714809
2009/4/8	3.15	3.19	3.03	3.03	5974800	18609726
2009/4/7	3.15	3.19	3.09	3.18	5113800	16143232
2009/4/3	3.29	3.32	3.11	3.15	9507400	30139512
2009/4/2	3.33	3.35	3.25	3.27	6628200	21734794
2009/4/1	3.26	3.46	3.23	3.32	9467300	31765870
2009/3/31	3.17	3.35	3.07	3.3	11759900	37925536
2009/3/30	3.1	3.22	3.06	3.22	10871700	34552872
2009/3/27	3.1	3.13	3.03	3.07	7186600	22102886
2009/3/26	3.04	3.09	2.95	3.06	8208000	24824906
2009/3/25	3.03	3.18	2.99	3.04	11411800	35608868
2009/3/24	3	3.04	2.99	3.03	6916500	20846768
2009/3/23	2.99	3.05	2.97	3.01	6338000	19064884
2009/3/20	2.99	3.06	2.9	3	7131700	21284928
2009/3/19	2.85	2.99	2.85	2.98	7224200	21108268
2009/3/18	3	3.05	2.89	2.9	13229400	39472056
2009/3/17	2.76	2.9	2.72	2.9	7578800	21744148
2009/3/16	2.72	2.77	2.66	2.76	4212800	11449321
2009/3/13	2.7	2.78	2.65	2.72	5754400	15618067
2009/3/12	2.68	2.73	2.58	2.71	3745900	9958289
2009/3/11	2.69	2.77	2.69	2.7	4203800	11453501
2009/3/10	2.58	2.71	2.52	2.71	3340700	8723110
2009/3/9	2.79	2.85	2.64	2.64	4813100	13060068
2009/3/6	2.82	2.84	2.72	2.78	4633000	12904793
2009/3/5	2.77	2.82	2.76	2.82	10152500	28464818
2009/3/4	2.56	2.69	2.56	2.69	4791900	12757181
2009/3/3	2.55	2.63	2.48	2.56	3868900	9869940
2009/3/2	2.47	2.64	2.45	2.61	5668300	14382046
2009/2/27	2.7	2.7	2.58	2.58	3695000	9586374
2009/2/26	2.84	2.91	2.71	2.72	6189500	17428886
2009/2/25	2.9	2.96	2.77	2.85	8519400	24068284
2009/2/24	3.06	3.11	2.92	2.92	9579200	28611380
2009/2/23	3.05	3.13	2.89	3.07	10510800	31921378
2009/2/20	2.84	3	2.72	3	11441900	32719764
2009/2/19	2.83	2.96	2.83	2.86	15614300	44530100
2009/2/18	3.05	3.05	2.98	2.98	4808800	14360977
2009/2/17	3.36	3.36	3.04	3.14	22623400	72281864
2009/2/16	3.2	3.2	3.2	3.2	924000	2957088
2009/2/13	3.05	3.05	3.05	3.05	821200	2504806.5
2009/2/12	2.9	2.9	2.9	2.9	1955100	5669987
2009/2/11	2.7	2.76	2.7	2.76	2578100	7087746.5
2009/2/10	2.5	2.63	2.45	2.63	9742200	25489620
2009/2/9	2.43	2.5	2.39	2.5	10971600	27193676
2009/2/6	2.27	2.38	2.26	2.38	9268400	21644142
2009/2/5	2.34	2.34	2.27	2.27	10067700	23208054
2009/2/4	2.4	2.4	2.24	2.34	14463900	33564768
2009/2/3	2.24	2.29	2.24	2.29	3272400	7477066.5
2009/2/2	2.11	2.18	2.1	2.18	7104800	15433430
2009/1/23	1.98	2.08	1.98	2.08	8179600	16900824
2009/1/22	1.95	1.99	1.95	1.98	3349000	6611359.5
2009/1/21	1.97	1.99	1.93	1.95	2797000	5502118.5
2009/1/20	1.96	1.99	1.93	1.99	2310000	4541052
2009/1/19	1.98	1.99	1.93	1.95	3087800	6039762
2009/1/16	1.96	2	1.95	1.97	2939100	5817448
2009/1/15	1.97	1.99	1.94	1.96	2480300	4890329.5
2009/1/14	1.92	1.98	1.9	1.97	2346000	4561674
2009/1/13	2	2	1.93	1.93	3593200	7018428.5
2009/1/12	1.98	2.07	1.94	2.03	4466200	8969811
2009/1/9	1.91	1.98	1.91	1.97	2587500	5061289.5
2009/1/8	1.92	1.97	1.89	1.94	3147600	6050854
2009/1/7	1.94	1.99	1.93	1.95	2893100	5669944
2009/1/6	1.89	1.95	1.85	1.94	3019000	5778274.5
2009/1/5	1.79	1.89	1.79	1.89	2610600	4820689.5

:						
000034   						
      	    	    	    	    	    	    