2019/9/23	6.12	6.12	5.86	5.9	16170700	96109584
2019/9/20	5.95	6.24	5.88	6.1	27770026	169420336
2019/9/19	5.96	5.98	5.8	5.95	11058824	64924188
2019/9/18	5.97	5.98	5.79	5.85	11296700	66359220
2019/9/17	6.1	6.12	5.86	5.95	16442009	98261176
2019/9/16	6.15	6.17	6.06	6.09	12286642	75083680
2019/9/12	6.15	6.22	6.09	6.11	12159663	74759976
2019/9/11	6.31	6.32	6.08	6.09	18656976	115221560
2019/9/10	6.28	6.37	6.2	6.26	20935500	131447072
2019/9/9	6.1	6.36	6.06	6.28	42333518	264566720
2019/9/6	5.81	6.2	5.68	6.08	47773043	284989600
2019/9/5	5.74	5.88	5.74	5.76	26641896	154729232
2019/9/4	5.78	5.82	5.64	5.73	17929604	102676016
2019/9/3	5.78	5.83	5.7	5.79	16841457	97153224
2019/9/2	5.71	5.89	5.71	5.76	18412402	106324880
2019/8/30	5.85	5.94	5.72	5.73	19954902	115929376
2019/8/29	5.9	5.93	5.81	5.84	12515700	73465936
2019/8/28	5.96	6.01	5.8	5.88	16388083	96692760
2019/8/27	6.08	6.1	5.9	5.93	21316341	127064208
2019/8/26	5.81	6.11	5.81	6.03	23681963	141897104
2019/8/23	5.77	6.02	5.77	5.9	20488102	121473792
2019/8/22	5.78	5.85	5.72	5.79	15756200	91324592
2019/8/21	5.75	5.83	5.67	5.72	18467900	105933536
2019/8/20	5.71	5.88	5.67	5.75	30874744	177791680
2019/8/19	5.59	5.72	5.51	5.7	25667100	145265408
2019/8/16	5.5	5.62	5.42	5.53	23771491	131215728
2019/8/15	5.3	5.63	5.22	5.52	33641601	184485632
2019/8/14	5.18	5.65	5.11	5.42	45184739	244105792
2019/8/13	4.88	5.17	4.87	5.14	22296363	112580776
2019/8/12	4.84	4.92	4.84	4.92	8116684	39683400
2019/8/9	4.92	4.99	4.8	4.85	10299400	50376868
2019/8/8	4.91	4.95	4.86	4.87	9725700	47656572
2019/8/7	5.01	5.04	4.86	4.86	10041500	49464772
2019/8/6	5.06	5.06	4.8	4.97	17753061	87514432
2019/8/5	5.05	5.19	5	5.08	13931559	71247456
2019/8/2	5.13	5.15	4.99	5.07	16883945	85595912
2019/8/1	5.16	5.25	5.16	5.24	12428488	64959656
2019/7/31	5.26	5.29	5.18	5.19	12951672	67599952
2019/7/30	5.25	5.36	5.24	5.27	18943509	100339248
2019/7/29	5.4	5.41	5.19	5.24	24975611	131168048
2019/7/26	5.42	5.44	5.27	5.36	18774322	100319480
2019/7/25	5.49	5.49	5.36	5.42	14449890	78019576
2019/7/24	5.44	5.52	5.4	5.49	15908402	87119472
2019/7/23	5.5	5.53	5.35	5.45	15950600	86652768
2019/7/22	5.68	5.7	5.41	5.48	23190245	128031440
2019/7/19	5.7	5.84	5.67	5.74	27867243	160696640
2019/7/18	5.62	5.76	5.56	5.57	18269600	103327544
2019/7/17	5.68	5.71	5.59	5.63	18466342	104286536
2019/7/16	5.76	5.83	5.68	5.71	20615943	118498128
2019/7/15	5.66	5.88	5.52	5.76	28700989	164300368
2019/7/12	5.82	5.85	5.66	5.68	27061337	155465984
2019/7/11	5.79	5.95	5.64	5.88	40239544	233032624
2019/7/10	5.95	5.98	5.67	5.74	41799582	241892368
2019/7/9	6.12	6.22	5.82	5.97	56928531	340586240
2019/7/8	6.31	6.52	6.23	6.31	61749150	392649216
2019/7/5	6.35	6.49	6.17	6.24	52485374	331361440
2019/7/4	6.15	6.61	6.08	6.35	68533873	435310752
2019/7/3	6.08	6.49	6.05	6.24	78148117	491057792
2019/7/2	6.17	6.18	5.85	6.05	57360033	344275008
2019/7/1	6.26	6.42	6.07	6.12	76367669	475634400
2019/6/28	5.89	6.19	5.57	6	81165477	480759744
2019/6/27	5.78	6.28	5.76	6	94610921	566057024
2019/6/26	5.96	6.57	5.72	6.03	118861596	749026368
2019/6/25	5.43	5.97	5.32	5.97	87087768	507063680
2019/6/24	5.62	5.67	5.35	5.43	41899265	229749600
2019/6/21	5.47	5.67	5.32	5.58	61371407	337937280
2019/6/20	5.31	5.5	5.22	5.43	59531249	320549984
2019/6/19	4.74	5.19	4.68	5.19	38876909	195929328
2019/6/18	4.61	4.85	4.59	4.72	7675453	36063196
2019/6/17	4.71	4.75	4.6	4.61	5043987	23547958
2019/6/14	4.7	4.77	4.64	4.7	6505633	30531568
2019/6/13	4.77	4.78	4.65	4.68	7993400	37690700
2019/6/12	4.88	4.88	4.76	4.78	8727100	41839232
2019/6/11	4.82	4.93	4.74	4.88	13859505	67232944
2019/6/10	4.62	4.84	4.56	4.83	16059296	76566368
2019/6/6	4.63	4.67	4.52	4.61	9400630	43113224
2019/6/5	4.45	4.77	4.43	4.66	17541567	81204640
2019/6/4	4.55	4.55	4.41	4.42	13186811	58924100
2019/6/3	4.37	4.8	4.29	4.61	22017868	102417288
2019/5/31	4.29	4.38	4.28	4.36	3318410	14429888
2019/5/30	4.3	4.32	4.26	4.3	2932800	12582297
2019/5/29	4.3	4.35	4.3	4.32	2596013	11230337
2019/5/28	4.37	4.38	4.32	4.33	3901440	16986452
2019/5/27	4.28	4.37	4.2	4.37	4640898	19976264
2019/5/24	4.28	4.31	4.23	4.28	2744079	11711198
2019/5/23	4.37	4.37	4.27	4.3	4577616	19699304
2019/5/22	4.4	4.48	4.31	4.39	4073805	17947652
2019/5/21	4.33	4.43	4.31	4.4	4022201	17673612
2019/5/20	4.33	4.41	4.22	4.34	5390973	23114178
2019/5/17	4.62	4.66	4.36	4.38	9159058	41029944
2019/5/16	4.61	4.64	4.57	4.63	5321146	24543416
2019/5/15	4.56	4.64	4.56	4.61	5486406	25218646
2019/5/14	4.59	4.64	4.53	4.53	5730800	26246472
2019/5/13	4.55	4.68	4.41	4.64	8141082	37479264
2019/5/10	4.51	4.61	4.4	4.57	8911442	40495536
2019/5/9	4.67	4.68	4.41	4.5	12156200	55101380
2019/5/8	4.72	4.82	4.66	4.69	7277960	34522080
2019/5/7	4.82	4.86	4.72	4.79	6397316	30694538
2019/5/6	5.02	5.02	4.62	4.78	14021173	67550768
2019/4/30	5.14	5.22	5.11	5.13	5728600	29650356
2019/4/29	5.21	5.33	5.1	5.12	11030044	57482656
2019/4/26	5.3	5.34	5.12	5.17	9683755	50508252
2019/4/25	5.56	5.56	5.32	5.33	16473942	89499752
2019/4/24	5.41	5.6	5.37	5.6	23900514	131690592
2019/4/23	5.47	5.48	5.31	5.39	12687946	68176688
2019/4/22	5.4	5.64	5.38	5.46	22126880	121625424
2019/4/19	5.25	5.42	5.22	5.4	17175403	91501760
2019/4/18	5.3	5.32	5.23	5.24	9304356	48967080
2019/4/17	5.22	5.33	5.16	5.26	10213147	53751500
2019/4/16	5.14	5.22	5.03	5.21	10901249	55832024
2019/4/15	5.18	5.29	5.13	5.14	11292585	58948916
2019/4/12	5.17	5.24	5.12	5.22	8075100	41899920
2019/4/11	5.34	5.35	5.15	5.17	11305025	59076964
2019/4/10	5.27	5.36	5.17	5.3	12730020	67135192
2019/4/9	5.25	5.34	5.2	5.3	11383114	60084332
2019/4/8	5.37	5.42	5.13	5.24	14835267	78518776
2019/4/4	5.37	5.39	5.32	5.36	13570118	72719536
2019/4/3	5.31	5.35	5.26	5.35	8532718	45358160
2019/4/2	5.37	5.37	5.27	5.3	8803530	46744664
2019/4/1	5.24	5.38	5.24	5.34	10562882	56043920
2019/3/29	5.12	5.21	5.06	5.21	7287681	37542024
2019/3/28	5.22	5.22	5.1	5.1	6060500	31217018
2019/3/27	5.2	5.22	5.1	5.22	5868482	30381840
2019/3/26	5.37	5.4	5.16	5.18	9253616	48655588
2019/3/25	5.41	5.44	5.3	5.37	8369920	45200908
2019/3/22	5.53	5.53	5.4	5.5	7924836	43393428
2019/3/21	5.49	5.57	5.43	5.52	14420599	79288952
2019/3/20	5.57	5.57	5.36	5.47	10128100	55220208
2019/3/19	5.45	5.58	5.41	5.55	14038698	77095088
2019/3/18	5.4	5.44	5.28	5.42	9302300	49925420
2019/3/15	5.36	5.4	5.27	5.36	8990708	48023536
2019/3/14	5.43	5.51	5.26	5.31	10554839	56541764
2019/3/13	5.7	5.7	5.45	5.49	19993149	111502576
2019/3/12	5.42	5.89	5.42	5.73	33100245	187226640
2019/3/11	5.27	5.43	5.27	5.39	11261443	60403376
2019/3/8	5.62	5.62	5.24	5.28	18094985	98133128
2019/3/7	5.61	5.7	5.57	5.65	18595193	104737744
2019/3/6	5.64	5.66	5.53	5.61	16481193	92236216
2019/3/5	5.54	5.61	5.44	5.6	15697142	87279504
2019/3/4	5.47	5.69	5.41	5.51	16026186	89282440
2019/3/1	5.48	5.48	5.36	5.41	7690373	41578200
2019/2/28	5.37	5.48	5.36	5.43	7388019	40050632
2019/2/27	5.44	5.5	5.36	5.4	10841497	58944908
2019/2/26	5.58	5.58	5.39	5.4	13992014	76550648
2019/2/25	5.36	5.5	5.29	5.45	15588137	84530400
2019/2/22	5.27	5.31	5.23	5.3	5737706	30289740
2019/2/21	5.3	5.32	5.23	5.26	7102411	37504420
2019/2/20	5.31	5.32	5.19	5.27	5256647	27629862
2019/2/19	5.36	5.38	5.23	5.3	6509942	34556336
2019/2/18	5.19	5.35	5.18	5.35	6466032	34208476
2019/2/15	5.26	5.26	5.16	5.16	4056916	21127760
2019/2/14	5.24	5.28	5.18	5.25	4577716	23971996
2019/2/13	5.1	5.29	5.1	5.25	6078790	31775448
2019/2/12	5.19	5.21	5.09	5.13	4045272	20825730
2019/2/11	5.02	5.17	5.01	5.15	3283100	16786696
2019/2/1	4.82	5.01	4.82	4.99	3240587	15999833
2019/1/31	5.05	5.1	4.77	4.78	7075962	34897296
2019/1/30	5.18	5.21	5.05	5.05	3626500	18491218
2019/1/29	5.18	5.24	5.02	5.21	6211284	32025090
2019/1/28	5.15	5.18	5.1	5.16	4968251	25581192
2019/1/25	5.13	5.15	5.08	5.08	2715200	13882619
2019/1/24	5.07	5.18	5.06	5.13	2390202	12240305
2019/1/23	5.11	5.14	5.08	5.1	2612300	13351198
2019/1/22	5.18	5.2	5.06	5.08	3447600	17607992
2019/1/21	5.22	5.22	5.14	5.17	5187706	26848088
2019/1/18	5.21	5.26	5.05	5.24	7399612	38108092
2019/1/17	5.31	5.35	5.2	5.24	6596382	34770284
2019/1/16	5.56	5.58	5.2	5.22	13529677	72587928
2019/1/15	5.57	5.63	5.52	5.54	4367201	24264780
2019/1/14	5.47	5.67	5.45	5.57	6635594	36951416
2019/1/11	5.39	5.52	5.33	5.47	4654200	25282478
2019/1/10	5.44	5.49	5.34	5.39	5572794	30117462
2019/1/9	5.55	5.58	5.42	5.42	7171300	39571224
2019/1/8	5.53	5.63	5.48	5.54	5606811	31121880
2019/1/7	5.57	5.61	5.45	5.53	9635856	53155192
2019/1/4	5.54	5.69	5.48	5.56	12846462	71498872
2019/1/3	5.57	5.78	5.42	5.61	14105870	78813192
2019/1/2	5.2	5.65	5.18	5.54	14956367	82034024
2018/12/28	5.23	5.28	5.12	5.2	6849000	35689232
2018/12/27	5.26	5.35	5.19	5.24	10960200	57787068
2018/12/26	5.2	5.27	5.17	5.21	5298700	27668346
2018/12/25	5.19	5.27	5.09	5.26	6871400	35498780
2018/12/24	5.18	5.3	5.1	5.28	6072655	31669264
2018/12/21	5.09	5.29	5.06	5.16	10961051	56958816
2018/12/20	5.1	5.16	5.04	5.11	6277576	32039480
2018/12/19	5.16	5.21	5	5.19	8404131	43100720
2018/12/18	5.26	5.27	5.07	5.1	8383610	43103824
2018/12/17	5.16	5.29	5.14	5.24	7494101	39141224
2018/12/14	5.3	5.47	5.15	5.19	12720144	67251200
2018/12/13	5.32	5.46	5.29	5.29	14229562	76223608
2018/12/12	5.25	5.49	5.12	5.4	23546305	124124656
2018/12/11	5.18	5.36	5.05	5.31	37810832	197921552
2018/12/10	4.68	5.15	4.5	5.15	30521914	153031712
2018/12/7	4.67	4.78	4.67	4.68	4910900	23122292
2018/12/6	4.76	4.83	4.68	4.69	5658000	26775982
2018/12/5	4.6	4.85	4.56	4.78	11535620	54669300
2018/12/4	4.58	4.7	4.54	4.68	7942086	36852544
2018/12/3	4.7	4.7	4.54	4.55	5585917	25602608
2018/11/30	4.42	4.49	4.36	4.46	3436280	15184681
2018/11/29	4.6	4.6	4.41	4.41	4555920	20466360
2018/11/28	4.38	4.65	4.27	4.58	7569760	33851064
2018/11/27	4.39	4.41	4.34	4.39	3300520	14459089
2018/11/26	4.36	4.4	4.31	4.36	3414500	14906496
2018/11/23	4.6	4.61	4.31	4.36	8524610	37687884
2018/11/22	4.58	4.62	4.52	4.62	5335280	24399916
2018/11/21	4.52	4.61	4.52	4.56	5649300	25777524
2018/11/20	4.78	4.82	4.62	4.63	7788300	36641736
2018/11/19	4.76	4.85	4.73	4.84	7238922	34654800
2018/11/16	4.74	4.78	4.71	4.76	6655891	31620932
2018/11/15	4.7	4.74	4.67	4.73	5604271	26411602
2018/11/14	4.72	4.8	4.67	4.71	7163123	33800204
2018/11/13	4.54	4.71	4.52	4.69	8923135	41499112
2018/11/12	4.48	4.64	4.47	4.61	4902600	22393704
2018/11/9	4.52	4.57	4.51	4.52	3025958	13730008
2018/11/8	4.68	4.7	4.51	4.52	5211653	23935502
2018/11/7	4.69	4.74	4.65	4.65	4453886	20863444
2018/11/6	4.68	4.72	4.61	4.7	7239240	33864120
2018/11/5	4.68	4.69	4.57	4.65	6244784	28929456
2018/11/2	4.65	4.72	4.57	4.64	7557106	34875664
2018/11/1	4.53	4.59	4.46	4.51	5319098	24084422
2018/10/31	4.53	4.55	4.48	4.51	5834300	26340616
2018/10/30	4.53	4.57	4.4	4.48	5487416	24640616
2018/10/29	4.66	4.67	4.42	4.51	5456830	24640420
2018/10/26	4.52	4.77	4.51	4.61	8144139	37536340
2018/10/25	4.39	4.5	4.22	4.47	6462320	28477832
2018/10/24	4.46	4.52	4.42	4.48	5812802	25958750
2018/10/23	4.42	4.6	4.38	4.42	9686431	43361928
2018/10/22	4.23	4.42	4.18	4.38	9586397	41624172
2018/10/19	4.01	4.19	3.96	4.15	5465220	22283430
2018/10/18	4.37	4.37	4.06	4.09	6148600	25707600
2018/10/17	4.38	4.42	4.24	4.38	5106762	22181590
2018/10/16	4.34	4.44	4.3	4.33	5427800	23779694
2018/10/15	4.33	4.42	4.26	4.36	4251600	18511972
2018/10/12	4.26	4.38	4.12	4.34	8404650	35784676
2018/10/11	4.41	4.54	4.2	4.27	10030800	43766368
2018/10/10	4.5	4.65	4.45	4.61	7817518	35836896
2018/10/9	4.51	4.58	4.43	4.47	5202000	23336710
2018/10/8	4.5	4.69	4.38	4.51	8390389	38116488
2018/9/28	4.64	4.7	4.53	4.59	7905051	36323496
2018/9/27	4.69	4.87	4.66	4.7	13338700	63655964
2018/9/26	4.78	4.79	4.62	4.63	14892336	69625912
2018/9/25	5.14	5.14	4.68	4.75	27370311	133361376
2018/9/12	4.5	4.89	4.46	4.67	22262086	105036792
2018/9/11	4.33	4.8	4.28	4.64	24037166	110530720
2018/9/10	4.3	4.62	4.26	4.36	12497184	55228460
2018/9/7	4.17	4.27	4.16	4.24	6387752	26886476
2018/9/6	4.16	4.22	4.08	4.11	4252045	17613018
2018/9/5	4.21	4.35	4.17	4.19	5337294	22684772
2018/9/4	4.1	4.27	4.1	4.23	5490900	23119566
2018/9/3	4.14	4.14	4.07	4.13	3056798	12553007
2018/8/31	4.16	4.21	4.11	4.13	2889300	11980183
2018/8/30	4.22	4.25	4.16	4.16	4187071	17553640
2018/8/29	4.27	4.3	4.22	4.26	3489953	14876084
2018/8/28	4.18	4.28	4.17	4.26	4378135	18550192
2018/8/27	4.14	4.19	4.14	4.19	4392360	18316612
2018/8/24	4.2	4.2	4.1	4.13	5460791	22648734
2018/8/23	4.11	4.46	4.11	4.22	12594374	53954176
2018/8/22	4.11	4.11	4.05	4.06	2722000	11066102
2018/8/21	4.09	4.11	4.06	4.08	3293400	13465858
2018/8/20	4.09	4.14	3.99	4.07	3487560	14161144
2018/8/17	4.24	4.29	4.03	4.07	4656077	19352510
2018/8/16	4.25	4.28	4.13	4.21	5783297	24350632
2018/8/15	4.16	4.49	4.16	4.3	17873138	77239632
2018/8/14	4.1	4.23	4.05	4.19	6827400	28222828
2018/8/13	4.07	4.11	4.03	4.08	5400920	21931860
2018/8/10	4.11	4.13	4.07	4.11	4810002	19692422
2018/8/9	4.02	4.14	4.02	4.13	8140602	33260532
2018/8/8	4.04	4.14	4.01	4.04	7037652	28742084
2018/8/7	4	4.08	3.95	4.05	6030532	24364920
2018/8/6	4.1	4.12	3.96	3.99	6552620	26457894
2018/8/3	4.1	4.2	4.01	4.11	8400750	34574160
2018/8/2	4.45	4.48	4.03	4.09	15311566	63639688
2018/8/1	4.57	4.61	4.48	4.48	5832200	26459150
2018/7/31	4.54	4.59	4.52	4.58	4814500	21945590
2018/7/30	4.57	4.64	4.51	4.57	7732590	35374968
2018/7/27	4.7	4.7	4.55	4.57	9413200	43330928
2018/7/26	4.6	4.73	4.54	4.68	12904700	60004132
2018/7/25	4.64	4.66	4.58	4.58	8017202	37012000
2018/7/24	4.58	4.69	4.56	4.65	11149466	51706644
2018/7/23	4.6	4.65	4.53	4.58	8753282	40091548
2018/7/20	4.46	4.68	4.46	4.63	7767903	35808688
2018/7/19	4.75	4.78	4.58	4.63	12687008	59036960
2018/7/18	4.79	4.84	4.65	4.77	16830865	79894160
2018/7/17	4.56	4.9	4.52	4.8	27610752	130862632
2018/7/16	4.72	4.79	4.38	4.48	23138568	104754848
2018/7/13	4.7	4.88	4.62	4.79	18228665	87321328
2018/7/12	4.8	4.95	4.75	4.75	37567013	182276656
2018/7/11	4.91	5.15	4.91	4.91	33278890	164168720
2018/7/10	5.45	5.45	5.45	5.45	975400	5315930
2018/7/9	6.05	6.05	6.05	6.05	1046800	6333140
2017/8/21	6.58	6.78	6.55	6.72	9423702	62596444
2017/8/18	6.62	6.62	6.53	6.57	4897600	32146796
2017/8/17	6.63	6.64	6.59	6.62	3233300	21404936
2017/8/16	6.61	6.65	6.55	6.61	2917600	19223430
2017/8/15	6.69	6.69	6.56	6.6	3738302	24672684
2017/8/14	6.58	6.71	6.56	6.65	5056692	33674856
2017/8/11	6.66	6.66	6.51	6.58	4929691	32425518
2017/8/10	6.75	6.77	6.62	6.63	5699100	38102592
2017/8/9	6.58	6.77	6.57	6.71	9916362	66490456
2017/8/8	6.66	6.66	6.52	6.55	5734662	37697396
2017/8/7	6.4	6.69	6.39	6.63	12693373	83252056
2017/8/4	6.39	6.43	6.38	6.4	4203800	26914256
2017/8/3	6.39	6.43	6.37	6.4	3889920	24915404
2017/8/2	6.46	6.49	6.3	6.39	7227552	46184976
2017/8/1	6.47	6.48	6.43	6.45	5437571	35087796
2017/7/31	6.4	6.48	6.36	6.45	6115687	39319644
2017/7/28	6.44	6.46	6.37	6.39	6204291	39757228
2017/7/27	6.45	6.5	6.35	6.45	8810922	56754660
2017/7/26	6.63	6.63	6.33	6.45	12339743	79861464
2017/7/25	6.6	6.72	6.58	6.63	6519545	43250316
2017/7/24	6.52	6.64	6.52	6.55	7916398	52044544
2017/7/21	6.47	6.54	6.47	6.52	3349900	21807482
2017/7/20	6.53	6.58	6.47	6.52	6162700	40176648
2017/7/19	6.53	6.54	6.31	6.53	8111581	52308372
2017/7/18	6.62	6.63	6.1	6.53	11514561	73766696
2017/7/17	6.8	6.8	6.51	6.65	8247332	54768204
2017/7/14	6.83	6.83	6.71	6.81	3138500	21277806
2017/7/13	6.77	6.84	6.75	6.83	3900000	26468550
2017/7/12	6.87	6.88	6.64	6.82	9085582	61213512
2017/7/11	6.91	6.93	6.84	6.9	6080620	41862288
2017/7/10	7	7.01	6.88	6.91	5418311	37514868
2017/7/7	7.02	7.02	6.95	7.01	4203200	29315142
2017/7/6	6.97	7.04	6.94	7.02	6488860	45431280
2017/7/5	6.92	7	6.91	6.97	3943700	27428606
2017/7/4	7.02	7.02	6.91	6.95	4900803	34051552
2017/7/3	7.08	7.08	6.96	7.04	5395500	37805716
2017/6/30	6.88	7.1	6.85	7.04	10824249	75419160
2017/6/29	6.85	6.91	6.83	6.89	7557822	52047320
2017/6/28	6.86	6.9	6.81	6.86	5218120	35752968
2017/6/27	6.82	6.89	6.77	6.86	7429800	50839100
2017/6/26	6.66	6.83	6.64	6.82	13098220	88441464
2017/6/23	6.68	6.7	6.54	6.7	14926458	98386912
2017/6/22	6.75	6.78	6.66	6.69	10259622	68676144
2017/6/21	6.76	6.78	6.68	6.72	5771200	38812288
2017/6/20	6.87	6.87	6.71	6.75	11814373	80075560
2017/6/19	6.91	6.95	6.81	6.84	8531001	58423020
2017/6/16	6.93	7.03	6.92	6.93	4866300	33848392
2017/6/15	6.93	6.94	6.87	6.93	5135080	35490280
2017/6/14	6.95	6.95	6.89	6.92	3469849	23975820
2017/6/13	6.9	6.95	6.88	6.94	5862462	40572116
2017/6/12	6.88	6.98	6.83	6.93	6674498	46195164
2017/6/9	6.83	6.88	6.8	6.88	6655321	45638700
2017/6/8	6.94	6.96	6.85	6.87	6083700	41885444
2017/6/7	6.92	6.97	6.88	6.93	6462998	44714016
2017/6/6	6.83	6.92	6.8	6.91	6015118	41430012
2017/6/5	6.8	6.92	6.71	6.85	7556102	51646372
2017/6/2	6.63	6.68	6.56	6.67	4473818	29576022
2017/6/1	6.74	6.78	6.6	6.65	7086710	47227004
2017/5/31	6.85	6.85	6.74	6.78	5465956	37088912
2017/5/26	6.77	6.79	6.68	6.71	5274400	35468888
2017/5/25	6.75	6.77	6.6	6.76	8656272	58051552
2017/5/24	6.68	6.77	6.62	6.76	4735549	31711342
2017/5/23	6.76	6.86	6.67	6.75	5548845	37478268
2017/5/22	6.9	7.06	6.83	6.83	8106200	56361612
2017/5/19	6.88	6.99	6.86	6.94	6932900	48077368
2017/5/18	6.91	7.03	6.81	6.92	13381613	92641688
2017/5/17	6.77	7.17	6.74	7.13	18511066	128041344
2017/5/16	6.75	6.79	6.51	6.76	9454237	63142528
2017/5/15	6.83	6.92	6.78	6.79	3478600	23747340
2017/5/12	6.99	7	6.8	6.83	5998500	41211640
2017/5/11	6.98	7.02	6.77	6.99	7518975	51909056
2017/5/10	7.07	7.15	6.95	7.03	5828915	41017924
2017/5/9	7.03	7.11	6.96	7.07	3329900	23410632
2017/5/8	7.08	7.08	6.94	7	5310900	37250224
2017/5/5	7.27	7.29	6.96	7.05	7409798	52938928
2017/5/4	7.37	7.37	7.24	7.3	6719920	48896684
2017/5/3	7.19	7.41	7.13	7.37	8294058	59947584
2017/5/2	7.28	7.28	7.15	7.2	5632300	40572312
2017/4/28	7.2	7.32	7.16	7.3	5077580	36769964
2017/4/27	7.16	7.25	6.96	7.24	11018024	78200216
2017/4/26	7.12	7.28	7.09	7.16	10537310	75304256
2017/4/25	7.48	7.55	7.07	7.1	13692690	100414712
2017/4/24	7.79	7.83	7.4	7.49	13713512	104471032
2017/4/21	7.8	7.88	7.71	7.8	7920510	61693212
2017/4/20	7.72	7.82	7.6	7.8	10029648	77391176
2017/4/19	7.66	7.74	7.51	7.72	10298785	78511632
2017/4/18	7.9	7.93	7.6	7.72	11185400	86889472
2017/4/17	8.06	8.1	7.76	7.83	15731200	123846912
2017/4/14	8.34	8.34	8	8.13	20886572	169809744
2017/4/13	8.13	8.4	8.12	8.33	28015032	232166464
2017/4/12	8.12	8.24	8.05	8.13	19778368	161384768
2017/4/11	7.85	8.27	7.85	8.17	29701775	239856832
2017/4/10	8	8.08	7.9	7.9	17661666	141598096
2017/4/7	8.15	8.25	8.01	8.16	21623394	175989632
2017/4/6	7.89	8.19	7.82	8.16	25522010	204882160
2017/4/5	7.72	7.88	7.7	7.87	14328892	111851120
2017/3/31	7.69	7.75	7.58	7.72	7004100	53743284
2017/3/30	7.83	7.86	7.58	7.69	11711539	89922904
2017/3/29	7.9	7.98	7.82	7.84	12990818	102487056
2017/3/28	7.82	7.98	7.8	7.88	11629134	91614552
2017/3/27	7.65	8.3	7.65	7.87	32298417	255969360
2017/3/24	7.56	7.68	7.49	7.65	10218154	77659240
2017/3/23	7.61	7.64	7.46	7.57	12072140	90899776
2017/3/22	7.65	7.69	7.55	7.6	7064710	53764800
2017/3/21	7.66	7.7	7.61	7.67	7986886	61219264
2017/3/20	7.59	7.68	7.56	7.66	9238842	70501504
2017/3/17	7.68	7.7	7.57	7.59	9681246	73798776
2017/3/16	7.57	7.7	7.55	7.64	15003991	114338856
2017/3/15	7.51	7.63	7.38	7.56	13310184	99441680
2017/3/14	7.42	7.51	7.39	7.51	8893118	66150688
2017/3/13	7.45	7.47	7.36	7.44	6172460	45793488
2017/3/10	7.28	7.42	7.28	7.4	7760367	57169552
2017/3/9	7.48	7.48	7.28	7.32	10976467	80659184
2017/3/8	7.5	7.55	7.45	7.48	8451211	63354160
2017/3/7	7.59	7.62	7.45	7.5	10385144	78012160
2017/3/6	7.57	7.7	7.52	7.57	11740908	89023288
2017/3/3	7.58	7.58	7.45	7.56	7885542	59254904
2017/3/2	7.66	7.78	7.54	7.58	15004700	114527432
2017/3/1	7.73	7.73	7.62	7.68	11430763	87881288
2017/2/28	7.65	7.73	7.55	7.7	13140237	100309976
2017/2/27	7.6	7.8	7.56	7.66	27983112	214832224
2017/2/24	7.3	7.64	7.28	7.59	22140911	164872752
2017/2/23	7.26	7.33	7.23	7.28	7949103	57845100
2017/2/22	7.34	7.34	7.22	7.24	11014203	80032384
2017/2/21	7.27	7.31	7.21	7.31	6588354	47869764
2017/2/20	7.25	7.31	7.2	7.26	10199580	73925824
2017/2/17	7.33	7.34	7.23	7.25	5906051	42935728
2017/2/16	7.34	7.37	7.25	7.32	5964749	43647820
2017/2/15	7.44	7.44	7.26	7.29	7319749	53713164
2017/2/14	7.43	7.47	7.38	7.41	8646009	64236148
2017/2/13	7.37	7.45	7.3	7.4	10126461	74912440
2017/2/10	7.35	7.35	7.28	7.35	8232496	60289836
2017/2/9	7.24	7.44	7.21	7.33	13846606	101954168
2017/2/8	7.19	7.24	7.11	7.22	4280323	30787348
2017/2/7	7.23	7.24	7.13	7.17	5739885	41186716
2017/2/6	7.21	7.26	7.15	7.24	3997439	28814350
2017/2/3	7.3	7.31	7.2	7.21	1875000	13548598
2017/1/26	7.28	7.33	7.2	7.3	3779234	27503730
2017/1/25	7.2	7.33	7.18	7.27	4960941	36065096
2017/1/24	7.21	7.26	7.15	7.21	4471300	32221832
2017/1/23	7.07	7.27	7.04	7.22	8115966	58195380
2017/1/20	6.88	7.2	6.88	7.06	6958700	49170716
2017/1/19	6.96	6.96	6.83	6.9	4978216	34345912
2017/1/18	7.06	7.09	6.91	6.96	5849234	40906864
2017/1/17	6.97	7.09	6.78	7.09	8329300	57999260
2017/1/16	7.17	7.29	6.5	7.04	11523096	80855184
2017/1/13	7.32	7.35	7.13	7.22	10521421	75780976
2017/1/12	7.36	7.43	7.26	7.35	10324399	75652688
2017/1/11	7.65	7.65	7.32	7.44	15773700	117876280
2017/1/10	7.71	7.73	7.61	7.65	6828543	52258208
2017/1/9	7.6	7.72	7.55	7.68	13017319	99619640
2017/1/6	7.54	7.64	7.42	7.57	11189004	84449376
2017/1/5	7.51	7.57	7.44	7.54	8728094	65713208
2017/1/4	7.44	7.51	7.4	7.49	7250799	54132484
2017/1/3	7.39	7.44	7.36	7.41	6803999	50355028
2016/12/30	7.43	7.44	7.31	7.36	7647886	56326328
2016/12/29	7.51	7.56	7.34	7.43	10835814	80723592
2016/12/28	7.54	7.61	7.47	7.5	6848318	51600580
2016/12/27	7.5	7.59	7.47	7.54	5872430	44310932
2016/12/26	7.52	7.53	7.31	7.52	7803398	57998916
2016/12/23	7.5	7.54	7.43	7.53	9436110	70581496
2016/12/22	7.64	7.64	7.43	7.53	14650844	109967072
2016/12/21	7.61	7.67	7.58	7.65	11674789	88999824
2016/12/20	7.73	7.73	7.53	7.61	14897808	113278456
2016/12/19	7.79	7.86	7.66	7.74	13291722	102599008
2016/12/16	7.67	7.87	7.55	7.81	18835311	145199056
2016/12/15	7.6	7.77	7.55	7.66	15516760	118485176
2016/12/14	7.85	7.85	7.52	7.6	26950272	207384064
2016/12/13	7.72	7.92	7.62	7.85	23004875	179365440
2016/12/12	8.3	8.43	7.7	7.82	38101377	308301216
2016/12/9	8.42	8.46	8.24	8.3	43214405	360111008
2016/12/8	8.43	8.88	8.35	8.51	85235181	729953600
2016/12/7	7.78	8.53	7.78	8.53	75922242	633919616
2016/12/6	7.8	7.85	7.62	7.75	11767785	91065720
2016/12/5	8.01	8.01	7.55	7.84	27294841	211950496
2016/11/25	7.95	8.2	7.86	8.12	19859736	160300272
2016/11/24	7.94	7.98	7.81	7.94	16016528	126451896
2016/11/23	8.09	8.09	7.81	7.94	19370386	154017248
2016/11/22	8.1	8.13	7.98	8.08	23113156	186610272
2016/11/21	7.8	8.07	7.71	8.02	25217226	199633952
2016/11/18	7.78	7.82	7.68	7.81	17571723	135994608
2016/11/17	7.74	7.87	7.7	7.77	16656409	129854728
2016/11/16	7.57	7.84	7.55	7.75	24211846	187364640
2016/11/15	7.56	7.58	7.51	7.57	9914232	74808328
2016/11/14	7.55	7.59	7.51	7.56	12062600	90978416
2016/11/11	7.6	7.6	7.45	7.56	10823778	81457904
2016/11/10	7.52	7.68	7.52	7.55	14244433	108040656
2016/11/9	7.56	7.58	7.38	7.45	12955854	97013192
2016/11/8	7.54	7.57	7.41	7.56	12022147	90326568
2016/11/7	7.45	7.56	7.44	7.52	8001197	60185372
2016/11/4	7.55	7.57	7.46	7.49	9102852	68350520
2016/11/3	7.48	7.6	7.42	7.55	14953184	112481760
2016/11/2	7.46	7.53	7.37	7.5	15344022	113993792
2016/11/1	7.42	7.55	7.42	7.47	11048170	82531208
2016/10/31	7.4	7.53	7.31	7.44	12587648	93546152
2016/10/28	7.66	7.69	7.48	7.48	35338078	267577760
2016/10/27	7.99	8.32	7.79	7.85	59870004	481029376
2016/10/26	7.64	7.68	7.51	7.56	15917250	120637064
2016/10/25	7.75	7.76	7.62	7.69	14003646	107617896
2016/10/24	7.74	7.78	7.65	7.74	11837984	91420504
2016/10/21	7.8	7.87	7.64	7.74	13193558	102292512
2016/10/20	7.75	7.81	7.7	7.78	11663632	90277144
2016/10/19	7.84	7.85	7.7	7.78	14792105	114549880
2016/10/18	7.76	7.82	7.63	7.82	16401407	127138208
2016/10/17	8.07	8.09	7.67	7.74	25547977	201301296
2016/10/14	8	8.12	7.94	8.06	22172430	177787008
2016/10/13	8.14	8.37	7.98	8.05	38414483	313177152
2016/10/12	7.85	8.22	7.72	8.14	31109328	246666848
2016/10/11	7.9	8.06	7.78	7.9	40162690	318505280
2016/10/10	7.68	7.91	7.55	7.9	35888855	277565664
2016/9/30	7.76	7.78	7.48	7.64	29293699	222320624
2016/9/29	7.71	7.89	7.66	7.73	31998860	248422576
2016/9/28	7.88	7.88	7.65	7.69	40273901	312090624
2016/9/27	7.75	8.08	7.65	8.02	99592552	788429760
2016/9/26	7.59	7.79	7.46	7.79	66643760	516674912
2016/8/31	7.27	7.27	7.05	7.08	11120398	79273232
2016/8/30	7.25	7.28	7.12	7.22	16956546	122397016
2016/8/29	7.06	7.27	7.03	7.2	19342201	139200368
2016/8/26	6.91	7.24	6.9	7.06	13896742	98201848
2016/8/25	6.94	6.97	6.79	6.92	7231426	49684408
2016/8/24	6.93	7.06	6.91	6.97	7334161	51223748
2016/8/23	6.89	6.97	6.86	6.92	5281884	36483972
2016/8/22	7.03	7.12	6.9	6.91	9760975	68251608
2016/8/19	6.79	7.13	6.75	7.06	19146404	133311672
2016/8/18	6.87	6.9	6.76	6.76	10552374	71938016
2016/8/17	6.79	6.87	6.78	6.84	6908737	47168440
2016/8/16	6.78	6.94	6.74	6.82	11526284	78688056
2016/8/15	6.63	6.78	6.58	6.75	12314976	82708296
2016/8/12	6.61	6.66	6.57	6.65	4918840	32546706
2016/8/11	6.64	6.73	6.61	6.61	6817290	45398976
2016/8/10	6.7	6.79	6.6	6.67	10022013	67004052
2016/8/9	6.54	6.74	6.53	6.74	12074998	80224568
2016/8/8	6.48	6.56	6.43	6.53	6272671	40671676
2016/8/5	6.43	6.56	6.43	6.48	6026090	39134316
2016/8/4	6.41	6.48	6.38	6.46	5406218	34760728
2016/8/3	6.47	6.55	6.38	6.46	12689452	82058368
2016/8/2	6.45	6.48	6.29	6.47	10576632	67460184
2016/8/1	6.72	6.73	6.24	6.45	17864939	113672448
2016/7/29	6.82	6.84	6.66	6.7	5724492	38478760
2016/7/28	6.8	6.92	6.6	6.79	12683107	85971224
2016/7/27	7.28	7.32	6.7	6.84	16154203	112537664
2016/7/26	7.17	7.29	7.13	7.28	9065729	65441912
2016/7/25	7.14	7.17	7.07	7.14	6418639	45722752
2016/7/22	7.2	7.24	7.06	7.12	12862143	91516824
2016/7/21	7.23	7.36	7.17	7.24	14211720	103009936
2016/7/20	7.34	7.39	7.21	7.23	9430850	68653248
2016/7/19	7.3	7.41	7.22	7.32	13145813	96044360
2016/7/18	7.38	7.38	7.26	7.3	10755487	78627264
2016/7/15	7.47	7.55	7.38	7.44	12460554	92940472
2016/7/14	7.45	7.62	7.35	7.47	16734648	124955456
2016/7/13	7.24	7.57	7.18	7.44	29721447	219817328
2016/7/12	7.27	7.27	7.06	7.22	12947527	92734856
2016/7/11	7.24	7.36	7.13	7.26	18145216	131176640
2016/7/8	7.05	7.39	7	7.27	28471175	205642384
2016/7/7	7	7.04	6.94	7.02	10032692	70057376
2016/7/6	6.99	7.06	6.91	7	13182877	92428448
2016/7/5	6.99	7.03	6.9	7	10313233	71898048
2016/7/4	6.86	7.01	6.81	6.97	9762716	67938992
2016/7/1	7.05	7.08	6.88	6.9	11380827	79085064
2016/6/30	7.03	7.12	6.95	7.07	16098254	113252016
2016/6/29	7.17	7.17	7	7.05	10996530	77569520
2016/6/28	7.12	7.15	7.03	7.09	11788143	83521760
2016/6/27	6.98	7.15	6.92	7.12	13515692	95529952
2016/6/24	7.08	7.25	6.8	7.06	19126278	135352896
2016/6/23	7.2	7.26	7	7.08	16093840	114230032
2016/6/22	6.99	7.18	6.89	7.15	21323752	151071632
2016/6/21	6.98	7.24	6.88	6.96	29319393	208048016
2016/6/20	6.59	7.01	6.59	6.9	21163173	145182816
2016/6/17	6.65	6.7	6.52	6.58	7806636	51545568
2016/6/16	6.68	6.73	6.51	6.56	10137149	67108476
2016/6/15	6.48	6.74	6.39	6.7	11503090	76145760
2016/6/14	6.65	6.65	6.43	6.52	8340150	54262160
2016/6/13	6.9	6.9	6.6	6.6	10261406	68927848
2016/6/8	6.95	6.98	6.84	6.9	10186140	70379920
2016/6/7	6.88	6.94	6.76	6.92	12196785	83588528
2016/6/6	6.94	6.95	6.75	6.88	10528791	72114112
2016/6/3	6.96	6.99	6.81	6.87	14579250	100483920
2016/6/2	6.97	6.98	6.85	6.96	16717503	115764592
2016/6/1	6.88	7.08	6.8	6.93	25924832	180350352
2016/5/31	6.68	6.89	6.62	6.85	30969496	210107728
2016/5/30	6.32	6.95	6.23	6.73	27275845	183168128
2016/5/27	6.4	6.44	6.22	6.32	8788725	55527328
2016/5/26	12.86	12.95	12.45	12.78	7365329	93455472
2016/5/25	13.08	13.1	12.68	12.8	8070492	103536368
2016/5/24	12.6	12.99	12.41	12.91	10978068	139920064
2016/5/23	12.01	12.78	12.01	12.51	11935726	149788832
2016/5/20	11.6	12.07	11.51	11.92	4510801	53373332
2016/5/19	11.66	11.85	11.6	11.67	2737325	32152486
2016/5/18	11.88	11.88	11.46	11.65	2984094	34747612
2016/5/17	12.16	12.16	11.78	11.95	4105567	48990524
2016/5/16	11.73	12.07	11.67	12.06	2475510	29560116
2016/5/13	11.8	12.04	11.73	11.84	3391898	40260488
2016/5/12	11.78	11.91	11.52	11.87	3179866	37216124
2016/5/11	12.1	12.16	11.9	11.92	3269439	39358616
2016/5/10	12.06	12.2	11.95	12.03	2889629	34836856
2016/5/9	12.6	12.7	11.91	12.11	5231489	64102244
2016/5/6	13.36	13.47	12.68	12.72	8352531	108654272
2016/5/5	13.08	13.44	13.08	13.4	4689336	62385128
2016/5/4	13.28	13.37	13.18	13.35	5125476	68129368
2016/5/3	12.89	13.3	12.89	13.3	6809156	89599496
2016/4/29	12.93	13.14	12.82	12.92	2670906	34757840
2016/4/28	13.11	13.23	12.72	13.05	3319631	43083540
2016/4/27	13.16	13.27	13.09	13.18	3549508	46801044
2016/4/26	13.08	13.17	12.93	13.17	3280615	42876500
2016/4/25	13	13.15	12.72	13.11	3786511	49031984
2016/4/22	12.69	13.17	12.58	13.11	5057553	65251960
2016/4/21	12.79	13.05	12.66	12.68	5149296	66391620
2016/4/20	13.79	13.8	12.51	12.83	8660701	112814224
2016/4/19	13.95	14.03	13.6	13.71	5924469	81287616
2016/4/18	14.1	14.1	13.8	13.85	8230468	114562096
2016/4/15	14.25	14.29	14.03	14.29	7188181	101682128
2016/4/14	14.02	14.17	13.9	14.15	8005666	112527848
2016/4/13	13.75	14.25	13.75	13.91	10230470	143261120
2016/4/12	13.95	14.12	13.61	13.7	8863386	122457584
2016/4/11	13.66	14.13	13.66	14.05	11840525	165328848
2016/4/8	13.47	13.68	13.4	13.64	10438298	141678752
2016/4/7	13.77	13.84	13.46	13.59	12291676	167585616
2016/4/6	13.61	13.75	13.43	13.65	11259546	152876304
2016/4/5	13.34	13.87	13.33	13.61	15346044	210286800
2016/4/1	13.11	13.36	13.02	13.35	12870447	170121952
2016/3/31	13.13	13.32	13.05	13.15	12986587	170978976
2016/3/30	12.68	13.05	12.68	13.05	13079049	168907280
2016/3/29	12.72	12.95	12.25	12.46	10168578	127659512
2016/3/28	13.01	13.37	12.71	12.83	13970656	182566128
2016/3/25	13.1	13.48	12.85	12.95	20943822	274367712
2016/3/24	12.3	12.97	12.14	12.58	16536654	208122144
2016/3/23	12.12	12.42	12.02	12.38	13449418	165367056
2016/3/22	11.9	12.48	11.82	12.22	20149492	246662640
2016/3/21	11.93	12.05	11.84	11.99	18123590	216528992
2016/3/18	11.37	11.8	11.35	11.7	17418242	202282784
2016/3/17	11.1	11.41	11.08	11.35	11717138	132086200
2016/3/16	11.14	11.3	10.98	11.07	7411410	82501672
2016/3/15	11.26	11.29	11.04	11.09	8335432	93087400
2016/3/14	10.92	11.45	10.91	11.3	13279216	148744720
2016/3/11	10.72	10.9	10.7	10.8	5883132	63472424
2016/3/10	11.07	11.14	10.84	10.9	7156960	78686848
2016/3/9	10.98	11.16	10.81	11.06	8322192	91711616
2016/3/8	11.31	11.31	10.68	11.26	10858710	119304888
2016/3/7	11.01	11.38	11.01	11.32	11126025	124970584
2016/3/4	11.53	11.55	10.6	10.92	14380287	160060352
2016/3/3	11.52	11.83	11.43	11.53	17185340	199358832
2016/3/2	11.04	11.65	10.8	11.59	17512491	197152656
2016/3/1	10.95	11.08	10.5	11.06	13379910	146034416
2016/2/29	11.83	11.86	10.75	10.93	14023188	153958736
2016/2/26	12.1	12.3	11.53	11.93	14615645	174130864
2016/2/25	13.37	13.57	12.1	12.1	23493714	304060608
2016/2/24	13.32	13.48	13.16	13.44	13455111	179402528
2016/2/23	13.7	13.7	13.2	13.39	18849499	252593200
2016/2/22	13.48	13.78	13.41	13.73	26389773	359620320
2016/2/19	13.2	13.71	13.01	13.4	32411543	430224128
2016/2/18	13.82	14.38	13.82	13.82	69476373	965827968
2015/12/11	14.93	15.53	14.8	15.35	5497391	82703320
2015/12/10	15.15	15.31	14.9	14.96	5541627	83534664
2015/12/9	15.36	15.53	14.85	15.1	8160268	123129632
2015/12/8	15.56	16.09	15.55	15.55	9289393	147267072
2015/12/7	15.62	15.98	15.6	15.8	9009739	141779216
2015/12/4	15.68	15.87	15.35	15.48	6960338	108865744
2015/12/3	15.58	16	15.53	15.88	8084145	127731752
2015/12/2	16.12	16.12	15	15.57	9291651	144220912
2015/12/1	15.96	16.37	15.8	16.13	12468213	200685632
2015/11/30	15.46	16.05	14.47	15.81	14771838	228937184
2015/11/27	16.32	16.63	15	15.25	19824887	319879840
2015/11/26	16.35	16.43	16.05	16.23	9856484	160047872
2015/11/25	16.1	16.43	16.02	16.25	8410037	136569840
2015/11/24	15.79	16.1	15.74	16.1	7425671	117822088
2015/11/23	16.24	16.48	15.72	15.82	8092677	130777240
2015/11/20	16.21	16.49	16.19	16.24	7279522	118821160
2015/11/19	16.01	16.34	15.79	16.2	8325980	134271264
2015/11/18	16.46	16.57	15.86	15.88	8076544	130524408
2015/11/17	16.68	16.95	16.4	16.48	15031829	250280784
2015/11/16	15.44	16.77	15.3	16.71	14749692	240661632
2015/11/13	15.51	16.49	15.42	15.88	20464154	329162016
2015/11/12	15.81	15.97	15.46	15.67	13663785	215041632
2015/11/11	15.49	15.8	15.29	15.78	13129242	204071856
2015/11/10	15.22	15.7	15.11	15.56	14738946	227944400
2015/11/9	15.12	15.44	14.84	15.25	14892231	226063472
2015/11/6	15.06	15.46	15	15.24	14526139	220468560
2015/11/5	14.89	15.28	14.77	15.05	15860814	238150464
2015/11/4	14.17	14.85	14.17	14.83	10896331	158656768
2015/11/3	14.16	14.43	13.9	14.08	8140763	114687784
2015/11/2	14.32	14.68	13.88	14.12	9117529	131194672
2015/10/30	15	15.07	14.49	14.71	9753637	143844880
2015/10/29	14.68	15.25	14.46	15	14848539	222340896
2015/10/28	14.5	15.27	14.37	14.66	16641239	247911504
2015/10/27	14.75	14.8	13.99	14.73	20259754	292541088
2015/10/26	14.87	15.43	14.65	15	24212445	364676128
2015/10/23	13.85	14.46	13.71	14.43	11498837	161953824
2015/10/22	13.38	13.8	13.36	13.75	9622622	130907624
2015/10/21	14.55	14.79	13.18	13.36	11623627	164104048
2015/10/20	14.41	14.63	14.36	14.6	8350408	121150024
2015/10/19	14.8	14.8	14.27	14.45	10617305	154531344
2015/10/16	14.74	15.03	14.47	14.68	16895373	248862480
2015/10/15	14.1	14.9	13.84	14.73	18060694	258097696
2015/10/14	14.22	14.52	13.96	14.47	11491287	164067072
2015/10/13	14.1	14.59	13.89	14.48	11163369	158445952
2015/10/12	13.99	14.48	13.7	14.21	12762711	180674048
2015/10/9	13.48	13.81	13.19	13.8	11117158	150180000
2015/10/8	13.21	13.59	13.14	13.49	7693046	102868576
2015/9/30	13.04	13.18	12.8	12.82	4180741	54143656
2015/9/29	12.84	13.2	12.71	13.05	7039200	91018384
2015/9/28	12.95	13.16	12.6	13.07	7877902	101948792
2015/9/25	13.22	13.26	12.55	12.8	11485099	148143968
2015/9/24	12.1	13.27	12.1	13.27	20525806	266386720
2015/9/23	12.28	12.4	11.9	12.06	5025004	60822508
2015/9/22	12.45	12.77	12.2	12.47	7858080	97914184
2015/9/21	11.7	12.55	11.62	12.41	5894284	71199376
2015/9/18	12.19	12.36	11.74	11.97	3918185	46855576
2015/9/17	12.3	12.72	12	12.02	8569344	107189368
2015/9/16	11.5	12.63	11.39	12.3	7307176	87553128
2015/9/15	11.75	11.95	11.13	11.5	4801578	55330200
2015/9/14	12.86	13.1	11.69	11.77	6536524	80116984
2015/9/11	12.71	13.08	12.58	12.83	3660330	46873252
2015/9/10	13	13.14	12.7	12.75	4770577	61851572
2015/9/9	12.85	13.28	12.71	13.12	8185711	106926512
2015/9/8	12.07	12.74	11.88	12.7	5561739	68375600
2015/9/7	11.92	12.32	11.82	12	5886617	71280160
2015/9/2	11.5	12.69	11.31	11.58	6383941	76625840
2015/9/1	13.35	13.38	12.21	12.47	8571370	108544792
2015/8/31	13.88	13.88	13	13.2	10252276	136940288
2015/8/28	13.19	14.08	13.19	14	14276560	193697872
2015/8/27	12.84	13.19	12.53	13.05	11485757	148546160
2015/8/26	12.9	13.15	12	12.5	15013255	191289856
2015/8/25	12.46	13.84	12.46	12.5	16036382	205079408
2015/8/24	14.75	14.75	13.84	13.84	15775842	219813152
2015/8/21	16.6	16.6	15.3	15.38	11868454	188211488
2015/8/20	16.5	17.18	16.28	16.78	13552460	229506560
2015/8/19	15.52	16.91	15.48	16.72	14070933	227352096
2015/8/18	17.98	18.07	15.88	15.88	19988401	337878464
2015/8/17	16.91	17.75	16.9	17.64	18312590	320604480
2015/8/14	16.96	17.14	16.81	16.91	14898911	252694560
2015/8/13	16.34	16.79	16.28	16.79	12425332	205928656
2015/8/12	16.8	16.97	16.45	16.47	14117656	235634176
2015/8/11	16.99	17.68	16.8	16.9	18054431	310020864
2015/8/10	16.6	17.16	16.11	17.01	17087343	287049504
2015/8/7	15.79	16.17	15.72	16.11	11979353	191825840
2015/8/6	15.43	16.1	15.4	15.58	8435645	132458632
2015/8/5	16.41	16.58	15.99	16.03	16774290	271714176
2015/8/4	15.3	16.69	15.3	16.6	14227680	226621440
2015/8/3	15.62	16.1	14.91	15.24	12134503	188224608
2015/7/31	15.98	16.25	15.3	15.63	14050007	221768384
2015/7/30	17.01	17.66	16.17	16.2	19807776	336823904
2015/7/29	16.7	17.1	15.91	16.97	17023627	281708480
2015/7/28	16.01	17.38	15.46	16.2	23435383	381525248
2015/7/27	18.28	19.73	17.15	17.15	22450910	420714144
2015/7/24	19.69	19.85	18.7	19.06	20750419	402446944
2015/7/23	19.5	19.86	19.1	19.68	22966174	447237248
2015/7/22	19.28	19.99	19	19.5	24665529	480725664
2015/7/21	18.98	19.92	18.46	19.3	42795056	814099136
2015/7/20	18.98	22.5	18.98	20.16	64695224	1283829120
2015/7/17	21.09	21.09	21.09	21.09	2320500	48939344
2015/6/16	24.83	24.83	23.21	23.43	15393048	369550976
2015/6/15	26.51	26.56	25.08	25.3	22427345	578178624
2015/6/12	25.85	26.86	25.31	26.61	27419940	715735936
2015/6/11	24.31	26.01	24.15	25.63	23858462	606592960
2015/6/10	23.46	24.8	22.8	24.33	26217213	633800000
2015/6/9	23.41	24.67	23.11	23.84	30711773	736844480
2015/6/8	22.75	24.6	22.71	23.3	31277830	741867648
2015/6/5	23.36	23.85	22.72	22.8	33956335	791178240
2015/6/4	23.06	23.4	21.61	22.5	33026790	739185856
2015/6/3	22.49	23.97	22.01	23.62	39355184	903302656
2015/6/2	19.74	21.79	19.68	21.79	24558589	529108896
2015/6/1	19.02	19.88	19	19.81	11908707	233381808
2015/5/29	18.73	19.39	17.39	19.13	13675681	257660224
2015/5/28	20.95	21.09	19.08	19.11	18100054	370302592
2015/5/27	21.6	21.6	20.49	21.03	20161051	424291008
2015/5/26	20.88	21.68	20.23	21.6	31172762	652465024
2015/5/25	20.31	20.86	19.68	20.69	20185507	407829984
2015/5/22	20.99	21.37	20	20.45	20081620	412933152
2015/5/21	20.93	21.5	20.41	21	23857031	497432512
2015/5/20	19.47	20.5	19.18	19.88	19917842	393517088
2015/5/19	18.9	19.7	18.9	19.45	17336462	336534016
2015/5/18	18.3	19	18	18.89	13246237	246421408
2015/5/15	18.99	18.99	18.1	18.34	9373161	172681552
2015/5/14	18.99	19.33	18.6	18.99	11825379	223508960
2015/5/13	18.16	19.6	18.04	18.93	19657233	372332704
2015/5/12	18.16	18.31	17.82	18.16	9956721	179954624
2015/5/11	17.75	18.18	17.5	18.16	12508588	224100208
2015/5/8	17.03	17.66	17.03	17.66	6383931	111280240
2015/5/7	17.15	17.38	16.85	17.05	6132698	104724040
2015/5/6	17.39	17.68	17	17.03	5971733	103733328
2015/5/5	18.22	18.23	17.25	17.28	10631401	187499392
2015/5/4	17.3	18.25	17.28	18.22	11917488	213480624
2015/4/30	17.51	17.51	17.2	17.31	9113367	158269424
2015/4/29	17.1	17.69	17.1	17.5	8442645	146927200
2015/4/28	18.32	18.5	17.12	17.3	12212716	217129744
2015/4/27	18.38	18.84	18.23	18.32	11830852	218004240
2015/4/24	18.27	18.68	17.91	18.39	9898861	180875072
2015/4/23	18.91	18.99	18.33	18.4	11679394	216484512
2015/4/22	18.43	19.1	18.23	18.8	12439300	233776608
2015/4/21	17.69	18.56	17.54	18.43	11399002	204481216
2015/4/20	19.15	19.15	17.51	17.8	15832920	290690912
2015/4/17	19.26	19.87	18.89	19.17	9492313	182169952
2015/4/16	19	19.82	18.23	19.24	10877085	207965152
2015/4/15	21	21.67	19.5	19.7	13498659	277450880
2015/4/14	19.28	21.51	19.01	21.09	20179833	413242688
2015/4/13	18.7	19.88	18.63	19.55	14122376	276309728
2015/4/10	18.26	18.98	17.93	18.78	9487542	176846032
2015/4/9	18.6	19.12	17.9	18.42	9005092	165950160
2015/4/8	19.54	19.54	18.6	18.9	11252641	213669312
2015/4/7	18.8	19.94	18.46	19.57	16506167	316193152
2015/4/3	19	19.25	18.41	18.81	16869075	316903744
2015/4/2	18.9	20.02	18.75	19.15	18080226	350036928
2015/4/1	18.45	19.29	18.2	19.08	14880048	280913888
2015/3/31	19	19	18.16	18.48	14842828	275242080
2015/3/30	18.25	19.55	17.98	18.71	27830050	520021888
2015/3/27	16.25	17.88	16.1	17.88	29120170	510055168
2015/3/26	15.09	16.61	14.71	16.25	25624459	412117120
2015/3/25	14.74	15.1	14.43	15.1	13554887	201658752
2015/3/24	15.16	15.22	14.41	14.79	15330397	227644960
2015/3/23	14.54	14.97	14.37	14.97	15372635	224944992
2015/3/20	14.4	14.48	14.31	14.42	8537843	122834336
2015/3/19	14.51	14.6	14.27	14.38	9434007	135865744
2015/3/18	14.22	14.55	14.16	14.49	10258014	147192512
2015/3/17	14.25	14.4	14.13	14.22	9654044	137670992
2015/3/16	13.99	14.28	13.92	14.18	9011829	127361240
2015/3/13	13.72	13.89	13.7	13.88	4766192	65760260
2015/3/12	13.68	13.98	13.66	13.67	5262505	72384752
2015/3/11	14	14	13.63	13.67	6780803	93001384
2015/3/10	13.91	14.12	13.82	14	5967457	83370808
2015/3/9	13.7	13.94	13.7	13.89	4394777	60900344
2015/3/6	14.27	14.39	13.8	13.83	6325242	88421896
2015/3/5	14.6	14.6	14.2	14.27	7127464	102175808
2015/3/4	14.27	14.27	14.05	14.2	7674079	108381448
2015/3/3	14.21	14.75	14.03	14.27	14077384	203801952
2015/3/2	13.69	14.33	13.69	14.21	16054713	225450288
2015/2/27	13.5	13.54	13.32	13.46	6199776	83070768
2015/2/26	13.48	13.66	13.39	13.49	4745217	63908908
2015/2/25	13.27	13.7	13.26	13.45	8253118	111500024
2015/2/17	13.28	13.28	13.1	13.21	4819264	63468432
2015/2/16	13.1	13.18	13.03	13.09	4852883	63629592
2015/2/13	12.79	13.3	12.75	13.09	6160899	80715744
2015/2/12	12.67	12.84	12.55	12.8	6796241	86386936
2015/2/11	13.5	13.9	12.72	13	14555340	193289904
2014/12/23	12.59	12.84	12.59	12.64	2715349	34395380
2014/12/22	12.8	13.25	12.61	12.85	5094509	65857516
2014/12/19	13	13.02	12.6	12.8	4744873	60567992
2014/12/18	13.08	13.44	12.75	12.99	5677572	74716712
2014/12/17	13.26	13.5	13.01	13.13	5085108	67278200
2014/12/16	13.45	13.45	13.08	13.19	3326863	44070320
2014/12/15	13.28	13.47	13.23	13.36	3887351	51866360
2014/12/12	13.2	13.43	13.11	13.27	4593104	60860828
2014/12/11	13.21	13.68	13.08	13.27	7884227	105591976
2014/12/10	12.3	13.29	12.3	13.21	7759427	100627024
2014/12/9	13.2	13.21	12.37	12.38	8265052	105287320
2014/12/8	13.38	13.4	12.9	12.96	8389827	109255152
2014/12/5	13.68	13.68	12.8	13.3	8634592	114456608
2014/12/4	13.67	13.96	13.56	13.68	8767895	120724904
2014/12/3	13.75	13.88	13.3	13.68	6930636	93985248
2014/12/2	13.4	13.94	13.4	13.68	8050140	110671408
2014/12/1	13.54	13.62	13.29	13.41	4381475	58888004
2014/11/28	13.63	13.69	13.33	13.58	5099307	68882264
2014/11/27	13.64	13.83	13.59	13.69	4659446	63817504
2014/11/26	13.88	13.88	13.4	13.6	7402776	100522080
2014/11/25	13.93	14.05	13.65	13.82	7800768	107648952
2014/11/24	13.9	14.3	13.78	13.94	9449270	132456296
2014/11/21	13.42	13.91	13.41	13.82	8013496	110310096
2014/11/20	13.36	13.46	13.25	13.42	3671547	49138804
2014/11/19	13.05	13.45	13.05	13.39	5780995	77024944
2014/11/18	13.13	13.23	13	13.05	2055451	26909448
2014/11/17	13.05	13.26	12.95	13.16	2858231	37445436
2014/11/14	13.16	13.2	12.96	13.04	2405929	31383814
2014/11/13	13.04	13.33	12.93	13.1	4951107	65260484
2014/11/12	12.8	13.06	12.7	13.04	3311555	42832940
2014/11/11	12.85	13	12.5	12.88	5228977	66633872
2014/11/10	12.94	13.07	12.75	12.77	5462957	70371512
2014/11/7	13.45	13.49	12.91	12.99	6065962	80001216
2014/11/6	13.27	13.37	13.14	13.37	3676931	48843244
2014/11/5	13.3	13.32	13.16	13.21	2213021	29300618
2014/11/4	13.38	13.38	13.05	13.35	3821844	50450244
2014/11/3	13.26	13.48	13.16	13.38	4604403	61390452
2014/10/31	13.17	13.25	13.03	13.22	4605025	60492724
2014/10/30	13.45	13.45	13	13.13	5591277	74061888
2014/10/29	13.5	13.55	13.26	13.47	5097261	68330608
2014/10/28	13.25	13.48	13.2	13.44	3901345	52064436
2014/10/27	12.72	13.21	12.72	13.2	3888427	50716724
2014/10/24	12.66	12.91	12.64	12.83	2511773	32067304
2014/10/23	13.06	13.06	12.58	12.66	4327012	55266252
2014/10/22	13.03	13.18	12.88	13.05	3773754	49205024
2014/10/21	13.35	13.36	13.03	13.06	2955034	38905648
2014/10/20	13.15	13.35	13.02	13.32	3290472	43442496
2014/10/17	13.35	13.45	12.85	13.05	5863746	76669048
2014/10/16	13.51	13.57	13.35	13.35	5285803	71037568
2014/10/15	13.68	13.76	13.56	13.62	4582258	62486832
2014/10/14	13.56	13.93	13.52	13.77	8116896	110904048
2014/10/13	14	14	13.6	13.64	6767370	92702496
2014/10/10	13.84	14.27	13.6	13.99	13978958	195239216
2014/10/9	12.81	14.1	12.77	13.77	16315524	222069968
2014/10/8	12.86	12.96	12.62	12.82	7847404	100362048
2014/9/30	12.49	13.04	12.49	12.89	13433779	171141408
2014/9/29	12.26	12.35	12.16	12.27	4915221	60220660
2014/9/26	12.25	12.38	12.17	12.24	4045782	49504064
2014/9/25	12.34	12.5	12.18	12.24	5473767	67489984
2014/9/24	11.96	12.4	11.96	12.34	7188862	88016040
2014/9/23	11.73	11.92	11.73	11.82	3895308	46080840
2014/9/22	12.12	12.15	11.71	11.76	6589651	78142248
2014/9/19	12.09	12.27	12.01	12.11	3168584	38521660
2014/9/18	12.15	12.18	11.88	12.09	3111285	37526728
2014/9/17	12.09	12.24	11.8	12.18	4820530	57924192
2014/9/16	12.67	12.69	11.92	11.95	7034068	86307984
2014/9/15	12.44	12.8	12.31	12.66	6841625	86050616
2014/9/12	12.37	12.53	12.18	12.42	4744989	58453136
2014/9/11	12.32	12.91	12.26	12.43	10412423	130954744
2014/9/10	12.28	12.36	12.15	12.32	5698000	69975856
2014/9/9	12.31	12.34	12.1	12.25	6019287	73410432
2014/9/5	12.28	12.36	12.04	12.31	6726758	81971208
2014/9/4	12.43	12.5	12.21	12.28	7862388	96953768
2014/9/3	12.34	12.6	12.13	12.43	11849759	146044800
2014/9/2	11.85	12.45	11.81	12.32	18384203	225446960
2014/9/1	11.4	12.12	11.38	11.8	14682152	172079600
2014/8/29	11	11.38	10.75	11.25	4035575	44891744
2014/8/28	11.04	11.08	10.62	10.81	2834937	30904800
2014/8/27	11.03	11.13	10.98	11.04	3057504	33799600
2014/8/26	11.2	11.27	11.05	11.05	3023075	33691652
2014/8/25	11.37	11.38	11.15	11.2	3566666	40072976
2014/8/22	11.3	11.44	11.18	11.37	4653097	52456600
2014/8/21	11.5	11.5	11.14	11.28	5556379	62752100
2014/8/20	11.48	11.65	11.36	11.45	6057349	69797768
2014/8/19	11.25	11.51	11.24	11.48	8705608	99237560
2014/8/18	11.06	11.26	11.06	11.24	4963697	55394320
2014/8/15	11.13	11.17	11.01	11.08	4566514	50558692
2014/8/14	11.35	11.38	11.13	11.13	5416015	60856512
2014/8/13	11.16	11.36	11.16	11.35	6114313	68995392
2014/8/12	11.15	11.16	11.08	11.15	2350118	26142010
2014/8/11	11.14	11.19	11.04	11.16	3488877	38782288
2014/8/8	11.02	11.21	11.02	11.14	3940988	43869704
2014/8/7	10.98	11.11	10.95	11.02	2714908	29940482
2014/8/6	11.1	11.1	10.93	10.97	2922248	32050048
2014/8/5	11.02	11.12	10.91	11.09	2907776	32010002
2014/8/4	10.92	11.04	10.91	10.96	3455703	37842108
2014/8/1	11.27	11.37	10.88	10.95	5538722	61708928
2014/7/31	11.18	11.3	11.12	11.27	3248273	36440536
2014/7/30	11.23	11.24	11.09	11.15	3426241	38182336
2014/7/29	11.16	11.34	11.12	11.22	3651522	40983840
2014/7/28	11.06	11.19	11.06	11.16	2589044	28876686
2014/7/25	10.99	11.17	10.93	11.06	1315209	14543418
2014/7/24	11	11.05	10.92	10.99	1968465	21593658
2014/7/23	11.18	11.24	10.93	11	3019151	33364132
2014/7/22	11.17	11.28	11.09	11.2	2032400	22784736
2014/7/21	11.17	11.26	11.11	11.14	1888902	21073078
2014/7/18	11.21	11.31	11.13	11.17	3221623	36091188
2014/7/17	11.35	11.48	11.18	11.29	2550291	28760614
2014/7/16	11.69	11.72	11.35	11.35	3499059	40111680
2014/7/15	11.58	11.86	11.58	11.72	3456405	40493300
2014/7/14	11.59	11.8	11.53	11.58	4589900	53522156
2014/7/11	11.3	11.67	11.21	11.63	5017198	57804012
2014/7/10	11.3	11.53	11.25	11.3	3762869	42871444
2014/7/9	11.16	11.51	11.04	11.39	6415984	72398224
2014/7/8	10.9	11.22	10.79	11.12	3865711	42630268
2014/7/7	11	11.07	10.88	10.91	1837811	20164340
2014/7/4	10.93	11.03	10.83	11.03	2628960	28770048
2014/7/3	10.92	11.13	10.88	10.92	3605560	39698868
2014/7/2	11	11.1	10.86	10.93	2255530	24715704
2014/7/1	10.9	11.1	10.85	11.04	3692972	40575056
2014/6/30	10.64	11.1	10.62	10.97	4230152	46189820
2014/6/27	10.8	10.81	10.56	10.65	3086259	32890502
2014/6/26	10.96	10.96	10.72	10.77	2940837	31807750
2014/6/25	10.47	10.85	10.4	10.81	3798780	40655412
2014/6/24	10.78	11.2	10.51	10.6	4525917	48930172
2014/6/23	10.33	10.6	10.32	10.54	1587505	16598141
2014/6/20	10.3	10.42	10.24	10.3	934524	9634524
2014/6/19	10.46	10.61	10.21	10.28	1760733	18478868
2014/6/18	10.59	10.62	10.46	10.46	1402254	14792732
2014/6/17	10.61	10.65	10.51	10.59	1461634	15474236
2014/6/16	10.5	10.62	10.5	10.57	1448284	15322660
2014/6/13	10.45	10.51	10.37	10.49	1096356	11460005
2014/6/12	10.52	10.56	10.41	10.43	1252790	13108251
2014/6/11	10.32	10.57	10.29	10.52	1789461	18766720
2014/6/10	10.22	10.35	10.22	10.33	1120557	11528872
2014/6/9	10.21	10.31	10.19	10.27	1127759	11541329
2014/6/6	10.25	10.35	10.22	10.24	1466915	15048210
2014/6/5	10.22	10.32	10.19	10.26	1513745	15510745
2014/6/4	10.57	10.57	10.19	10.23	1993225	20568006
2014/6/3	10.5	10.61	10.4	10.54	1568134	16472507
2014/5/30	10.47	10.58	10.38	10.51	1330448	13977195
2014/5/29	10.7	10.76	10.41	10.43	2004732	21186138
2014/5/28	10.58	10.7	10.49	10.65	2152097	22790316
2014/5/27	10.47	10.63	10.47	10.54	1490822	15734482
2014/5/26	10.5	10.52	10.42	10.48	1391692	14575839
2014/5/23	10.49	10.55	10.42	10.46	1123343	11768957
2014/5/22	10.52	10.68	10.46	10.46	1193971	12617527
2014/5/21	10.45	10.64	10.4	10.6	1086423	11470558
2014/5/20	10.44	10.6	10.44	10.52	1267052	13327218
2014/5/19	10.4	10.55	10.34	10.42	1290005	13452877
2014/5/16	10.46	10.57	10.35	10.4	1016580	10587077
2014/5/15	10.65	10.88	10.39	10.4	2146041	22725278
2014/5/14	10.58	10.83	10.55	10.7	1958739	20987466
2014/5/13	10.67	10.67	10.5	10.55	1597236	16878374
2014/5/12	10.5	10.69	10.46	10.67	3034997	32092488
2014/5/9	10.68	10.73	10.39	10.46	2488172	26110250
2014/5/8	10.93	11.1	10.61	10.7	4472149	48360456
2014/5/7	11.12	11.6	11	11.02	7423011	82978312
2014/5/6	11.36	12.08	10.99	11.36	13175781	152209424
2014/5/5	10.75	11.14	10.54	10.98	6258175	67526152
2014/4/30	10.32	11.35	10.32	10.98	10482450	115504520
2014/4/29	10.32	10.43	10.24	10.32	2340394	24156412
2014/4/28	10.2	10.53	10.2	10.32	2940661	30460298
2014/4/25	10.72	10.72	10.34	10.38	5553685	58271368
2014/4/24	11.17	11.18	10.74	10.76	7986593	87185448
2014/4/23	11.59	11.63	11.02	11.33	13588165	154562528
2014/4/22	11.45	12.22	11.2	12.1	24987475	302309600
2014/4/18	11.18	11.2	11.01	11.11	3932143	43535300
2014/4/17	11.44	11.48	11.19	11.24	2597592	29296634
2014/4/16	11.49	11.5	11.36	11.42	1532599	17522500
2014/4/15	11.56	11.6	11.45	11.5	1582947	18249518
2014/4/14	11.39	11.63	11.39	11.57	2777706	32021140
2014/4/11	11.38	11.43	11.12	11.39	2783837	31416476
2014/4/10	11.46	11.48	11.35	11.38	2395745	27320310
2014/4/9	11.26	11.46	11.25	11.41	2403440	27390576
2014/4/8	11.41	11.57	11.25	11.34	3431615	39003532
2014/4/4	11.13	11.77	10.92	11.57	6516017	72962904
2014/4/3	12.5	12.5	11.49	11.49	7536155	89123920
2014/3/26	12.33	12.37	12.04	12.09	3998115	48777248
2014/3/25	12	12.32	12	12.31	3202421	38877404
2014/3/24	12.2	12.29	11.95	12	3769839	45902216
2014/3/21	12.36	12.43	12.06	12.24	3938830	48173848
2014/3/20	12.43	12.63	12.31	12.38	5306654	66136928
2014/3/19	12.2	12.57	12.16	12.45	4665032	57639200
2014/3/18	12.31	12.39	12.14	12.29	3574204	43898408
2014/3/17	12.4	12.5	12.26	12.41	5024731	62093208
2014/3/14	12.2	12.39	12.05	12.38	6099900	74601256
2014/3/13	11.86	12.46	11.86	12.34	9483911	116858240
2014/3/12	11.93	12.09	11.76	11.87	3461432	41295360
2014/3/11	12.3	12.3	11.64	12.27	5889949	70602320
2014/3/10	12.03	12.45	11.92	12.13	7128986	86893328
2014/3/7	11.85	12.17	11.8	11.9	3471208	41551780
2014/3/6	11.77	11.86	11.62	11.85	2704521	31816388
2014/3/5	11.51	11.86	11.5	11.64	2903321	33931996
2014/3/4	11.48	11.65	11.4	11.51	1553146	17917208
2014/3/3	11.41	11.51	11.39	11.5	1566616	17947442
2014/2/28	11.27	11.44	11.05	11.39	1786033	20285838
2014/2/27	11.29	11.47	11.22	11.32	1975900	22435686
2014/2/26	11	11.22	10.85	11.21	2116452	23501472
2014/2/25	11.72	11.85	11.16	11.25	4705996	53769112
2014/2/24	11.7	11.87	11.43	11.75	2662725	31076490
2014/2/21	11.84	11.97	11.61	11.72	2882434	33979040
2014/2/20	11.68	12.1	11.59	11.83	4748672	56354904
2014/2/19	11.29	11.85	11.22	11.67	5409757	63128924
2014/2/18	11.34	11.4	11.27	11.29	2141826	24245238
2014/2/17	11.48	11.48	11.21	11.45	3380484	38377844
2014/2/14	11.36	11.55	11.34	11.45	2798679	31947518
2014/2/13	11.44	11.52	11.36	11.46	3356914	38405304
2014/2/12	11.39	11.58	11.35	11.46	2510161	28765998
2014/2/11	11.34	11.43	11.1	11.39	3621916	40831524
2014/2/10	11.23	11.4	11.09	11.24	2997474	33621692
2014/2/7	10.76	11.29	10.76	11.19	2755217	30718052
2014/1/30	10.7	10.96	10.63	10.75	1587219	17161630
2014/1/29	10.68	10.73	10.55	10.71	1479691	15746163
2014/1/28	10.65	10.69	10.48	10.67	1522565	16134316
2014/1/27	10.48	10.65	10.4	10.6	2121148	22337036
2014/1/24	10.33	10.63	10.26	10.55	2343722	24481384
2014/1/23	10.37	10.44	10.25	10.39	1600697	16574197
2014/1/22	10.19	10.41	10.1	10.4	1950349	20097776
2014/1/21	10.15	10.28	10.1	10.19	2222076	22593934
2014/1/20	10.25	10.44	10.14	10.15	1313159	13456474
2014/1/17	10.6	10.7	10.36	10.42	1064734	11190838
2014/1/16	10.75	10.78	10.56	10.63	1503570	15989199
2014/1/15	10.54	10.94	10.54	10.73	1870353	20091148
2014/1/14	10.47	10.6	10.31	10.54	1854722	19466676
2014/1/13	10.5	10.7	10.36	10.48	2567995	27064202
2014/1/10	10.24	10.42	10.18	10.27	1327177	13661864
2014/1/9	10.24	10.34	10.15	10.24	976616	10005804
2014/1/8	10.36	10.4	10.23	10.24	1395069	14374231
2014/1/7	10.33	10.46	10.29	10.35	1018834	10561754
2014/1/6	10.57	10.58	10.32	10.32	1487173	15492583
2014/1/3	10.55	10.65	10.52	10.58	1328046	14049256
2014/1/2	10.64	10.66	10.4	10.59	1704712	17948454
2013/12/31	10.47	10.81	10.2	10.66	2007451	21396712
2013/12/30	10.37	10.45	10.29	10.3	1324279	13724422
2013/12/27	10.27	10.48	10.2	10.35	1350805	14038160
2013/12/26	10.45	10.68	10.25	10.26	1320478	13810390
2013/12/25	10.58	10.72	10.51	10.6	1408654	14962579
2013/12/24	10.37	10.66	10.37	10.62	1086124	11410923
2013/12/23	10.6	10.67	10.15	10.45	1374097	14287336
2013/12/20	11.03	11.17	10.66	10.68	2114400	22824094
2013/12/19	11.22	11.4	11	11	2149991	24144220
2013/12/18	11.13	11.35	11	11.17	2796501	31232894
2013/12/17	11.02	11.21	11.02	11.07	1942638	21605972
2013/12/16	11.11	11.17	10.93	11.07	1999248	22118006
2013/12/13	11.15	11.15	10.93	11.06	1529128	16866550
2013/12/12	11.1	11.19	10.95	11.07	2107648	23308378
2013/12/11	11.15	11.33	11.07	11.1	2296555	25596508
2013/12/10	10.86	11.38	10.74	11.38	3513698	38874420
2013/12/9	10.94	11.05	10.75	10.84	1878446	20385528
2013/12/6	11.25	11.4	10.92	10.97	2021568	22292492
2013/12/5	11.39	11.65	11.11	11.25	3557410	40259408
2013/12/4	11.18	11.39	11.17	11.39	5337245	60678992
2013/12/3	10.55	10.95	10.25	10.85	3121590	32840766
2013/12/2	10.8	11.19	10.79	10.79	3301320	35847880
2013/11/29	11.3	11.39	11.2	11.36	2383335	26861066
2013/11/28	11.43	11.54	11.23	11.29	2735482	31037860
2013/11/27	11.38	11.47	10.95	11.47	3060275	34223980
2013/11/26	11.64	11.69	11.37	11.38	2709303	31128688
2013/11/25	11.68	11.77	11.61	11.65	1504363	17558786
2013/11/22	11.74	11.83	11.68	11.69	1705091	20067714
2013/11/21	11.92	11.95	11.71	11.79	1624794	19211934
2013/11/20	11.57	11.97	11.54	11.92	2637900	31230464
2013/11/19	11.9	11.9	11.6	11.64	2830033	33180536
2013/11/18	11.6	11.99	11.54	11.9	2799825	33208446
2013/11/15	11.6	11.78	11.5	11.69	2260615	26417118
2013/11/14	11.48	11.84	11.48	11.62	1875178	21914366
2013/11/13	11.63	11.9	11.44	11.44	1927805	22481782
2013/11/12	11.89	12.09	11.67	11.72	2274812	26818006
2013/11/11	11.4	11.98	11.03	11.92	4148670	48033008
2013/11/8	12.08	12.11	11.54	11.54	4462084	52137472
2013/11/7	12.34	12.49	12	12.15	5091776	62052560
2013/11/6	11.69	12.27	11.51	12.27	9330541	113904136
2013/11/5	11.54	11.83	10.98	11.69	4676643	53247412
2013/11/4	11.81	11.94	11.46	11.53	4531079	52872428
2013/11/1	11.41	11.98	11.3	11.89	9791073	116016360
2013/10/31	11.01	11.41	10.91	11.41	4337391	48717988
2013/10/30	10.29	10.87	10.29	10.87	3059200	32851232
2013/10/29	10.5	10.78	10.08	10.35	3233865	33494368
2013/10/28	11.16	11.36	10.6	10.61	4619691	49725052
2013/10/25	11.6	12.05	11.16	11.16	4873110	56554796
2013/10/24	12.1	12.4	11.75	11.75	6321931	76010248
2013/10/23	11.56	12.17	11.39	11.99	7786953	92959208
2013/10/22	11.23	11.72	11.09	11.6	6977827	80264912
2013/10/21	11.13	11.33	10.95	11.16	6898596	76792096
2013/10/18	11.08	11.22	10.85	11.03	5696209	62900064
2013/10/17	10.48	11.09	10.46	11.09	7826541	86218568
2013/10/16	10.63	10.63	10.3	10.56	3542013	37035292
2013/10/15	10.39	10.63	10.35	10.57	4983610	52586544
2013/10/14	10.41	10.47	10.32	10.38	3280113	34043300
2013/10/11	10.4	10.49	10.28	10.4	3711585	38557324
2013/10/10	10.51	10.55	10.33	10.38	3824633	39819228
2013/10/9	10.44	10.48	10.35	10.46	3301156	34385708
2013/10/8	10.31	10.6	10.12	10.44	4530091	47293164
2013/9/30	10.3	10.65	10.11	10.28	5529118	57106436
2013/9/27	9.88	10.46	9.86	10.29	10017150	103070920
2013/9/26	10.28	10.34	9.96	9.96	6697455	67678192
2013/9/25	10.56	10.95	10.48	10.48	9996946	105692072
2013/9/24	11.03	11.03	11.03	11.03	1126500	12425295
2013/9/23	11.61	11.61	11.61	11.61	307900	3574719
2013/9/18	13.4	13.4	12.22	12.22	6413982	80778288
2013/9/17	12.86	12.86	12.68	12.86	7342713	94364680
2011/11/8	11.99	12.45	11.9	12.25	14323990	176553664
2011/11/7	11.43	11.87	11.43	11.87	10957581	128207760
2011/11/4	10.98	11.45	10.98	11.3	4548008	51197568
2011/11/3	11.1	11.13	10.86	10.98	3344158	36791692
2011/11/2	10.59	11	10.53	11	4158897	45278180
2011/11/1	10.31	10.7	10.3	10.66	2586557	27190652
2011/10/31	10.35	10.43	10.1	10.43	2108482	21658664
2011/10/28	10.72	10.78	10.16	10.39	3502705	36341096
2011/10/27	10.7	10.86	10.4	10.69	1067035	11327055
2011/10/26	10.51	11.07	10.5	10.76	1498215	16203411
2011/10/25	10.49	10.66	10.46	10.59	871234	9208557
2011/10/24	10.58	10.65	10.23	10.46	1001086	10405164
2011/10/21	10.41	10.68	10.2	10.42	939218	9799687
2011/10/20	10.4	10.78	10.4	10.5	1738928	18353228
2011/10/19	10.85	11.19	10.83	10.86	2897320	32023872
2011/10/18	10.99	10.99	10.66	10.66	1368700	14797081
2011/10/17	10.65	11.31	10.65	11.03	3584481	39747224
2011/10/14	11.59	11.59	10.59	10.77	5942666	65385372
2011/10/13	11.15	11.15	11.15	11.15	406843	4536299.5
2011/10/12	10.62	10.62	10.43	10.62	2078993	22078064
2011/9/30	9.9	10.15	9.9	10.11	1778816	17863800
2011/9/29	9.89	10.17	9.78	9.78	1522700	15216950
2011/9/28	10	10.28	9.85	9.89	1264790	12761583
2011/9/27	9.83	10.03	9.35	10	1998914	19365310
2011/9/26	9.95	10.11	9.61	9.72	1952001	19126214
2011/9/23	10.62	10.62	10.1	10.1	1912526	19537908
2011/9/22	10.62	10.83	10.38	10.63	1520530	16172953
2011/9/21	10.4	10.81	10.4	10.63	1642816	17502616
2011/9/20	10.5	10.79	10.18	10.42	2034290	21195992
2011/9/19	11.07	11.13	10.6	10.6	4152281	44375116
2011/9/16	11.36	11.45	11.12	11.16	2234229	25252202
2011/9/15	11.66	11.66	11.25	11.31	2704188	30685750
2011/9/14	11.54	11.89	11.54	11.77	7141382	83189088
2011/9/13	11.5	12.29	11.21	12.15	2691264	31146376
2011/9/9	11.83	12.06	11.6	11.8	6438556	76869376
2011/9/8	10.95	11.49	10.95	11.49	1604303	18346256
2011/9/7	10.86	10.99	10.8	10.94	931031	10146192
2011/9/6	10.8	11.13	10.78	10.85	1249576	13641509
2011/9/5	10.5	11.19	10.5	10.96	2506905	27388388
2011/9/2	10.99	10.99	10.47	10.68	3845029	40845424
2011/9/1	11.51	11.58	11.02	11.02	4057061	45339308
2011/8/31	11.58	11.76	11.48	11.6	2502353	29173428
2011/8/30	11.16	11.68	10.96	11.59	2945450	33317070
2011/8/29	11.05	11.5	10.93	11.17	4365406	49095884
2011/8/26	10.44	11.01	10.44	11.01	4732386	51490620
2011/8/25	10.52	10.54	10.4	10.49	1738635	18232098
2011/8/24	10.58	10.65	10.42	10.52	1806992	18981706
2011/8/23	10.53	10.54	10.36	10.48	1571330	16403047
2011/8/22	10	10.47	10	10.4	2690033	27844242
2011/8/19	10.17	10.29	9.95	9.97	1577278	15888420
2011/8/18	10.35	10.6	10.2	10.35	1941810	20248394
2011/8/17	10.37	10.51	10.22	10.29	1218292	12591702
2011/8/16	10.32	10.74	10.32	10.35	2295368	24138936
2011/8/15	10.14	10.49	10.08	10.39	2452225	25348826
2011/8/12	9.98	10.23	9.95	10.06	1420759	14368234
2011/8/11	10.08	10.2	9.9	10	2401664	24105814
2011/8/9	9.88	9.99	9.65	9.93	2401072	23496214
2011/8/8	9.69	10.38	9.6	10.16	4592367	46187624
2011/8/5	9.51	10.11	9.37	9.89	2601240	25647502
2011/8/4	9.66	9.67	9.54	9.63	580800	5577385.5
2011/8/3	9.54	9.59	9.44	9.59	571567	5443186.5
2011/8/2	9.46	9.54	9.41	9.5	557101	5271191
2011/8/1	9.4	9.81	9.33	9.51	1232133	11829760
2011/7/29	9.59	9.75	9.45	9.45	693979	6602488.5
2011/7/28	9.72	9.87	9.45	9.6	1425666	13768819
2011/7/27	9.56	9.82	9.55	9.82	2540221	24931542
2011/7/26	9.22	9.42	9.22	9.35	404951	3785119.5
2011/7/25	9.54	9.57	9.17	9.22	808249	7576735
2011/7/22	9.53	9.63	9.47	9.58	572408	5457833
2011/7/21	9.7	9.7	9.4	9.47	1004946	9589754
2011/7/20	9.78	9.84	9.63	9.7	786598	7633062
2011/7/19	9.67	9.79	9.55	9.78	984322	9513596
2011/7/18	9.6	9.85	9.55	9.67	1051636	10176938
2011/7/15	9.7	9.71	9.35	9.62	1680162	16018538
2011/7/14	9.87	9.87	9.71	9.73	897208	8779947
2011/7/13	9.61	9.83	9.53	9.8	808413	7886525.5
2011/7/12	9.8	9.8	9.58	9.61	1627610	15734957
2011/7/11	10.01	10.01	9.55	9.8	1941103	18867266
2011/7/8	10.33	10.6	9.95	10.01	1896727	19322562
2011/7/7	10.39	10.6	10.26	10.31	1785739	18491944
2011/7/6	10.39	10.6	10.33	10.44	3013360	31522484
2011/7/5	9.88	10.32	9.88	10.32	3393397	34702208
2011/7/4	9.73	9.86	9.73	9.83	1202662	11786391
2011/7/1	9.69	9.85	9.66	9.74	1265113	12354252
2011/6/30	9.81	9.81	9.65	9.69	1808799	17577734
2011/6/29	9.62	9.85	9.62	9.8	1033993	10055778
2011/6/28	9.7	9.98	9.62	9.68	892155	8747025
2011/6/27	9.6	9.74	9.56	9.68	1175651	11354322
2011/6/24	9.53	9.78	9.47	9.69	1360092	13089168
2011/6/23	9.37	9.6	9.31	9.5	767010	7257839.5
2011/6/22	9.42	9.45	9.25	9.37	409610	3827216.75
2011/6/21	9.56	9.56	9.36	9.42	375609	3531750.5
2011/6/20	9.4	9.55	9.25	9.4	521076	4905092
2011/6/17	9.5	9.72	9.47	9.51	563727	5406865.5
2011/6/16	9.5	9.51	9.4	9.47	589621	5585180
2011/6/15	9.7	9.7	9.45	9.48	798330	7609366.5
2011/6/14	9.8	9.84	9.51	9.7	541769	5259765.5
2011/6/13	9.32	9.65	9.31	9.65	770409	7282065
2011/6/10	9.59	9.71	9.45	9.53	761156	7260425
2011/6/9	9.73	9.9	9.61	9.62	1105019	10763116
2011/6/8	9.35	9.78	9.35	9.68	905843	8765241
2011/6/7	9.63	9.65	9.5	9.63	637044	6103073.5
2011/6/3	9.43	9.88	9.37	9.51	917144	8809516
2011/6/2	9.7	9.7	9.26	9.45	1496712	13991144
2011/6/1	9.3	9.75	9.2	9.75	1091756	10393235
2011/5/31	9	9.36	8.92	9.29	720448	6573340.5
2011/5/30	9.53	9.53	9.07	9.07	1917527	17632596
2011/5/27	10.07	10.2	9.55	9.55	2216083	21451212
2011/5/26	10.35	10.52	9.98	10.05	1283984	13013007
2011/5/25	10.15	10.55	10.04	10.32	1691443	17579450
2011/5/24	10	10.4	9.98	10.15	1558048	15913209
2011/5/23	10.39	10.48	10.1	10.17	3576831	36796112
2011/5/20	9.5	9.98	9.5	9.98	1187350	11751304
2011/5/18	9.43	9.66	9.39	9.5	1305820	12452852
2011/5/17	9.49	9.63	9.24	9.47	3655945	34267068
2011/5/16	10.26	10.27	9.73	9.73	2274802	22426642
2011/5/13	10.15	10.38	10.05	10.24	1275233	12983157
2011/5/12	10.5	10.8	10.23	10.24	1930899	20048354
2011/5/11	10.44	10.74	10.38	10.67	1551145	16473375
2011/5/10	10.35	10.46	10.06	10.44	1215201	12539922
2011/5/9	10.03	10.54	10.03	10.33	1473830	15281522
2011/5/6	10.15	10.23	9.81	10.05	1211836	12239723
2011/5/5	9.65	10.15	9.44	10.07	1093871	10873477
2011/5/4	10.05	10.2	9.75	9.83	1439699	14280477
2011/5/3	9.89	10.2	9.89	10.1	2231246	22449502
2011/4/29	9.38	9.85	9.38	9.85	1629485	15788761
2011/4/28	9.57	9.78	9.2	9.38	1959891	18694288
2011/4/27	9.86	10.19	9.42	9.55	2789992	26988380
2011/4/26	10.3	10.35	9.84	9.92	2513890	25098062
2011/4/25	10.91	10.91	10.36	10.36	2592260	27165626
2011/4/22	11.1	11.1	10.71	10.9	1404498	15259797
2011/4/21	10.55	11.11	10.55	11	3067454	33382010
2011/4/20	10.4	10.75	10.37	10.6	2911650	30618268
2011/4/19	10.87	10.87	10.37	10.4	5185887	54262616
2011/4/18	11.42	11.55	10.87	10.92	4286538	48039728
2011/4/15	11.33	11.85	11.05	11.44	5538260	62788600
2011/4/14	11	11.45	11	11.45	4643633	52961956
2011/4/13	10.61	10.9	10.3	10.9	3523221	37435272
2011/4/12	10.67	11.17	10.58	10.8	6070625	66821980
2011/4/11	10.13	10.64	10.1	10.64	3475234	36562420
2011/4/8	10.05	10.2	10	10.13	2102894	21242550
2011/4/7	9.8	10.17	9.79	10.13	2835587	28420462
2011/4/6	9.52	9.99	9.41	9.79	4028032	39850916
2011/4/1	9.1	9.52	9.1	9.52	1942384	18308334
2011/3/31	9.3	9.3	9.04	9.07	1061148	9663094
2011/3/30	9.03	9.25	9.03	9.24	1444531	13170026
2011/3/29	9.49	9.49	9.02	9.03	2488254	22712412
2011/3/28	9.53	9.74	9.31	9.35	2367808	22414544
2011/3/25	9.36	9.69	9.28	9.57	2158456	20613946
2011/3/24	9.35	9.6	9.21	9.37	3258641	30851120
2011/3/23	8.8	9.24	8.71	9.24	2743101	24995294
2011/3/22	8.88	8.98	8.73	8.8	1054543	9309989
2011/3/21	9	9.06	8.72	8.92	1492954	13303934
2011/3/18	8.94	9.15	8.65	8.89	2217914	19671132
2011/3/17	9.13	9.26	8.8	8.87	5026395	45553100
2011/3/16	8.46	8.83	8.46	8.83	1379394	12070232
2011/3/15	8.36	8.69	8.36	8.41	3539257	29857472
2011/3/14	8.71	9.01	8.61	8.8	5969945	52567972
2011/3/11	8.39	8.58	8.38	8.58	2580444	22005982
2011/3/10	7.78	8.17	7.74	8.17	2665921	21659314
2011/3/9	7.79	7.79	7.7	7.78	1177159	9108554
2011/3/8	7.79	7.8	7.68	7.77	1596351	12335135
2011/3/7	7.9	7.93	7.68	7.79	3184405	24801916
2011/3/4	7.73	7.9	7.69	7.88	1418621	11085972
2011/3/3	7.76	7.84	7.69	7.72	962367	7458457
2011/3/2	7.83	7.83	7.58	7.75	1363012	10486465
2011/3/1	7.93	7.94	7.76	7.84	2007821	15706947
2011/2/28	7.84	8.06	7.84	7.91	1368393	10870054
2011/2/25	7.71	7.85	7.67	7.83	928098	7201259.5
2011/2/24	7.78	7.82	7.62	7.69	1388727	10709516
2011/2/23	7.78	7.88	7.69	7.81	1069845	8357926.5
2011/2/22	7.9	7.94	7.65	7.8	1241324	9633568
2011/2/21	7.65	7.96	7.65	7.89	2114283	16622245
2011/2/18	7.76	7.83	7.63	7.69	1469569	11396925
2011/2/17	7.85	7.85	7.55	7.74	2444614	18735284
2011/2/16	7.9	8.04	7.71	7.82	2120516	16637128
2011/2/15	7.98	8.16	7.91	7.93	1351833	10820035
2011/2/14	8.16	8.16	7.92	7.97	1968729	15727381
2011/2/11	7.86	8.16	7.75	8.15	1534377	12353068
2011/2/10	7.71	7.88	7.71	7.86	1067706	8359821
2011/2/9	7.71	7.95	7.71	7.8	1344574	10548444
2011/2/1	7.69	7.85	7.56	7.78	872501	6741832.5
2011/1/31	7.55	7.86	7.5	7.69	2662888	20768152
2011/1/28	7.13	7.49	7.13	7.49	1056189	7823340.5
2011/1/27	7	7.2	6.97	7.13	792440	5647985.5
2011/1/26	6.89	7.09	6.89	7.05	960030	6752973
2011/1/25	7.3	7.3	7.02	7.02	1835881	12987113
2011/1/21	7.18	7.4	7.18	7.39	1239131	9063613
2011/1/20	7.39	7.5	7.21	7.29	1535090	11250556
2011/1/19	7.35	7.55	7.06	7.43	1448089	10697540
2011/1/18	7.66	7.72	7.32	7.39	3174796	23955596
2011/1/17	7.65	7.8	7.3	7.35	2852629	21341554
2011/1/14	7.55	7.8	7.42	7.68	2466262	18875724
2011/1/13	7.59	7.82	7.4	7.6	2641935	20129808
2011/1/12	7.59	7.8	7.5	7.56	2868044	22027276
2011/1/11	7.22	7.58	7	7.58	4909096	36504592
2011/1/10	7.34	7.52	7.06	7.22	4121220	30313602
2011/1/7	7.16	7.53	7.03	7.32	5911150	43569564
2011/1/6	6.8	7.17	6.76	7.17	5605258	39914700
2011/1/5	6.69	7.01	6.62	6.83	1964769	13459430
2011/1/4	6.68	6.73	6.6	6.72	1148240	7654114
2010/12/31	6.76	6.89	6.58	6.68	2983081	20081302
2010/12/30	6.45	6.68	6.45	6.68	2250118	15007236
2010/12/29	6.13	6.39	6.11	6.36	1127074	7056492
2010/12/28	6.18	6.4	6.13	6.13	1575711	9748580
2010/12/27	6.46	6.66	6.38	6.45	1142564	7492080.5
2010/12/24	6.62	6.68	6.45	6.46	1084809	7063285
2010/12/23	6.8	6.84	6.67	6.69	1140175	7683204
2010/12/22	6.68	6.9	6.68	6.77	2343888	16009662
2010/12/21	6.67	6.73	6.58	6.69	1291997	8611141
2010/12/20	6.44	6.68	6.41	6.59	2058701	13486209
2010/12/17	6.37	6.45	6.35	6.43	515468	3302095.75
2010/12/16	6.42	6.47	6.39	6.4	703135	4523624
2010/12/15	6.43	6.47	6.4	6.42	635460	4089619.5
2010/12/14	6.39	6.52	6.35	6.45	1203988	7734103.5
2010/12/13	6.36	6.43	6.33	6.41	1269864	8082951.5
2010/12/10	6.26	6.36	6.2	6.36	872935	5503107.5
2010/12/9	6.38	6.48	6.25	6.25	963017	6120440.5
2010/12/8	6.42	6.5	6.4	6.43	646886	4172120
2010/12/7	6.45	6.52	6.28	6.48	729392	4669737.5
2010/12/6	6.7	6.7	6.47	6.52	779747	5114911
2010/12/3	6.55	6.65	6.55	6.64	688318	4545242.5
2010/12/2	6.58	6.66	6.5	6.59	785999	5174928
2010/12/1	6.62	6.65	6.53	6.55	995577	6540750.5
2010/11/30	6.77	6.84	6.46	6.63	2492816	16604803
2010/11/29	6.75	6.85	6.68	6.78	1149692	7793122.5
2010/11/26	6.78	6.8	6.65	6.75	1191536	8008504.5
2010/11/25	6.77	6.82	6.7	6.75	1453176	9828368
2010/11/24	6.69	6.8	6.61	6.79	2714650	18173060
2010/11/23	7	7.1	6.66	6.83	1636034	11195757
2010/11/22	7.06	7.14	6.95	7	2000489	14114448
2010/11/19	6.88	7.14	6.82	7.06	1572393	11023158
2010/11/18	6.72	6.99	6.7	6.88	1376586	9481758
2010/11/17	6.8	6.93	6.73	6.76	2028760	13865509
2010/11/16	6.79	7.05	6.7	6.92	5052576	35241468
2010/11/15	6.71	6.79	6.5	6.71	1644944	10888385
2010/11/12	7	7.1	6.75	6.75	3667962	25102838
2010/11/11	7.2	7.24	7.03	7.11	2320887	16532888
2010/11/10	7.28	7.42	7.17	7.21	2550338	18654226
2010/11/9	7.12	7.4	7.01	7.36	3738294	26850482
2010/11/8	6.92	7.12	6.9	7.09	2621248	18386380
2010/11/5	6.81	7.03	6.81	6.86	1832889	12683818
2010/11/4	6.74	6.87	6.7	6.86	1412516	9614625
2010/11/3	7	7.06	6.76	6.76	2321060	15869063
2010/11/2	6.7	7.01	6.64	6.98	4256658	29149346
2010/11/1	6.68	6.68	6.56	6.68	2894375	19165392
2010/10/29	6.56	6.78	6.55	6.65	2609943	17332898
2010/10/28	6.48	6.62	6.43	6.59	2667123	17463652
2010/10/27	6.61	6.61	6.42	6.44	1634363	10581252
2010/10/26	6.56	6.61	6.42	6.51	2266521	14696735
2010/10/25	6.5	6.7	6.45	6.57	1607088	10574141
2010/10/22	6.4	6.52	6.38	6.44	1449568	9338979
2010/10/21	6.53	6.53	6.32	6.38	1178511	7565239
2010/10/20	6.35	6.67	6.3	6.53	1593424	10368099
2010/10/19	6.4	6.56	6.27	6.55	1550264	10017197
2010/10/18	6.79	6.8	6.46	6.46	2338101	15236587
2010/10/15	6.58	6.81	6.48	6.8	2163536	14474921
2010/10/14	6.54	6.87	6.46	6.65	3358330	22403080
2010/10/13	6.52	6.59	6.21	6.54	2114024	13753604
2010/10/12	6.51	6.58	6.47	6.54	1633492	10672699
2010/10/11	6.55	6.66	6.47	6.56	2031754	13272009
2010/10/8	6.49	6.65	6.4	6.56	2716103	17777898
2010/9/30	6.36	6.53	6.32	6.49	906003	5849355.5
2010/9/29	6.46	6.55	6.4	6.41	1442570	9337116
2010/9/28	6.45	6.58	6.36	6.46	1502159	9746466
2010/9/27	6.21	6.5	6.15	6.48	2091777	13300619
2010/9/21	6.38	6.38	6.08	6.25	3510897	21633418
2010/9/20	6.6	6.72	6.39	6.4	2957505	19314534
2010/9/17	6.73	6.86	6.6	6.62	1684400	11311738
2010/9/16	6.72	6.96	6.68	6.74	2027931	13819711
2010/9/15	7.17	7.17	6.72	6.76	2894075	19933068
2010/9/14	7	7.25	6.96	7.07	2256243	16083586
2010/9/13	7.02	7.06	6.88	7	2155165	15054641
2010/9/10	7.1	7.17	6.78	7	4378872	30257026
2010/9/9	6.93	7.13	6.81	7.13	7008477	49605120
2010/9/8	6.46	6.79	6.42	6.79	3536038	23762866
2010/9/7	6.4	6.64	6.33	6.47	2022234	13160540
2010/9/6	6.39	6.66	6.32	6.4	5440839	35316912
2010/9/3	6.07	6.34	6.07	6.34	4740423	29865220
2010/9/2	6.03	6.08	5.95	6.04	2044800	12359764
2010/9/1	6.08	6.11	5.89	5.99	2560591	15263920
2010/8/31	6.09	6.11	6.01	6.08	1813078	10969428
2010/8/30	6.02	6.11	6	6.09	1782758	10822341
2010/8/27	5.97	6.07	5.96	6.01	1199345	7202345
2010/8/26	5.8	6.05	5.8	6.01	1825422	10897456
2010/8/25	5.95	6.02	5.83	5.83	1899270	11233484
2010/8/24	6.01	6.18	5.98	6.02	3087801	18738236
2010/8/23	5.73	6	5.73	6	3229613	19117200
2010/8/20	5.91	5.95	5.7	5.71	2368754	13798399
2010/8/19	5.96	6.08	5.9	5.93	2183487	13068321
2010/8/18	5.92	6.02	5.89	5.96	1687833	10048729
2010/8/17	5.91	5.95	5.83	5.94	1697649	10005928
2010/8/16	5.77	5.9	5.77	5.9	1892351	11038753
2010/8/13	5.67	5.77	5.62	5.77	1521661	8702230
2010/8/12	5.8	5.88	5.6	5.69	1388820	7986983
2010/8/11	5.76	5.87	5.73	5.87	1197877	6949893
2010/8/10	6.05	6.18	5.81	5.81	2355055	14149527
2010/8/9	6.02	6.12	5.99	6.06	1670894	10120204
2010/8/6	5.99	6.04	5.92	6.03	1514176	9052631
2010/8/5	5.9	6.03	5.88	5.95	1539532	9182290
2010/8/4	5.85	5.96	5.73	5.9	1489131	8690238
2010/8/3	5.89	6.02	5.79	5.89	1982522	11683233
2010/8/2	5.77	5.89	5.75	5.89	1371091	7983583
2010/7/30	5.9	5.9	5.7	5.77	1362211	7874881
2010/7/29	5.68	5.83	5.66	5.78	1943304	11159595
2010/7/28	5.57	5.7	5.54	5.69	1675987	9456463
2010/7/27	5.61	5.62	5.53	5.57	994185	5541896.5
2010/7/26	5.58	5.65	5.53	5.63	1187203	6637892.5
2010/7/23	5.55	5.59	5.46	5.56	1074537	5919838.5
2010/7/22	5.5	5.59	5.45	5.55	1172987	6488639.5
2010/7/21	5.47	5.54	5.44	5.48	1049322	5758861
2010/7/20	5.37	5.53	5.33	5.47	971314	5298764
2010/7/19	5.15	5.42	5.11	5.38	854802	4511659
2010/7/16	5.25	5.27	5.11	5.23	1081947	5583796
2010/7/15	5.44	5.48	5.23	5.29	796802	4285793.5
2010/7/14	5.62	5.62	5.43	5.48	869170	4792671.5
2010/7/13	5.51	5.51	5.28	5.35	1170517	6239995.5
2010/7/12	5.51	5.64	5.46	5.56	843978	4714833.5
2010/7/9	5.32	5.56	5.32	5.51	771295	4193282.75
2010/7/8	5.41	5.41	5.25	5.34	622398	3323031.5
2010/7/7	5.34	5.38	5.28	5.35	420734	2242782
2010/7/6	5.18	5.33	5.18	5.33	559109	2949631.75
2010/7/5	5.2	5.2	5.09	5.18	698302	3609499.25
2010/7/2	5.23	5.33	5.09	5.18	945615	4880380
2010/7/1	5.29	5.38	5.22	5.28	633360	3367013.5
2010/6/30	5.47	5.49	5.29	5.29	1302935	6960506
2010/6/29	5.91	5.94	5.57	5.57	1110074	6300024.5
2010/6/28	5.91	6	5.8	5.86	767198	4527958
2010/6/25	6.04	6.12	5.85	5.91	1050005	6281222
2010/6/24	5.98	6.09	5.93	6.09	883817	5322762.5
2010/6/23	6	6.07	5.89	5.97	785875	4685489
2010/6/22	5.99	6.05	5.91	6.02	632248	3802367.25
2010/6/21	5.82	5.99	5.76	5.97	830634	4900295
2010/6/18	6.13	6.18	5.86	5.86	1936900	11550733
2010/6/17	6.25	6.4	6.17	6.17	1537819	9728456
2010/6/11	6.15	6.28	6.15	6.24	2275223	14173691
2010/6/10	6	6.25	5.95	6.15	2632050	16201176
2010/6/9	5.89	6.04	5.88	6.02	1730449	10344532
2010/6/8	5.83	5.93	5.77	5.9	1063866	6250035.5
2010/6/7	5.79	5.9	5.7	5.82	647474	3747632.5
2010/6/4	5.76	6	5.75	5.89	892140	5268052
2010/6/3	5.84	6.04	5.81	5.82	1900247	11253347
2010/6/2	5.58	5.82	5.51	5.8	1123888	6417413
2010/6/1	5.85	5.97	5.54	5.65	1146631	6550340
2010/5/31	5.98	6.15	5.83	5.83	998960	5981716
2010/5/27	6.06	6.18	5.89	6.08	2611177	15783939
2010/5/26	5.7	5.99	5.69	5.99	2127643	12681633
2010/5/25	5.73	5.86	5.61	5.7	1162607	6643635
2010/5/24	5.55	5.82	5.5	5.8	1492590	8552006
2010/5/21	5.37	5.6	5.33	5.54	1455190	7923479.5
2010/5/20	5.89	5.94	5.61	5.61	1543413	8792962
2010/5/19	5.87	6.06	5.82	5.9	1343651	7994578.5
2010/5/18	5.96	6.03	5.8	5.98	2084962	12213697
2010/5/17	6.3	6.43	6.1	6.1	2114882	13035564
2010/5/14	6.33	6.51	6.23	6.42	1015093	6538587
2010/5/13	6.15	6.37	6.07	6.33	735462	4597735.5
2010/5/12	6.28	6.47	6.05	6.18	1238680	7721028.5
2010/5/11	6.6	6.75	6.27	6.37	1568279	10324757
2010/5/10	6.75	6.78	6.41	6.57	1996853	13126892
2010/5/7	6.34	6.75	6.28	6.75	3286480	21954236
2010/5/6	6.54	6.8	6.4	6.43	2345615	15563372
2010/5/5	6.28	6.57	6.23	6.54	1257231	8138655
2010/5/4	6.21	6.39	6.1	6.35	1533860	9622101
2010/4/30	6.71	6.8	6.37	6.37	2630449	16920144
2010/4/29	6.88	7.1	6.7	6.7	2007891	13935318
2010/4/28	6.79	7.05	6.79	6.9	3034054	20917968
2010/4/26	7.07	7.2	6.99	7.15	4568659	32313764
2010/4/23	7.67	7.73	7.36	7.36	3209340	23938516
2010/4/22	7.61	7.77	7.61	7.75	1941368	14950956
2010/4/21	7.39	7.72	7.37	7.6	1701802	12865112
2010/4/20	7.5	7.55	7.1	7.44	2207993	16135480
2010/4/19	7.8	7.9	7.46	7.46	3846239	29186400
2010/4/16	7.96	8.05	7.76	7.85	1470088	11678160
2010/4/15	8.2	8.29	7.95	7.97	2137497	17340344
2010/4/14	7.82	8.25	7.8	8.21	3389987	27315570
2010/4/13	8.12	8.23	7.75	7.87	4971432	39337860
2010/4/12	8.3	8.37	8.02	8.16	4473807	36602148
2010/4/9	8.25	8.5	8.25	8.34	3434255	28634954
2010/4/8	8.18	8.59	8.03	8.37	4146541	34777048
2010/4/7	7.99	8.24	7.87	8.18	4316707	34887676
2010/4/6	7.81	8.01	7.73	8.01	4678843	36684264
2010/4/2	7.39	7.82	7.39	7.82	8937416	69703352
2010/4/1	7.4	7.5	7.35	7.45	3014147	22389024
2010/3/31	7.35	7.48	7.25	7.42	2341650	17287336
2010/3/30	7.18	7.39	7.18	7.33	1815149	13265636
2010/3/29	7.22	7.33	7.16	7.23	1539119	11106120
2010/3/26	7.13	7.25	7.13	7.21	1415830	10195842
2010/3/25	7.29	7.34	7.1	7.13	2598693	18842994
2010/3/24	7.14	7.4	7.1	7.27	2475463	18007986
2010/3/23	7.28	7.36	7.12	7.15	3785613	27397562
2010/3/22	7	7.35	6.95	7.35	6141812	44812256
2010/3/19	6.92	7.04	6.82	7	1602169	11095780
2010/3/18	6.92	6.98	6.86	6.92	1140948	7905364.5
2010/3/17	6.7	6.93	6.7	6.9	1407169	9666980
2010/3/16	6.61	6.72	6.59	6.68	1293080	8590533
2010/3/15	6.85	6.94	6.6	6.64	1615368	10734405
2010/3/12	7.04	7.04	6.8	6.85	1743185	12043305
2010/3/11	7.01	7.1	6.95	7.03	1513842	10615752
2010/3/10	7.16	7.22	6.96	7.01	1884280	13318230
2010/3/9	7.2	7.26	7.14	7.16	1466289	10547638
2010/3/8	7.18	7.27	7.11	7.18	1230102	8871375
2010/3/5	7.13	7.18	7.04	7.11	1388468	9874256
2010/3/4	7.32	7.43	7.01	7.05	2976774	21540486
2010/3/3	7.3	7.37	7.26	7.33	1840580	13495421
2010/3/2	7.29	7.4	7.15	7.33	3096316	22450724
2010/3/1	7.25	7.33	7.18	7.25	1680382	12165759
2010/2/26	7.18	7.35	7.15	7.2	2272731	16464186
2010/2/25	7.23	7.24	7.11	7.21	1988164	14268366
2010/2/24	7.01	7.22	7.01	7.21	1332945	9533088
2010/2/23	7.02	7.09	6.97	7.05	891989	6270062.5
2010/2/22	7.13	7.18	6.95	7.07	1815044	12797240
2010/2/12	7.09	7.25	7.04	7.13	1129783	8063511
2010/2/11	7.1	7.34	6.9	7.13	2581915	18636316
2010/2/10	6.72	7.01	6.67	7.01	2176179	15048402
2010/2/9	6.81	6.94	6.6	6.68	1406670	9539232
2010/2/8	6.68	6.8	6.58	6.77	1145701	7671598
2010/2/5	6.73	6.91	6.55	6.69	1437527	9733994
2010/2/4	6.87	6.95	6.78	6.83	1488733	10252359
2010/2/3	6.66	6.88	6.52	6.87	2469033	16757521
2010/2/2	6.58	6.74	6.53	6.55	1012420	6742421.5
2010/2/1	6.36	6.7	6.36	6.61	1455992	9473780
2010/1/28	6.86	6.87	6.55	6.6	1209193	8030176.5
2010/1/27	6.74	6.88	6.46	6.68	1742684	11670930
2010/1/26	7.1	7.16	6.74	6.74	2556700	17467856
2010/1/25	7.13	7.29	7.09	7.09	1346229	9667539
2010/1/22	7.3	7.31	7.05	7.18	2847017	20388302
2010/1/21	7.03	7.42	7	7.39	4340736	31607798
2010/1/20	7.41	7.47	7.02	7.07	4244071	30487118
2010/1/19	7.88	7.88	7.27	7.39	7114993	53582444
2010/1/18	7.56	7.56	7.41	7.56	3663518	27641570
2010/1/15	6.96	7.3	6.91	7.2	5848386	41915136
2010/1/14	6.71	7.04	6.71	6.95	3316990	22968930
2010/1/13	6.67	6.89	6.56	6.75	2614859	17781346
2010/1/12	6.7	6.81	6.59	6.81	1993040	13404902
2010/1/11	6.63	6.84	6.63	6.69	2285540	15366244
2010/1/8	6.58	6.68	6.49	6.62	1662369	10924246
2010/1/7	6.7	6.85	6.58	6.61	2114942	14151104
2010/1/6	6.71	6.75	6.64	6.66	1311364	8774787
2010/1/5	6.8	6.81	6.6	6.7	1858587	12411234
2010/1/4	6.95	6.97	6.73	6.76	2172449	14773915
2009/12/31	6.75	6.94	6.7	6.9	2226458	15196927
2009/12/30	6.96	7.05	6.73	6.75	2940572	20151474
2009/12/29	6.92	7.1	6.8	6.96	2782524	19287116
2009/12/28	6.76	6.91	6.76	6.91	2271233	15545965
2009/12/25	6.72	6.9	6.67	6.79	2532861	17208830
2009/12/24	6.42	6.78	6.4	6.72	2648538	17681168
2009/12/23	6.18	6.77	6.18	6.57	3239552	21188788
2009/12/22	7.1	7.11	6.45	6.45	5560155	37692300
2009/12/21	6.58	6.79	6.49	6.79	1767572	11883008
2009/12/18	6.1	6.47	6.05	6.47	3818690	24221914
2009/12/17	6.42	6.5	6.12	6.16	2105514	13134838
2009/12/16	6.58	6.64	6.41	6.42	1413060	9173151
2009/12/15	6.49	6.6	6.45	6.54	1132809	7396639.5
2009/12/14	6.72	6.72	6.35	6.55	2092138	13576326
2009/12/11	6.7	6.84	6.66	6.68	1728989	11672768
2009/12/10	6.7	6.78	6.65	6.73	1330474	8932922
2009/12/9	6.77	6.9	6.62	6.68	1964232	13279998
2009/12/8	7.02	7.11	6.75	6.92	2327486	16057578
2009/12/7	6.87	7.12	6.81	7.02	2627205	18340798
2009/12/4	6.85	7.14	6.55	6.87	4946981	34151992
2009/12/3	6.84	6.9	6.71	6.85	2308491	15697758
2009/12/2	6.66	6.9	6.61	6.85	3813502	25919734
2009/12/1	6.41	6.63	6.37	6.58	2385163	15551020
2009/11/30	6.17	6.41	6.17	6.4	2501262	15734693
2009/11/27	6.34	6.4	6.21	6.21	3769484	23530676
2009/11/26	6.82	7.15	6.54	6.54	5108191	34607264
2009/11/25	6.65	6.95	6.54	6.88	6307801	42085288
2009/11/24	7.21	7.46	6.86	6.88	4609422	32832546
2009/11/23	6.93	7.25	6.83	7.22	3410153	24133916
2009/11/20	7.06	7.3	6.91	6.92	4659655	32991134
2009/11/19	6.7	6.99	6.6	6.99	3731048	25918840
2009/11/18	6.65	6.72	6.58	6.66	2358682	15636439
2009/11/17	6.78	6.78	6.63	6.67	2176596	14556210
2009/11/16	6.66	6.84	6.61	6.78	4046291	27107630
2009/11/13	6.7	6.77	6.37	6.64	4852087	31908734
2009/11/12	6.68	6.95	6.57	6.7	5177910	34909292
2009/11/11	6.35	6.68	6.32	6.68	4795585	31448678
2009/11/10	6.46	6.53	6.33	6.36	3169605	20302858
2009/11/9	6.08	6.42	6.08	6.42	6855148	43849200
2009/11/6	6.01	6.19	5.94	6.11	4079636	24616068
2009/11/5	5.95	6.05	5.92	5.99	2136323	12787122
2009/11/4	6.06	6.09	5.9	5.96	2359040	14095426
2009/11/3	5.8	6.12	5.8	6.05	2844639	17070742
2009/11/2	5.64	5.88	5.51	5.84	1703166	9844394
2009/10/30	5.6	5.88	5.6	5.73	1779266	10289943
2009/10/29	5.59	5.66	5.52	5.6	1330910	7418359.5
2009/10/28	5.62	5.76	5.45	5.7	2170575	12189120
2009/10/27	5.81	5.96	5.69	5.72	2763101	15988046
2009/10/26	5.99	6.08	5.89	5.94	2257383	13474422
2009/10/23	5.71	5.97	5.65	5.97	4470682	26252424
2009/10/22	5.71	5.9	5.65	5.69	2651904	15293377
2009/10/21	5.63	5.93	5.59	5.78	6155940	36191048
2009/10/20	5.64	5.68	5.57	5.65	2698762	15181262
2009/10/19	5.59	5.65	5.51	5.65	4096570	22921964
2009/10/16	5.32	5.63	5.32	5.63	6423922	35960656
2009/10/15	5.37	5.39	5.27	5.36	1309470	6977915.5
2009/10/14	5.3	5.41	5.24	5.32	2042789	10937696
2009/10/13	5.17	5.33	5.17	5.29	1271725	6696603.5
2009/10/12	5.12	5.3	5.12	5.18	1378506	7176514
2009/10/9	4.99	5.15	4.99	5.15	1037115	5281769
2009/9/30	4.9	5.02	4.88	4.94	1116454	5548450
2009/9/29	5.18	5.19	4.89	4.89	2023876	10005022
2009/9/28	5.23	5.28	5.09	5.15	1206458	6269961.5
2009/9/25	5.23	5.28	5.15	5.18	1607350	8362182.5
2009/9/24	5.26	5.3	5.14	5.23	2252742	11736069
2009/9/23	5.29	5.47	5.23	5.29	2027685	10815853
2009/9/22	5.44	5.55	5.3	5.3	1670435	9085314
2009/9/21	5.29	5.48	5.15	5.46	2211599	11742248
2009/9/18	5.56	5.56	5.26	5.31	2997167	16280076
2009/9/17	5.41	5.57	5.38	5.54	2531730	13934547
2009/9/16	5.49	5.49	5.3	5.41	2056428	11084816
2009/9/15	5.34	5.58	5.25	5.5	3710865	20090578
2009/9/14	5.16	5.31	5.1	5.31	3300818	17381678
2009/9/10	5.12	5.17	5.05	5.06	1737145	8874342
2009/9/9	5.1	5.14	5	5.12	2128463	10828872
2009/9/8	5.1	5.13	4.94	5.09	2005822	10116002
2009/9/7	5.06	5.15	5.04	5.1	2544640	12983806
2009/9/4	4.93	5.16	4.91	5.07	2382673	12005374
2009/9/3	4.85	5.02	4.66	4.99	2417546	11868422
2009/9/2	4.61	4.92	4.61	4.85	2094705	10047793
2009/9/1	4.68	4.86	4.67	4.69	2517886	11849656
2009/8/31	5.1	5.17	4.92	4.92	1098195	5419048.5
2009/8/28	5.34	5.34	5.11	5.18	1966923	10286315
2009/8/27	5.39	5.54	5.23	5.32	3266414	17567264
2009/8/26	5.53	5.59	5.27	5.38	3975503	21582070
2009/8/25	5.35	5.38	5.1	5.38	6469378	34209816
2009/8/24	5.1	5.12	4.93	5.12	1922216	9776570
2009/8/21	4.76	4.94	4.65	4.88	2260804	10817220
2009/8/20	4.55	4.76	4.48	4.73	2355091	10881621
2009/8/19	4.83	4.97	4.61	4.61	2556151	12259192
2009/8/18	4.76	4.92	4.68	4.85	3414221	16156083
2009/8/17	5.15	5.15	4.93	4.93	1877994	9319268
2009/8/14	5.44	5.5	5.18	5.19	3537963	18596640
2009/8/13	5.63	5.63	5.45	5.45	4430836	24220960
2009/8/12	6.04	6.04	5.74	5.74	3157930	18215590
2009/8/11	6.15	6.2	5.99	6.04	2398633	14506099
2009/8/10	6.08	6.26	6.02	6.12	6400968	39368852
2009/8/7	5.84	6.06	5.77	6.06	6367359	38447948
2009/8/6	5.89	5.89	5.69	5.77	2034123	11769553
2009/8/5	5.9	5.98	5.8	5.89	3003341	17651706
2009/8/4	6.03	6.05	5.79	5.92	2330137	13742080
2009/8/3	5.9	6.08	5.9	6.03	2154747	12934779
2009/7/31	5.76	5.93	5.7	5.92	2811256	16399810
2009/7/30	5.91	6	5.7	5.74	4663217	26794456
2009/7/29	6.33	6.41	6	6	4155882	25630520
2009/7/28	6.2	6.38	6.15	6.32	4900229	30800616
2009/7/27	6.15	6.25	6.14	6.22	3364981	20832904
2009/7/24	6.38	6.49	6.15	6.18	3548636	22305192
2009/7/23	6.2	6.39	6.17	6.37	3705626	23222956
2009/7/22	6.21	6.3	6.15	6.23	3067880	19104148
2009/7/21	6.33	6.53	6.17	6.19	4532826	28690648
2009/7/20	6.47	6.56	6.34	6.44	3100184	19920010
2009/7/17	6.46	6.55	6.4	6.45	2635936	16977706
2009/7/16	6.6	6.68	6.47	6.48	2777022	18230694
2009/7/15	6.58	6.85	6.51	6.6	3396965	22578796
2009/7/14	6.61	6.67	6.52	6.61	3255745	21421072
2009/7/13	6.39	6.68	6.38	6.6	3045070	19871286
2009/7/10	6.59	6.7	6.45	6.45	5479312	36007276
2009/7/9	6.23	6.55	6.21	6.55	5269452	34409396
2009/7/8	6.17	6.28	6.13	6.24	2767512	17167946
2009/7/7	6.13	6.28	5.99	6.17	3116001	19172476
2009/7/6	6.31	6.31	6.05	6.17	3542703	21867628
2009/7/3	6.29	6.48	6.2	6.33	3613596	22776378
2009/7/2	6.21	6.52	6.21	6.39	4732414	30441162
2009/7/1	6.38	6.39	6.2	6.21	3392590	21263296
2009/6/30	6.43	6.55	6.27	6.39	4228206	27111736
2009/6/29	6.41	6.57	6.23	6.36	6943236	44776844
2009/6/26	6.08	6.26	6.02	6.26	6183627	38480616
2009/6/25	5.69	5.96	5.69	5.96	2547516	15094203
2009/6/24	5.72	5.79	5.63	5.68	2337972	13287114
2009/6/23	5.81	5.9	5.72	5.75	2707225	15686002
2009/6/22	5.83	5.95	5.75	5.86	3046695	17861002
2009/6/19	5.98	6.01	5.75	5.83	3879300	22637286
2009/6/18	5.88	6.13	5.88	5.98	4212471	25256940
2009/6/17	5.95	5.96	5.7	5.84	3703339	21413094
2009/6/16	5.95	6.18	5.88	5.93	4473756	26778778
2009/6/15	5.74	6.15	5.7	6.03	4991040	30133694
2009/6/12	5.88	6	5.75	5.86	8463171	49526304
2009/6/11	5.45	5.74	5.38	5.74	7137680	40450088
2009/6/10	5.6	5.84	5.41	5.47	9991134	55142916
2009/6/9	6.23	6.23	5.67	5.69	16186351	97663656
2009/6/8	5.74	5.93	5.74	5.93	2813882	16509483
2009/6/5	5.5	5.65	5.38	5.65	5823464	32597726
2009/6/4	5.35	5.38	5.22	5.38	11450034	61345760
2009/6/3	4.84	5.12	4.83	5.12	3503306	17787446
2009/6/2	5.07	5.07	4.83	4.88	12826724	63799784
2009/6/1	4.71	4.83	4.71	4.83	2562435	12299985
2009/5/27	4.43	4.6	4.41	4.6	7501430	34345580
2009/5/26	4.39	4.47	4.32	4.38	1754320	7724303.5
2009/5/25	4.11	4.42	4.09	4.42	3580578	15204576
2009/5/22	4.24	4.35	4.21	4.31	1390550	5978510.5
2009/5/21	4.43	4.49	4.32	4.32	5076500	22156172
2009/5/19	4.53	4.7	4.53	4.55	4719100	21762952
2009/5/18	4.56	4.59	4.45	4.57	3740900	16970344
2009/5/15	4.61	4.62	4.41	4.52	5183100	23388602
2009/5/14	4.29	4.56	4.27	4.56	6389300	28440722
2009/5/13	4.23	4.4	4.2	4.34	3158500	13627938
2009/5/12	4.11	4.26	4.1	4.24	2458700	10266167
2009/5/11	4.29	4.36	4.22	4.22	3249200	13956990
2009/5/8	4.2	4.34	4.16	4.29	3183100	13591257
2009/5/7	4.38	4.43	4.16	4.25	4231000	18113898
2009/5/6	4.41	4.5	4.34	4.38	4457800	19677788
2009/5/5	4.38	4.5	4.32	4.43	3334700	14698420
2009/5/4	4.18	4.39	4.1	4.39	4027500	17151150
2009/4/30	4.23	4.25	4.13	4.18	3109600	12991869
2009/4/29	3.97	4.15	3.97	4.15	3378500	13896109
2009/4/28	4	4.06	3.95	3.95	3971500	15796586
2009/4/27	4.34	4.38	4.16	4.16	3564500	14962260
2009/4/24	4.53	4.59	4.31	4.38	3851700	17047310
2009/4/23	4.75	4.75	4.51	4.53	6956500	31605646
2009/4/22	4.62	4.9	4.56	4.75	10509800	50258108
2009/4/21	4.4	4.68	4.36	4.67	9371600	42956144
2009/4/20	4.37	4.55	4.3	4.46	4429600	19738296
2009/4/17	4.49	4.49	4.33	4.4	3810400	16821594
2009/4/16	4.52	4.69	4.39	4.49	10399900	47161924
2009/4/15	4.23	4.48	4.18	4.48	7980900	34712264
2009/4/14	4.28	4.28	4.09	4.27	6864700	28796368
2009/4/13	4.38	4.47	4.27	4.31	6617800	28805130
2009/4/10	4.09	4.31	4.09	4.31	8416900	35915772
2009/4/9	4.04	4.1	3.98	4.1	3166800	12801887
2009/4/8	4.15	4.25	4.02	4.05	3837100	15910580
2009/4/7	4.06	4.17	4.05	4.13	3039400	12489286
2009/4/3	4.18	4.19	4.04	4.08	3705000	15223147
2009/4/2	4.25	4.31	4.13	4.15	5809500	24345044
2009/4/1	4.33	4.34	4.2	4.29	6473800	27616786
2009/3/31	4.17	4.43	4.12	4.37	7062400	30289082
2009/3/30	4.01	4.22	3.95	4.22	8335000	34656964
2009/3/27	3.99	4.11	3.97	4.02	7392500	29692958
2009/3/26	4.26	4.26	3.95	4.1	17116400	71222848
2009/2/24	4.06	4.06	3.88	4.06	10290100	41478180
2009/2/23	3.72	3.87	3.72	3.87	4800700	18522480
2009/2/20	3.55	3.7	3.55	3.69	2862800	10451880
2009/2/19	3.65	3.76	3.51	3.57	3822800	13775104
2009/2/18	3.75	3.9	3.68	3.68	5681800	21379686
2009/2/17	4	4.2	3.8	3.87	8295500	33278120
2009/2/16	3.8	4	3.76	4	7981000	31474120
2009/2/13	3.64	3.85	3.61	3.81	6859600	25480144
2009/2/12	3.71	3.78	3.52	3.67	7631800	27837294
2009/2/11	3.47	3.71	3.43	3.71	10035100	36501552
2009/2/10	3.52	3.57	3.41	3.53	5837900	20323396
2009/2/9	3.48	3.6	3.38	3.53	7346800	25607212
2009/2/6	3.38	3.5	3.35	3.48	7196200	24600554
2009/2/5	3.27	3.43	3.24	3.4	9642700	32498406
2009/2/4	3.27	3.28	3.19	3.27	5510000	17833770
2009/2/3	3.19	3.27	3.18	3.23	6020000	19416298
2009/2/2	3.14	3.26	3.04	3.17	3515900	11105595
2009/1/23	3.08	3.14	3.05	3.14	2962800	9222413
2009/1/22	3.03	3.11	3	3.08	3867000	11813683
2009/1/21	2.97	3.08	2.96	3.01	2726000	8257974
2009/1/20	3	3.04	2.9	3.02	3560000	10538043
2009/1/19	3	3.05	3	3.04	8141200	24505616
2009/1/16	3.15	3.25	3.12	3.16	2703100	8673454
2009/1/15	3.17	3.18	3.1	3.13	1839500	5781917.5
2009/1/14	3.09	3.17	3.02	3.16	1742300	5427093
2009/1/13	3.24	3.24	3.09	3.09	2877300	8977046
2009/1/12	3.2	3.3	3.16	3.25	2052000	6684592.5
2009/1/9	3.14	3.25	3.14	3.22	2092100	6688871.5
2009/1/8	3.26	3.3	3.16	3.16	3780900	12132405
2009/1/7	3.18	3.34	3.15	3.33	5966600	19700810
2009/1/6	3.06	3.2	3.02	3.18	2663400	8304276
2009/1/5	3.04	3.1	3	3.09	2743400	8362124

:						
000035   						
      	    	    	    	    	    	    