2019/9/23	13.58	13.8	13.17	13.39	20808585	278772480
2019/9/20	13.96	14.24	13.66	13.91	25613922	356065792
2019/9/19	14.58	14.79	14.05	14.35	41884157	598048640
2019/9/18	16.64	17.3	15.58	15.61	58373022	958306880
2019/9/17	14.35	15.83	14.35	15.83	37190991	576632768
2019/9/16	14.62	15.16	14.28	14.39	22520242	329754208
2019/9/12	14.39	14.68	14.06	14.67	21545210	311698272
2019/9/11	14.52	15.2	14.22	14.28	27880992	406876576
2019/9/10	14.81	15.34	14.6	14.89	34583179	518928032
2019/9/9	15	15.28	14.3	14.91	40345301	594662976
2019/9/6	15.16	16.59	15	15.83	47260373	755052480
2019/9/5	16.29	16.99	15.22	15.65	52851979	851182784
2019/9/4	15.06	16.69	15.06	16.26	55504300	885078528
2019/9/3	15.4	16.18	14.61	15.5	55023058	846125760
2019/9/2	15.02	16.38	14.6	15.95	58244596	892325888
2019/8/30	16.11	16.88	14.25	15.18	64688866	1016138304
2019/8/29	15.03	15.55	15.03	15.55	22808664	351422592
2019/8/28	12.9	14.14	12.26	14.14	42297895	567319040
2019/8/27	11.4	12.85	11.1	12.85	53242632	649551232
2019/8/26	10.88	12.43	10.38	11.68	51315378	582400960
2019/8/23	11.3	11.3	10.82	11.3	56058202	629897280
2019/8/22	9.9	10.27	9.27	10.27	34481740	342734336
2019/8/21	8.88	9.34	8.82	9.34	31038635	284877792
2019/8/20	8.2	8.49	7.92	8.49	27449306	224225072
2019/8/19	7.71	7.72	7.69	7.72	4949370	38199484
2019/8/16	7.15	7.24	7.01	7.02	5975980	42499808
2019/8/15	6.82	7.17	6.73	7.14	7419450	52054496
2019/8/14	7.2	7.34	7.03	7.03	6430610	45842172
2019/8/13	7.16	7.21	7.04	7.08	4321505	30731446
2019/8/12	7.1	7.23	6.94	7.16	5319201	37732044
2019/8/9	7.35	7.35	6.95	6.99	8211000	58258460
2019/8/8	7.05	7.45	7	7.25	8349986	60789308
2019/8/7	6.67	7.42	6.67	7.13	13064290	92946704
2019/8/6	7.2	7.23	6.71	6.87	12194034	84587264
2019/8/5	7.56	7.68	7.31	7.38	5249660	39526676
2019/8/2	7.75	7.78	7.5	7.56	6422338	48966688
2019/8/1	7.72	8.02	7.68	7.9	5497380	43465756
2019/7/31	8.02	8.08	7.84	7.86	7286517	57844956
2019/7/30	8.03	8.35	8.03	8.11	8698368	71327040
2019/7/29	7.79	8.38	7.79	8.1	10520871	85120520
2019/7/26	8.61	8.61	8.4	8.41	7050720	59787452
2019/7/25	8.7	8.92	8.43	8.65	8928700	77522928
2019/7/24	8.8	8.98	8.71	8.72	10547741	93130480
2019/7/23	8.5	9	8.21	8.89	11671225	100300712
2019/7/22	8.71	8.71	8.31	8.39	8372033	70889208
2019/7/19	8.82	9.09	8.7	8.81	8344241	74233264
2019/7/18	9.03	9.17	8.8	8.8	10550871	94468912
2019/7/17	9.35	9.81	9.1	9.19	17176840	161619312
2019/7/16	8.92	9.78	8.5	9.5	19750738	180343376
2019/7/15	8.83	8.98	8.39	8.92	13689500	119142680
2019/7/12	9.3	9.65	9.01	9.09	18571054	172344192
2019/7/11	8.94	9.98	8.64	9.6	27933020	260272944
2019/7/10	8.75	9.3	8.48	9.07	30466480	273437600
2019/7/9	7.71	8.6	7.67	8.6	12714220	102377056
2019/7/8	8.13	8.16	7.62	7.82	11910865	92990376
2019/7/5	8.43	8.44	8.06	8.17	11257523	91832240
2019/7/4	8.24	8.77	8.24	8.3	19367550	162669472
2019/7/3	8.2	9	8.06	8.64	36317817	315458240
2019/7/2	7.45	8.2	7.45	8.2	12908930	102667920
2019/7/1	7.1	7.49	7.1	7.45	13909186	102657928
2019/6/28	7.31	7.31	6.99	7.05	8295100	58876816
2019/6/27	7.25	7.42	7.24	7.29	6376828	46792656
2019/6/26	7.25	7.38	7.22	7.3	6497814	47540220
2019/6/25	7.3	7.35	7.09	7.24	6955569	50066472
2019/6/24	7.55	7.62	7.26	7.36	8708500	64422520
2019/6/21	7.38	7.43	7.29	7.41	9320147	68697976
2019/6/20	7.11	7.33	7.09	7.27	7894916	57017416
2019/6/19	7.28	7.45	7.19	7.2	10065902	73592208
2019/6/18	7.02	7.25	7.02	7.22	8131842	58291344
2019/6/17	7.05	7.19	6.96	7.04	4717390	33266044
2019/6/14	7.32	7.38	7.05	7.06	8663525	62297204
2019/6/13	7.18	7.44	7.12	7.39	10987371	80091616
2019/6/12	7.19	7.52	7.16	7.25	13068118	95971408
2019/6/11	7.06	7.27	6.93	7.23	12691760	90797792
2019/6/10	7.12	7.12	6.92	7.03	5557050	39042968
2019/6/6	7.3	7.3	6.92	7.02	9842499	69363264
2019/6/5	7.53	7.58	7.33	7.37	7817025	58116508
2019/6/4	7.71	7.75	7.37	7.43	9846232	74620712
2019/6/3	8.14	8.18	7.58	7.66	15252314	118703152
2019/5/31	8.23	8.38	8.11	8.22	13341743	109862000
2019/5/30	8.21	8.42	8.15	8.23	20955648	172978672
2019/5/29	8.11	9.46	8.11	8.79	33799649	288015104
2019/5/28	8.95	8.95	8.95	8.95	1926700	17243964
2019/5/27	9.94	9.94	9.94	9.94	898700	8933078
2019/5/24	11.04	11.04	11.04	11.04	1320000	14572800
2019/5/23	12.44	13.03	11.91	12.27	13110841	162699136
2019/5/22	12.75	12.75	12.31	12.38	5376881	66827476
2019/5/21	12.68	12.75	12.18	12.75	9601568	119821912
2019/5/20	12.36	12.4	11.16	12.4	13501116	155768496
2019/5/17	12.62	12.9	12.14	12.4	11832527	147847776
2019/5/16	13.15	13.15	12.84	13.05	7271562	94239176
2019/5/15	13.2	13.3	12.83	13.15	9886012	128979632
2019/5/14	12.79	13.2	12.5	13.18	11479516	147564128
2019/5/13	14.47	14.47	13.05	13.5	22030354	296038848
2019/5/10	14.55	14.68	13.71	14.5	12599993	180769856
2019/5/9	14.4	14.83	13.96	14.29	17561640	253685264
2019/5/8	13.5	14.88	13.03	14.58	21803295	309123168
2019/5/7	13.47	13.85	13.03	13.6	11195142	150888800
2019/5/6	12.76	13.47	12.66	13.18	11638262	151446256
2019/4/30	13.47	14.24	13.47	13.76	14762130	203699808
2019/4/29	13.05	13.1	12.48	13.1	9417129	119948184
2019/4/26	13.45	13.45	12.8	13.05	11233251	147419184
2019/4/25	14.58	14.59	13.5	13.68	19637863	272447264
2019/4/24	15.16	15.75	14.91	15	18085667	277041568
2019/4/23	15.92	16.45	14.9	14.9	21748602	338318720
2019/4/22	16.51	17.6	15.53	16.56	38833307	644672768
2019/4/19	15.8	16.21	15.55	16.21	27168751	436963296
2019/4/18	14.74	14.74	14.74	14.74	3355587	49461352
2019/4/17	12.84	13.4	12.7	13.4	7568892	98281264
2019/4/16	12.8	12.87	12.33	12.84	10644135	134603472
2019/4/15	13.9	13.93	13.3	13.43	7087049	96643528
2019/4/12	13.5	13.79	13.48	13.72	3302240	45064592
2019/4/11	14.08	14.08	13.54	13.56	4954556	68320360
2019/4/10	14.15	14.15	13.83	13.97	5449310	76157624
2019/4/9	14.3	14.45	14.06	14.25	5857442	83509864
2019/4/8	14.4	14.92	14.11	14.48	10936959	159031680
2019/4/4	14.4	14.43	14.02	14.21	7669397	109072720
2019/4/3	14.2	14.45	14.11	14.39	12517134	178952384
2019/4/2	13.79	15	13.64	14.51	17090050	242612000
2019/4/1	13.33	13.73	13.18	13.68	7354102	99336376
2019/3/29	12.83	13.15	12.78	13.13	4167625	54221008
2019/3/28	13.31	13.4	12.69	12.96	6709980	87459792
2019/3/27	13.54	13.69	13.16	13.37	4476252	59780844
2019/3/26	13.9	14.03	13.41	13.52	5441300	74545680
2019/3/25	13.56	14.28	13.39	14.07	7561112	105139264
2019/3/22	14.06	14.06	13.6	13.83	5437842	75043056
2019/3/21	13.83	14.08	13.79	14.06	6984888	97706392
2019/3/20	14.14	14.17	13.6	13.81	4839216	66868352
2019/3/19	13.8	14.28	13.7	14	6655043	93190992
2019/3/18	13.65	13.84	13.4	13.83	6818732	93020352
2019/3/15	13.53	13.88	13.5	13.63	4951163	67814232
2019/3/14	14.3	14.3	13.3	13.52	8099823	111053184
2019/3/13	14.96	14.99	14.3	14.53	9043739	132208376
2019/3/12	14.68	15.15	14.56	14.93	12308076	182274640
2019/3/11	14.24	14.6	14.18	14.56	7644505	110047184
2019/3/8	15.18	15.18	14.25	14.26	10818165	159329600
2019/3/7	14.6	15.5	14.4	15.17	12950183	191494496
2019/3/6	14.31	14.98	14.3	14.71	13001413	190584320
2019/3/5	13.89	14.3	13.82	14.29	8469706	118926752
2019/3/4	13.85	14.14	13.72	13.95	10820117	151004208
2019/3/1	13.8	13.89	13.53	13.8	3950440	54121772
2019/2/28	13.68	13.85	13.61	13.79	4148840	56963260
2019/2/27	13.74	13.95	13.5	13.7	6083612	83825616
2019/2/26	14.18	14.18	13.76	13.81	9422366	131405864
2019/2/25	13.46	14.69	13.46	14.25	12174696	169394400
2019/2/22	13.28	13.49	13.17	13.46	5105448	68100304
2019/2/21	13.6	13.68	13.23	13.35	6103462	82390912
2019/2/20	13.58	13.77	13.35	13.61	6333824	85662200
2019/2/19	13.12	14.36	13.12	13.54	11169110	152469552
2019/2/18	12.81	13.08	12.73	13.05	6567246	84636680
2019/2/15	12.7	12.75	12.67	12.68	2337020	29686790
2019/2/14	12.81	12.83	12.68	12.77	3345149	42598568
2019/2/13	12.76	12.83	12.65	12.81	4541954	57948984
2019/2/12	12.72	12.79	12.65	12.74	2101100	26732090
2019/2/11	12.61	12.76	12.53	12.72	2391511	30309372
2019/2/1	12.98	12.98	12.47	12.7	3148612	39612288
2019/1/31	12.86	12.95	12.3	12.6	6496889	82281312
2019/1/30	12.4	12.6	11.9	12.6	3831942	47085952
2019/1/29	12.48	12.53	12.25	12.4	2607340	32308046
2019/1/28	12.62	12.62	12.36	12.42	2256560	28066552
2019/1/25	12.54	12.54	12.35	12.51	2198316	27371062
2019/1/24	12.57	12.57	12.47	12.48	1387679	17377156
2019/1/23	12.58	12.65	12.47	12.54	1006560	12620534
2019/1/22	12.72	12.72	12.54	12.55	1061830	13390378
2019/1/21	12.7	12.75	12.6	12.68	1261320	16005398
2019/1/18	12.77	12.9	12.53	12.69	2587022	32899638
2019/1/17	12.55	12.94	12.46	12.69	3029916	38522128
2019/1/16	12.77	12.79	12.59	12.59	1444762	18319276
2019/1/15	12.71	12.82	12.59	12.74	1537310	19523548
2019/1/14	12.64	12.81	12.5	12.68	1902042	24160440
2019/1/11	12.76	12.76	12.61	12.63	1531408	19378544
2019/1/10	12.96	12.96	12.6	12.8	3031120	38720944
2019/1/9	12.93	13.06	12.84	12.96	3620940	46983080
2019/1/8	13.06	13.11	12.84	12.96	3355588	43508468
2019/1/7	12.84	13.14	12.68	13.05	5012700	64591844
2019/1/4	12.67	12.82	12.51	12.75	2248784	28583216
2019/1/3	12.83	12.83	12.54	12.64	1869281	23723736
2019/1/2	12.73	12.9	12.47	12.76	3404922	43345808
2018/12/28	13.1	13.1	12.57	12.76	5104859	65342052
2018/12/27	13.35	13.35	12.89	13.08	2514443	32810978
2018/12/26	13.19	13.19	13	13.09	2639571	34529708
2018/12/25	13.1	13.26	12.6	13.12	5068057	66055236
2018/12/24	13.18	13.25	13.08	13.12	2153582	28335308
2018/12/21	13.29	13.29	13.04	13.16	2084452	27385342
2018/12/20	13.26	13.42	13.08	13.24	3384446	44883640
2018/12/19	13.5	13.5	13.09	13.26	3666576	48558428
2018/12/18	13.25	13.38	12.99	13.26	4223117	55860140
2018/12/17	13.3	13.38	13.05	13.09	2597940	34152100
2018/12/14	13.6	13.68	13.11	13.4	4597993	61669292
2018/12/13	13.73	13.73	13.51	13.6	3867050	52581396
2018/12/12	13.65	13.8	13.5	13.6	3662721	49878364
2018/12/11	13.7	13.74	13.16	13.72	5728761	77628904
2018/12/10	13.42	13.6	13.03	13.39	5421879	72280936
2018/12/7	13.8	13.95	13.52	13.64	8255940	113270400
2018/12/6	13.68	14.45	13.49	14.2	11400682	159503328
2018/12/5	13.35	13.77	13.3	13.68	5767674	78449056
2018/12/4	13.87	13.95	13.54	13.84	9661392	132933264
2018/12/3	13.71	14.28	13.48	14.09	12813641	178018896
2018/11/30	13.68	13.81	13.13	13.5	11412737	153762880
2018/11/29	14.53	14.86	13.85	13.9	14594052	208600352
2018/11/28	15.07	16.17	14.73	14.78	20698755	315408320
2018/11/27	13.9	15.46	13.9	15.46	21395719	316939200
2018/11/26	13.85	14.28	13.5	14.05	14179913	196166896
2018/11/23	13.71	15.06	13.38	14.22	26339387	370184704
2018/11/22	13	13.88	12.98	13.88	24653886	339750272
2018/11/21	12.62	12.66	12.46	12.62	3273962	41151888
2018/11/20	12.82	12.82	12.43	12.67	5258612	66599464
2018/11/19	12.76	12.88	12.55	12.84	5582509	71053704
2018/11/16	12.85	12.88	12.58	12.75	7232910	91940160
2018/11/15	12.63	12.85	12.42	12.72	7147245	89975960
2018/11/14	12.41	12.89	12.34	12.59	11872381	148833216
2018/11/13	12.08	12.29	12.01	12.29	9395774	114520592
2018/11/12	11.99	12.08	11.9	12.08	2328974	28000342
2018/11/9	12.08	12.08	11.89	11.98	1758280	21022904
2018/11/8	12.08	12.09	11.99	12.04	1602832	19292444
2018/11/7	12.2	12.2	11.99	12.06	3226120	38952716
2018/11/6	12.11	12.21	11.99	12.11	3788360	45898784
2018/11/5	12.1	12.21	11.96	12.11	3725584	45069964
2018/11/2	12.23	12.29	12.1	12.14	7870965	95529472
2018/11/1	12.3	12.38	12.06	12.16	3837302	46724412
2018/10/31	12.1	12.17	11.98	12.07	1585900	19200178
2018/10/30	12.19	12.19	11.95	12.05	1133391	13628203
2018/10/29	12.06	12.22	11.75	12.03	1674440	20185288
2018/10/26	12.12	12.25	12	12.19	1421185	17276356
2018/10/25	11.9	12.36	11.6	12.21	2199337	26685150
2018/10/24	12.41	12.41	12.05	12.16	1631540	19839916
2018/10/23	12.48	12.48	11.95	12.25	3038840	37056196
2018/10/22	12.35	12.43	12.01	12.37	3843272	47132592
2018/10/19	11.8	12.2	11.55	11.95	2825184	33550862
2018/10/18	11	12.14	11	11.99	3269252	38513156
2018/10/17	11.98	12.56	11.91	12.08	2484284	30286954
2018/10/16	11.95	12.71	11.48	12.06	6901893	83664640
2018/10/15	12.8	13.32	12.41	12.55	10536856	136427712
2018/10/12	12	12.3	11.81	12.11	1322907	16035132
2018/10/11	12.12	12.64	11.19	12.28	4789791	58521196
2018/10/10	12.38	12.47	12.31	12.43	1405173	17411900
2018/10/9	12.49	12.53	12.36	12.38	1144660	14214887
2018/10/8	12.59	12.7	12.28	12.44	1745760	21816106
2018/9/28	12.5	12.96	12.41	12.75	2031632	25679278
2018/9/27	12.56	12.65	12.31	12.5	2260282	28274048
2018/9/26	12.73	12.73	12.55	12.64	1937320	24510166
2018/9/25	12.77	12.95	12.63	12.69	2161141	27528568
2018/9/21	12.77	13.1	12.66	12.99	4450021	57319432
2018/9/20	12.64	13.31	12.44	12.87	4867242	62668268
2018/9/19	12.43	13.2	12.43	12.85	4924175	63462784
2018/9/18	12.37	12.65	12.35	12.58	1780339	22253450
2018/9/17	12.52	12.73	12.18	12.5	2633791	32955670
2018/9/14	12.71	12.8	12.33	12.56	3030300	37936152
2018/9/13	12.6	12.94	12.51	12.7	2824901	35736092
2018/9/12	12.61	12.73	12.21	12.69	4245778	53091576
2018/9/11	13.05	13.17	12.38	12.69	8201199	104316680
2018/9/10	12.35	13.63	12.21	13.62	12076417	163293648
2018/9/7	12.55	12.69	12.38	12.39	1593315	20003232
2018/9/6	12.69	12.82	12.38	12.57	2299951	28808970
2018/9/5	12.9	13.1	12.74	12.77	2065926	26706112
2018/9/4	12.69	13.1	12.55	13	3103658	39579056
2018/9/3	12.65	12.7	12.3	12.54	3423472	42818352
2018/8/31	12.8	12.81	11.75	12.68	6444353	79780000
2018/8/30	13.32	13.49	12.91	12.94	3651976	48183956
2018/8/29	13.29	13.56	13.16	13.46	3863768	51390624
2018/8/28	13.19	14.24	13.19	13.66	7427647	100484240
2018/8/27	14.66	14.66	14.66	14.66	206200	3022892
2018/8/24	16.29	16.29	16.29	16.29	111500	1816335
2018/2/23	19.02	19.2	18.48	18.5	3074100	57576840
2018/2/22	18.83	19.14	18.6	19.02	2003654	37707384
2018/2/14	18.83	19.1	18.5	18.66	694280	12988675
2018/2/13	18.66	19.36	18.66	18.9	1961620	37294160
2018/2/12	18.51	18.88	18.41	18.67	919322	17170428
2018/2/9	18.5	18.71	18.31	18.45	1249225	23053078
2018/2/8	18.6	18.95	18.4	18.87	1173787	21989226
2018/2/7	18.77	19.15	18.37	18.63	1682882	31390008
2018/2/6	18.6	18.8	18.1	18.59	1567176	28928068
2018/2/5	18.68	18.8	18.37	18.64	1101039	20459886
2018/2/2	18.45	19	18.35	18.92	1710469	31984148
2018/2/1	19.4	19.54	18.15	18.4	3276062	61646660
2018/1/31	19.05	19.42	19.03	19.42	1531876	29407770
2018/1/30	19.47	19.51	19.14	19.16	1399763	26926366
2018/1/29	19.42	19.55	19.28	19.45	1457302	28223874
2018/1/26	19.59	19.8	19.35	19.37	1857280	36207920
2018/1/25	20.13	20.45	19.7	19.7	2332743	46563964
2018/1/24	19.8	20.3	19.73	20.12	3105083	62427208
2018/1/23	19.68	19.94	19.59	19.72	1893421	37425660
2018/1/22	19.1	20.58	19	19.97	3412882	67749408
2018/1/19	19.56	19.9	19.37	19.45	1657704	32567270
2018/1/18	19.06	20.5	19.06	19.62	2540598	50323384
2018/1/17	19.63	19.78	18.77	19.28	2769800	53138808
2018/1/16	19.83	19.85	19.35	19.63	2145440	42012016
2018/1/15	20.15	20.49	19.3	19.69	3048017	60836840
2018/1/12	20.63	20.87	20.26	20.3	2318016	47364256
2018/1/11	20.18	20.99	20.15	20.78	3392740	70246936
2018/1/10	20.75	20.85	20.11	20.33	3122604	63633848
2018/1/9	20.96	21	20.57	20.85	2555578	53067744
2018/1/8	21.32	21.49	20.73	21.02	3878805	81350080
2018/1/5	21.21	21.95	21.11	21.59	5350879	115600552
2018/1/4	21.55	21.72	21.12	21.22	3201101	68147024
2018/1/3	20.88	21.6	20.88	21.51	4683497	99739816
2018/1/2	20.93	20.98	20.31	20.98	2709616	56188824
2017/12/29	20.79	21.16	20.71	20.77	2229890	46561536
2017/12/28	20.76	21.35	20.53	20.87	2957730	62196724
2017/12/27	21.35	21.64	20.83	21.01	3592645	76232528
2017/12/26	21.15	21.63	21.15	21.51	3272070	70031288
2017/12/25	21.47	21.74	21.18	21.4	3120731	66997728
2017/12/22	21.58	22.97	21.45	21.8	5553175	122742104
2017/12/21	21.3	21.49	20.5	21.42	4017208	84797016
2017/12/20	21.67	21.76	21.1	21.16	3333120	71083248
2017/12/19	21.27	21.8	21.04	21.58	3942994	84798112
2017/12/18	23.05	23.08	21.16	21.26	6541212	141418896
2017/12/15	23.5	24.2	23.15	23.35	7313072	172812704
2017/12/14	23.13	23.4	22.91	23.3	4374837	101348624
2017/12/13	22.89	23.56	22.88	23.31	4350017	100848080
2017/12/12	23.23	23.95	23.01	23.11	5506326	128695056
2017/12/11	23.59	23.84	23.11	23.47	8373408	196390400
2017/12/8	23.07	24.72	22.95	23.89	13366091	314016800
2017/12/7	20.37	22.72	20.37	22.72	3418119	75540120
2017/12/6	20.15	20.87	19.81	20.65	3187474	64900548
2017/12/5	20.82	21.5	20.16	20.35	3472738	72341432
2017/12/4	21.98	21.98	20.12	20.53	5225534	109658672
2017/12/1	21.81	22.09	21.39	21.94	3881302	84500424
2017/11/30	22.88	22.88	21.71	22.02	6294245	139063152
2017/11/29	23.7	23.86	23	23.2	5014599	116851192
2017/11/28	23.3	24.29	22.88	24.02	6656220	156835488
2017/11/27	22.94	24.35	22.85	23.55	7029025	166437200
2017/11/24	23.85	24.63	22.81	22.85	6809256	161762224
2017/11/23	25.14	25.45	23.73	23.78	9191990	224003680
2017/11/22	25.39	26.17	25.18	25.53	9873614	253350336
2017/11/21	25.04	27.04	25.03	26.29	17564675	459009568
2017/11/20	21.5	25.15	20.8	25.15	10339316	239347200
2017/11/17	23.67	24.06	22.65	22.86	14271554	335441952
2017/11/16	20.88	22.66	20.76	22.66	4260479	95121888
2017/11/15	21.03	21.83	20.23	20.6	7147874	149673136
2017/11/14	23.32	23.87	22.22	22.4	11116453	255423312
2017/11/13	20.97	21.76	20.17	21.76	7806028	167146032
2017/5/11	32.51	32.51	30.45	31.74	1226385	38745632
2017/5/10	33.39	33.76	33.05	33.08	1041301	34712764
2017/5/9	34.19	34.43	33.01	33.76	1282570	42974496
2017/5/8	33.68	36.43	33.38	34.8	1859633	64244196
2017/5/5	34.18	34.58	33.5	33.75	620605	21201550
2017/5/4	35.5	35.5	34.58	34.58	626137	21833868
2017/5/3	35.19	36	34.73	35.17	772952	27242196
2017/5/2	34.86	35.82	34.48	35.18	819654	28695404
2017/4/28	34.5	35.01	34.28	34.87	646984	22479982
2017/4/27	34.25	35	33.6	34.67	1101176	37785352
2017/4/26	33.76	34.37	33.5	34.27	900229	30616466
2017/4/25	33.8	34.28	33.53	33.56	616298	20815826
2017/4/24	35.84	35.84	33.15	33.6	942398	32121504
2017/4/21	35.8	36.14	35.7	35.82	464850	16688904
2017/4/20	36.06	36.37	35.57	35.7	651969	23371604
2017/4/19	37.2	37.2	35.36	36.07	1100316	39673224
2017/4/18	38.02	38.37	37.03	37.23	846588	31968010
2017/4/17	39.3	39.37	37.58	37.97	1076085	41207796
2017/4/14	40.1	40.1	38.5	39.15	1280305	50014708
2017/4/13	41.12	41.36	39.63	39.89	2096806	84023632
2017/4/12	39.08	41.8	38.92	41.1	3632567	148580064
2017/4/11	38	39.15	37.5	39.06	1217184	46996436
2017/4/10	38.84	39.1	38.01	38.04	1137207	43708592
2017/4/7	38.76	39.23	38.66	38.83	825381	32120866
2017/4/6	38.9	39.45	38.43	38.98	877146	34072040
2017/4/5	38.71	39.18	38.42	39.14	938952	36449260
2017/3/31	39.11	39.11	38.36	38.56	620643	23998644
2017/3/30	39.86	40.08	38	38.78	1242345	48068224
2017/3/29	40.05	40.55	39.95	39.99	942123	37834388
2017/3/28	40.59	40.79	40.18	40.25	690804	27868394
2017/3/27	40.8	40.8	40.2	40.53	676814	27404874
2017/3/24	40.15	40.72	40.01	40.4	780233	31461280
2017/3/23	40.65	40.9	39.8	40.2	1225930	49420180
2017/3/22	40.85	41	40.31	40.52	1038420	42085820
2017/3/21	41.3	41.38	40.85	41.1	852356	34963504
2017/3/20	41.35	41.57	40.78	41.06	952173	39017588
2017/3/17	41.9	42.45	41.25	41.35	1607300	67335952
2017/3/16	41.1	42.17	41	41.99	1634480	68077200
2017/3/15	41.12	43.77	40.52	41.78	2396656	101603576
2017/3/14	41.1	41.48	40.85	41.03	814625	33532364
2017/3/13	40.81	41.29	40.01	40.97	1030539	42096204
2017/3/10	40.56	41.18	40.56	40.72	939107	38353712
2017/3/9	41.39	41.45	40.2	40.43	1505126	61168028
2017/3/8	42.5	42.65	41.2	41.26	1571327	65455176
2017/3/7	41.41	42.5	41.38	42.37	1588828	66761740
2017/3/6	40.9	41.45	40.62	41.31	783956	32349788
2017/3/3	40.58	40.88	40.26	40.82	1048166	42534420
2017/3/2	41.68	41.95	40.61	41.03	1234464	50795920
2017/3/1	42	42.78	41.65	41.89	1194429	50490992
2017/2/28	41.71	42.28	41.71	41.85	877622	36815100
2017/2/27	42.07	42.55	41.88	42.03	824955	34848316
2017/2/24	42.1	42.48	42.02	42.28	952908	40204164
2017/2/23	42.62	43.2	42.16	42.56	1357399	57744304
2017/2/22	42.09	45	42	43.33	2295645	100312440
2017/2/21	41.64	42.38	41.58	42.09	1114124	46812688
2017/2/20	41.71	42.14	40.68	41.65	1435068	59302160
2017/2/17	43.19	43.47	42.01	42.14	1173460	49888036
2017/2/16	43.26	43.9	42.55	43.19	1350326	58153140
2017/2/15	43.06	44.38	43.06	43.43	1829219	80191576
2017/2/14	44.1	44.1	43.12	43.43	1156708	50225504
2017/2/13	43.43	44.47	42.55	44.18	1870549	81541688
2017/2/10	45.02	45.18	43.82	43.96	1861199	82397504
2017/2/9	45.35	46.18	44.81	45.4	2158423	98056128
2017/2/8	45.53	45.53	44.7	45.36	2121153	95721080
2017/2/7	45.87	46.75	44.5	45.97	3328671	150818864
2017/2/6	44.5	47.5	43.53	45.8	5623022	254550000
2017/2/3	39.97	43.81	39.53	43.81	2505737	108336872
2017/1/26	39.8	40.29	39.4	39.83	933541	37034564
2017/1/25	40	40.26	39.55	39.86	738667	29519444
2017/1/24	40.13	40.72	39.78	39.8	710476	28506384
2017/1/23	40.27	40.88	39.52	40.1	951205	38132936
2017/1/20	38.1	40.4	38.1	40.28	1779266	70514720
2017/1/19	39.5	39.5	37.92	37.99	1087149	42121988
2017/1/18	40.16	40.47	39.36	39.77	668591	26619560
2017/1/17	39.29	40.96	38.5	40.29	1197392	47898780
2017/1/16	43.3	43.5	38.97	39.3	1613842	65376868
2017/1/13	43.15	43.8	42.58	43.3	1379631	59580792
2017/1/12	43.8	44.21	42.6	42.75	1468753	63274612
2017/1/11	45	45.19	44	44.02	1021202	45430396
2017/1/10	45.1	45.38	45	45.06	684236	30906720
2017/1/9	45.6	45.62	44.8	45.08	1108353	50052500
2017/1/6	46.63	46.88	45.8	45.96	1044527	48074172
2017/1/5	47.01	47.41	46.58	46.62	983823	46058692
2017/1/4	46.68	47.75	46.18	47.29	1163992	54825704
2017/1/3	46.45	46.95	46.1	46.46	696176	32362934
2016/12/30	47.19	47.79	46.01	46.35	973710	45365988
2016/12/29	47.5	47.83	47.1	47.21	671289	31866734
2016/12/28	47.43	48.1	47.4	47.5	663832	31650060
2016/12/27	47.1	48.02	47.1	47.65	996190	47470188
2016/12/26	46.3	48.2	46.3	47.73	1422082	67735536
2016/12/23	48.7	48.77	46.25	46.6	1461709	69441656
2016/12/22	49.22	49.29	48.37	48.68	853647	41573156
2016/12/21	48.65	49.35	48.1	48.88	1304956	63558352
2016/12/20	49.11	49.4	48.22	48.78	1118460	54570184
2016/12/19	48.96	50.48	48.7	49.55	1715980	85295640
2016/12/16	48.64	49.14	48.15	48.9	1195605	58432820
2016/12/15	47.81	49.1	47.8	48.27	1357797	65775968
2016/12/14	49.05	49.95	48	48.06	1956163	95449784
2016/12/13	51.02	51.3	47.38	49.53	2699254	133384272
2016/12/12	51.9	54.56	51.5	52.59	3551091	187935216
2016/12/9	51.22	52.8	51.22	52	1506630	78483712
2016/12/8	52.7	52.75	51	51.22	1477000	76472216
2016/12/7	52.4	52.82	51.55	52.65	1247858	65280000
2016/12/6	51.99	52.97	51.6	52.37	1123631	58685736
2016/12/5	50.8	52.26	50.31	51.75	1099271	56654260
2016/12/2	52.79	53.3	51.52	51.71	1350297	70758208
2016/12/1	53.4	53.53	52.32	52.58	1477094	77915008
2016/11/30	52.9	53.8	51.52	53.44	1866192	98178720
2016/11/29	55.09	55.5	53.01	53.02	3096786	167711664
2016/11/28	55	57.99	55	55.98	3347258	189473056
2016/11/25	54.3	55.55	54	54.79	2591925	142375472
2016/11/24	56.05	56.5	54.21	54.43	3424857	188754240
2016/11/23	58.11	58.55	56.51	56.6	3816844	218294432
2016/11/22	59	59.3	58.05	58.62	3661972	214165152
2016/11/21	58.72	59.81	57.33	59.37	5056472	296689056
2016/11/18	57.5	60	56.56	58.6	6902494	404141568
2016/11/17	55.47	56.11	54.5	55.65	2380241	131756168
2016/11/16	56.01	57	54.8	55.74	3835556	213840752
2016/11/15	56.1	56.99	55.42	56.13	3077581	172916928
2016/11/14	58.27	58.57	55.5	55.91	5562815	313843328
2016/11/11	60.35	62.2	58.5	59.27	6432336	386251072
2016/11/10	59.48	59.88	58.4	59.3	5724973	338686880
2016/11/9	59.15	60.3	57.75	59.15	6565536	385665024
2016/11/8	59.31	61.88	58.01	59.13	6066532	360630656
2016/11/7	57.8	62.06	57.61	59.75	8469375	511034976
2016/11/4	55.92	60.48	55.68	58.6	10406569	610397632
2016/11/3	63	64.22	57.42	57.5	15757592	965825984
2016/11/2	57	59.66	56.21	59.66	10093416	588216320
2016/11/1	48.9	54.24	48.9	54.24	4331393	229206848
2016/10/31	51.01	52.27	48.1	49.31	5508423	274402560
2016/10/28	52	55.6	51.78	52.99	11393348	608503744
2016/10/27	46.19	50.66	46	50.66	2369088	117210800
2016/10/26	46.5	46.65	45.8	46.05	1382241	63669432
2016/10/25	46.65	46.77	46.14	46.6	1283608	59661052
2016/10/24	45.9	46.88	45.56	46.57	1639701	75787584
2016/10/21	46.87	46.91	45.42	46.01	1630217	74894904
2016/10/20	45.87	47.16	45.73	46.64	1547461	72013344
2016/10/19	46.3	46.36	45.7	46.04	1309687	60041560
2016/10/18	45.6	46.06	45.4	46.03	1153832	52901356
2016/10/17	47	47	45.51	45.66	2467279	113398432
2016/10/14	47.2	47.53	46.9	47.17	1331304	62714116
2016/10/13	48.1	48.1	47.3	47.4	1612878	76650488
2016/10/12	47.36	48.1	47.02	48.04	1998082	95347368
2016/10/11	47.5	47.89	47.01	47.29	1678853	79563880
2016/10/10	47.5	47.99	46.7	47.35	1932613	91362032
2016/9/30	45.66	47.35	45.21	47.07	2080841	97348712
2016/9/29	45.1	45.89	45.01	45.44	1079367	49188900
2016/9/28	45.75	45.8	44.88	44.97	690301	31094364
2016/9/27	44.6	45.6	44.6	45.5	1082558	48849924
2016/9/26	46.69	46.69	44.5	44.67	1188168	54033168
2016/9/23	47.37	47.37	46.21	46.3	1331145	62106328
2016/9/22	46.01	47.8	45.85	47.32	2176570	102234408
2016/9/21	46.1	46.42	45.8	45.82	705900	32434548
2016/9/20	46.1	46.48	45.66	46.13	911312	42034584
2016/9/19	45.41	46.3	45.3	46.04	1027793	47093272
2016/9/14	45.32	45.5	45.05	45.14	739571	33456056
2016/9/13	45.95	45.95	45.22	45.32	820799	37278196
2016/9/12	45.4	46.31	44.99	45.3	1176742	53543788
2016/9/9	47.6	48.13	46.5	46.51	1739547	81833128
2016/9/8	47.14	48.46	46.89	47.81	1826963	87210376
2016/9/7	47.14	47.9	46.8	47.17	1408666	66535212
2016/9/6	46.4	47.16	45.5	47.12	1159401	53919804
2016/9/5	46.02	47.29	46.02	46.4	1049145	48979492
2016/9/2	47.59	47.7	45.9	46.15	1550501	72428032
2016/9/1	48.5	48.96	47.25	47.25	1973295	93927160
2016/8/31	47.67	49.15	47.36	48.48	2194140	106277544
2016/8/30	47.9	48.17	47.03	47.67	1182564	56321992
2016/8/29	47.5	48.98	47.5	47.68	1409323	67389536
2016/8/26	47.99	50.2	47.74	48.6	2329276	113723224
2016/8/25	49	49.05	46.88	48.05	1913668	91233160
2016/8/24	48.51	49.7	48.51	48.93	1821549	89207048
2016/8/23	49.7	50	48	48.73	3057106	149363952
2016/8/22	50.44	51.78	49.58	50.57	3432547	174825856
2016/8/19	51.01	51.4	50.01	50.12	3014115	152347744
2016/8/18	51	52.97	50.31	51.6	4212309	217818208
2016/8/17	50.27	53.2	49.56	51.45	5120264	265753392
2016/8/16	49.6	51.5	48.92	50.2	4495316	225065776
2016/8/15	47.7	52.45	47.68	49.89	5511693	278637216
2016/8/12	47.18	47.68	45.55	47.68	2880470	134358112
2016/8/11	47	48.48	46.62	47.16	1830014	87174808
2016/8/10	48.58	48.65	47.5	47.52	2434181	116664440
2016/8/9	47.22	49	47.22	48.41	2634539	127379168
2016/8/8	48.98	49	47	47.86	2410786	115119944
2016/8/5	49.65	49.78	47.25	48.7	4329393	210199120
2016/8/4	51.5	52.5	49.82	50.11	5940960	305027872
2016/8/3	45.15	49.63	45.15	49.63	3553155	171392928
2016/8/2	44.47	45.55	44.47	45.12	1845000	83275720
2016/8/1	47.02	47.38	44.02	44.51	2489059	111802936
2016/7/29	47.65	48.78	47.07	47.45	1824726	87369360
2016/7/28	49.38	49.49	46.69	47.36	2835922	135690096
2016/7/27	53	53.13	48.35	49	3529970	177410864
2016/7/26	53	53.76	52.82	53.12	1713552	91054352
2016/7/25	52.1	54.66	51.96	52.8	2667777	142114560
2016/7/22	55.04	55.63	52.34	52.56	3898580	209103232
2016/7/21	55.82	56.7	55.2	55.22	2682559	149347632
2016/7/20	58	58.6	56	56.22	3677270	209589456
2016/7/19	55.59	58.9	54.56	58.15	5063389	288816448
2016/7/18	55.45	57.29	54.83	56.14	3367081	189505696
2016/7/15	56.51	56.98	54.58	55.71	3838927	213673968
2016/7/14	57.77	59.17	55.1	55.91	4886764	275936544
2016/7/13	58.81	61.5	57.6	58.09	8295546	494209600
2016/7/12	52.73	57.75	52.01	57.75	6098385	333145568
2016/7/11	57.75	57.87	52.48	52.5	4918184	269309728
2016/7/8	56.88	58.3	56.52	57.13	3137903	180513856
2016/7/7	57.5	57.99	55.1	57.71	4641892	262616096
2016/7/6	58.71	59	57.16	57.93	4641758	269275040
2016/7/5	59.65	60.68	56.88	59.38	6983534	408561952
2016/7/4	58.68	60.5	58.68	58.99	6752119	401733536
2016/7/1	62.05	63.87	59.7	63	8514621	525178080
2016/6/30	57.8	65.01	56.6	62.27	11136810	680655360
2016/6/29	55.8	61.01	55.46	59.1	11017326	652286784
2016/6/28	50.42	55.46	50.11	55.46	6169222	330680608
2016/6/27	47.79	51.6	47.29	50.42	7085119	354589312
2016/6/24	49.96	50.8	47.21	48.2	9435597	457488832
2016/6/23	48	56.33	48	52.45	12205416	616258048
2016/6/22	51.21	51.21	51.21	51.21	115100	5894271
2015/12/21	56.8	58.49	55.55	56.9	5252823	300268256
2015/12/18	60.21	62	55.8	55.84	7301889	422630016
2015/12/17	54.06	59.33	54.06	59.33	7595434	437203008
2015/12/16	53	56.17	52.14	53.94	8059771	436936768
2015/12/15	47.32	52.14	47.3	52.14	4670580	239720288
2015/12/14	45.88	47.52	45.36	47.4	1999469	93244344
2015/12/11	46.78	47.95	46.54	47.26	2318396	109546496
2015/12/10	48.9	48.92	46.03	46.65	3873588	184926880
2015/12/9	48.74	50.8	47.8	49.21	4140375	204651760
2015/12/8	49.2	49.99	47.82	48.7	4323332	210574912
2015/12/7	49.7	53	49.1	50.61	5821813	298212064
2015/12/4	48.8	50	48	49.58	4539314	222339168
2015/12/3	47.59	50.29	47	49.45	4821169	236326640
2015/12/2	47.8	50.5	46.01	48.3	4830474	233890224
2015/12/1	50.4	51.27	47.01	47.5	5666482	279995488
2015/11/30	50.01	51.7	48.28	51.29	6319349	315952960
2015/11/27	52.56	54.79	48.21	50.34	8936596	465414336
2015/11/26	60	60	53.55	53.55	14192585	793293184
2015/11/25	59.5	59.5	59.5	59.5	977994	58190644
2015/11/24	52.18	54.09	51.4	54.09	2362857	124646264
2015/11/23	49.17	49.17	46.9	49.17	3725873	181168864
2015/11/13	40.75	44.7	40	44.7	7216168	315646848
2015/11/12	41.32	42.12	40.41	40.64	3853181	157712912
2015/11/11	41.8	42.41	40.56	41.4	4299212	177533248
2015/11/10	39.5	42.6	39	41.8	6200943	254464240
2015/11/9	39.1	40.2	38.2	39.58	5552684	218171408
2015/11/6	37.85	41.3	37.72	40.45	7092109	285758144
2015/11/5	40.3	41.41	38.01	39.08	7957029	316076640
2015/11/4	34.6	37.95	34.6	37.95	4938989	184707856
2015/11/3	34.35	35.18	33.77	34.5	4233865	146411328
2015/11/2	34.5	36.13	33.06	33.77	5095832	177722784
2015/10/30	37.8	37.8	35.15	36.41	5611078	205654464
2015/10/29	38.34	40.5	38.1	38.73	5170703	203977776
2015/10/28	38.89	39.98	37.01	37.94	5134724	197909248
2015/10/27	39	39.7	36.73	38.77	7135759	272054464
2015/10/26	43	44	40.81	40.81	9555510	395109824
2015/10/23	40.7	45.34	39.9	45.34	9759794	424186112
2015/10/22	38.15	42.97	38.15	41.22	7950359	320616768
2015/10/21	42.25	43.22	39.69	39.69	8043134	334405856
2015/10/20	47.3	48.88	43.02	44.1	13171180	605242816
2015/10/19	40.39	44.44	39.72	44.44	9250187	400668608
2015/10/16	40.1	43.78	39.63	40.4	10457019	428468096
2015/10/15	38.25	40.68	38.25	40.54	8346222	332539520
2015/10/14	39	40.97	38.63	39.4	8121237	323419296
2015/10/13	40.4	41.4	38.97	39.85	9304834	373787648
2015/10/12	42.2	42.5	39.8	42.5	14247468	592585664
2015/10/9	36.83	38.64	36.51	38.64	2406261	91108272
2015/10/8	32.58	35.13	32.4	35.13	5008282	170402288
2015/9/30	29.69	31.94	29.65	31.94	6927728	212662352
2015/9/29	25.29	29.04	25	29.04	4795921	132532936
2015/9/28	25.44	26.58	24.22	26.4	3832028	97346168
2015/9/25	27.38	28.69	25.23	25.36	3392609	91983136
2015/9/24	27.67	29.49	27.03	27.8	4075162	115515960
2015/9/23	26.14	28.19	26	27.62	4165088	113873544
2015/9/22	26.7	27.9	25.9	27.07	4490472	119964112
2015/9/21	23.32	26.28	23.32	26.28	4975027	127341792
2015/9/18	23.55	24.58	23.36	23.89	2578019	61593364
2015/9/17	24.54	25.89	23.31	23.55	5561610	135738256
2015/9/16	23.49	25.58	22.62	25	5324230	128819184
2015/9/15	23.73	25	23.31	23.5	6032269	142558912
2015/9/14	28.24	28.6	25.9	25.9	3300159	89177048
2015/9/11	28.5	29.6	27.01	28.78	5437065	153989440
2015/9/10	27	29.93	27	29	6178318	176057360
2015/9/9	26.27	28.99	25.84	28.1	7346050	203354992
2015/9/8	24.73	26.63	24.71	26.35	4819860	124860272
2015/9/7	25.1	27.14	24.55	24.95	6669182	173070704
2015/9/2	26.4	28.9	25.84	25.84	9943919	261935280
2015/9/1	25.83	28.71	25.54	28.71	10336828	294065344
2015/8/31	27	27.7	25.41	26.1	4548296	122349880
2015/8/28	26.2	28.16	26	28.16	6089033	165613280
2015/8/27	27.73	28.35	23.87	25.6	7075764	183489712
2015/8/26	28.13	30.17	26.52	26.52	6284368	178427152
2015/8/25	29.33	30.49	29.11	29.11	5069802	149172272
2015/8/24	33.52	34.15	32.34	32.34	3749348	123640520
2015/8/21	37.35	40.6	35.93	35.93	6761985	256493776
2015/8/20	42.7	43.91	39.92	39.92	9311428	385266880
2015/8/19	41.6	46.19	39.6	44.35	13000883	558648128
2015/8/18	43.54	43.54	41.01	43.54	11305161	489977024
2015/8/17	39.58	39.58	39.58	39.58	64267	2543687.75
2015/8/14	35.98	35.98	35.98	35.98	44254	1592258.88
2015/8/13	32.71	32.71	32.71	32.71	42205	1380525.5
2015/8/12	29.74	29.74	29.74	29.74	259374	7713783
2015/3/23	26.3	28.6	26.05	27.04	5600564	150342736
2015/3/20	25	26.28	24.5	26.2	2631648	67001148
2015/3/19	23.88	25	23.54	25	2684787	65114828
2015/3/18	23.49	24.36	23.03	24	1898133	44566732
2015/3/17	23.51	24.25	22.96	23.49	1621074	38261912
2015/3/16	22.45	23.82	22.45	23.79	1536868	35772916
2015/3/13	21.91	22.58	21.91	22.44	1231406	27527822
2015/3/12	22.34	22.56	21.6	21.82	1581000	34695692
2015/3/11	22	22.58	21.85	22.28	1290979	28852192
2015/3/10	21.75	22.44	21.34	22.05	1604516	35170960
2015/3/9	21.57	21.85	21.01	21.62	1788147	38220528
2015/3/6	22.18	22.18	20.6	21.35	1985046	42333088
2015/3/5	22.43	22.5	22.03	22.13	818880	18171002
2015/3/4	22.28	22.5	21.81	22.45	1373271	30457564
2015/3/3	21.6	23.78	21.29	22.34	5439876	121796792
2015/3/2	20.1	22.1	19.9	22	4162487	87776304
2015/2/27	19.3	20.4	19.14	20.09	2458706	48234196
2015/2/26	19.15	19.3	19.1	19.29	834698	16023911
2015/2/25	19.25	19.45	18.88	19.12	888991	16955822
2015/2/17	18.7	19.49	18.55	19.26	2172722	41485936
2015/2/16	18.43	18.67	18.38	18.6	808528	14985080
2015/2/13	18.37	18.7	18.29	18.48	705591	13006348
2015/2/12	18.24	18.44	18	18.28	757550	13808125
2015/2/11	18.2	18.39	17.98	18.15	923266	16719876
2015/2/10	18.28	18.28	18	18.15	497113	8994294
2015/2/9	18.5	18.7	17.93	18.45	566400	10313658
2015/2/6	18.75	18.75	18.29	18.48	708511	13065370
2015/2/5	19.06	19.22	18.64	18.66	2029001	38480732
2015/2/4	18.6	19	18.26	18.75	1491520	27842604
2015/2/3	18.7	18.85	18.14	18.53	1303146	23997728
2015/2/2	18.37	19.09	18	18.86	3126797	58326612
2015/1/30	17.99	18.56	17.99	18.38	1270229	23223430
2015/1/29	18.2	18.44	17.92	17.99	799840	14501331
2015/1/28	18.3	18.46	17.92	18.28	814606	14837035
2015/1/27	18.22	18.78	18.06	18.69	1282050	23530554
2015/1/26	18.51	18.51	17.6	18.42	1704886	30838972
2015/1/23	19.4	19.4	18.44	18.73	4232716	80460728
2015/1/22	18.75	19.49	18.35	19.4	2800395	52991956
2015/1/21	17.65	18.76	17.45	18.75	3111656	56633260
2015/1/20	17.35	17.64	17	17.64	1144747	19949326
2015/1/19	17	17.7	16.7	17.3	755387	13044200
2015/1/16	17.34	17.58	17.08	17.5	832395	14381140
2015/1/15	17.18	17.25	16.93	17.25	475204	8141584.5
2015/1/14	17.08	17.19	16.86	17.1	450300	7663802.5
2015/1/13	16.87	17.19	16.72	17.06	937723	15916938
2015/1/12	17.19	17.34	16.45	16.86	592462	9921235
2015/1/9	17.2	17.5	17.1	17.2	709452	12265801
2015/1/8	17.33	17.33	16.9	17.18	398935	6822423.5
2015/1/7	17.4	17.45	17.15	17.3	614014	10608851
2015/1/6	17.35	17.4	17	17.3	635861	10914465
2015/1/5	17.18	17.5	16.92	17.38	760351	13032329
2014/12/31	16.9	17.15	16.71	17.1	797630	13475112
2014/12/30	16.88	17.15	16.61	16.8	451477	7558897.5
2014/12/29	17.42	17.42	16.6	16.94	1087644	18287940
2014/12/26	17.65	17.78	17.14	17.43	639710	11132220
2014/12/25	17.08	17.56	16.8	17.56	857599	14717401
2014/12/24	16.56	17.1	16.26	17.09	720771	12071248
2014/12/23	16.22	17	15.77	16.55	1009566	16486013
2014/12/22	18.01	18.01	16.54	16.54	2049989	34259448
2014/12/19	19.66	19.66	18	18.38	2957015	54321736
2014/12/18	18.69	20.51	18.63	19.9	5943423	116606584
2014/12/17	18.36	18.8	17.96	18.69	1785283	32849000
2014/12/16	18.32	18.4	17.91	18.4	1056575	19191446
2014/12/15	18.19	18.19	17.8	18.16	893534	16081495
2014/12/12	17.68	18.21	17.35	18.06	1947602	34579276
2014/12/11	17.19	17.56	16.9	17.5	1001972	17316670
2014/12/10	16.25	17.4	16.18	17.19	1205959	20464054
2014/12/9	17.7	17.7	16.14	16.35	2884752	48374936
2014/12/8	18.2	18.22	17.61	17.66	1610158	28668564
2014/12/5	19.45	19.45	17.53	18.2	1703253	31495016
2014/12/4	19.78	19.78	19.4	19.43	1481741	28874160
2014/12/3	19.9	20.18	19.4	19.63	1098073	21664404
2014/12/2	19.31	20.31	19.31	19.9	1494595	29545358
2014/12/1	20	20	19.1	19.25	1118895	21843382
2014/11/28	20.02	20.15	19.8	20.06	1139261	22688774
2014/11/27	19.9	20.25	19.8	20.02	1093127	21866690
2014/11/26	19.95	20.04	19.65	19.93	1232801	24425284
2014/11/25	20.54	20.54	19.85	19.95	2040551	40810872
2014/11/24	22.3	22.3	18.24	20.61	4604522	96608280
2014/11/21	19.98	20.59	19.82	20.27	1727440	34953612
2014/11/20	19.98	19.98	19.7	19.81	562001	11133741
2014/11/19	19.8	19.87	19.57	19.81	828389	16354699
2014/11/18	19.6	19.78	19.41	19.69	716166	14017884
2014/11/17	19.48	19.8	19.32	19.48	837041	16327915
2014/11/14	19.55	19.74	19.15	19.35	667140	12921009
2014/11/13	20.49	20.79	19.35	19.48	2095244	41573756
2014/11/12	20.01	20.57	19.66	20.38	3955773	80028776
2014/11/11	20.36	20.49	18.92	20.24	3505405	69884264
2014/11/10	19.98	20.35	19.82	20.35	1769810	35640800
2014/11/7	20.17	20.65	20.01	20.06	1134826	22992520
2014/11/6	20.27	20.28	19.61	20.25	1509662	30101126
2014/11/5	20.15	20.48	20.13	20.26	893350	18131716
2014/11/4	20.5	20.5	20.02	20.17	1467234	29640686
2014/11/3	20.9	21	20.22	20.46	2088844	42738964
2014/10/31	21.3	21.79	20.53	20.88	2850683	60246400
2014/10/30	20.78	21.52	20.51	21.3	4290380	90349464
2014/10/29	20.33	21	20.13	20.78	3657401	74827296
2014/10/28	19.85	20.58	19.83	20.41	4200926	84628656
2014/10/27	19.53	20	19.27	19.85	1884974	37203496
2014/10/24	19.37	19.88	19.1	19.79	2531936	49288428
2014/10/23	19.98	20.12	19.01	19.49	3344815	64913860
2014/10/22	19.98	20.35	19.9	20.1	3054297	61352520
2014/10/21	20.87	21.19	20.2	20.2	5362812	109986640
2014/10/20	22.38	22.96	21.54	21.54	6919080	151959168
2014/10/17	21.85	24.4	20.52	23.93	5818580	131880104
2014/10/16	19.99	22.22	19.63	22.22	3849158	79384536
2014/10/15	19.1	20.59	18.98	20.2	2074359	40751280
2014/10/14	18.93	19.5	18.71	19.1	1107303	21265048
2014/10/13	19.18	19.27	18.7	18.93	965011	18272538
2014/10/10	19.48	19.59	19.18	19.37	1466269	28280978
2014/10/9	19.55	19.97	19	19.6	1983056	38415208
2014/10/8	18.92	20	18.59	19.8	1809023	34331064
2014/9/30	18.7	18.93	18.62	18.88	1178910	22166864
2014/9/29	18.63	18.95	18.52	18.67	1390444	25922524
2014/9/26	18.94	18.99	18.51	18.63	935282	17503046
2014/9/25	19	19.4	18.64	18.98	1693515	32012736
2014/9/24	18.32	19.19	18.15	19	1605025	30138886
2014/9/23	18.08	18.4	17.86	18.32	957045	17441378
2014/9/22	18.4	18.55	18.07	18.07	1337505	24470078
2014/9/19	18.1	19.17	18.01	18.52	1752747	32737210
2014/9/18	18.16	18.31	17.95	18.13	1066918	19372530
2014/9/17	17.51	18.32	17.31	18.16	1346962	24192178
2014/9/16	18.65	18.65	17.5	17.5	1863234	33761680
2014/9/15	18.85	18.96	18.27	18.7	1904514	35140240
2014/9/12	18.67	18.98	18.51	18.85	1194712	22338724
2014/9/11	18.06	18.79	17.84	18.68	1797863	33238278
2014/9/10	18	18.18	17.69	18.05	1723702	30836474
2014/9/9	17.14	18.5	17.03	18.05	3469597	61838776
2014/9/5	17.15	17.17	16.85	17.08	744808	12657438
2014/9/4	17.29	17.53	16.99	17.27	1488410	25609914
2014/9/3	17.05	17.45	16.94	17.27	1519700	26114390
2014/9/2	16.82	17.05	16.78	17	1118931	18919554
2014/9/1	16.7	16.9	16.48	16.79	1150277	19167182
2014/8/29	16.68	16.95	16.41	16.7	537390	8934540
2014/8/28	16.8	17.08	16.53	16.56	1128042	18882014
2014/8/27	16.02	17.09	15.96	16.98	1264138	20893024
2014/8/26	16.4	16.55	15.88	16.02	1428802	23180804
2014/8/25	16.9	16.9	16.4	16.5	1025467	16998520
2014/8/22	17.11	17.27	16.83	16.9	1132740	19218648
2014/8/21	17.09	17.49	16.93	17.12	1192300	20350474
2014/8/20	16.88	17.27	16.74	17.26	1508819	25718220
2014/8/19	16.87	16.95	16.6	16.86	914423	15327462
2014/8/18	16.79	17	16.56	16.91	1934532	32305074
2014/8/15	16.22	17.3	15	17	1843887	30242540
2014/8/14	16.65	16.65	16.15	16.2	2106200	34469964
2014/8/13	16.36	16.89	16.08	16.65	1829178	30167382
2014/8/12	16.29	16.54	15.89	16.47	1401787	22581230
2014/8/11	16.15	16.4	15.9	16.4	1703817	27406246
2014/8/8	15.99	16.2	15.88	16.08	669967	10721532
2014/8/7	16.09	16.28	15.76	15.93	988045	15748382
2014/8/6	15.31	16.2	15.18	16.15	2396565	37682908
2014/8/5	15.35	15.38	15.15	15.37	854392	13034522
2014/8/4	15.37	15.65	15.1	15.35	986311	15057091
2014/8/1	15.36	15.47	15.08	15.4	966001	14789832
2014/7/31	15.37	15.58	15.05	15.34	846172	12917272
2014/7/30	15	15.6	14.83	15.45	1656454	25151952
2014/7/29	14.89	15.15	14.72	15.11	1482559	22069472
2014/7/28	14.7	14.95	14.41	14.94	1296509	19101948
2014/7/25	14.79	14.79	14.34	14.7	845595	12274553
2014/7/24	14.5	14.8	14.33	14.8	569422	8276563.5
2014/7/23	14.95	15.05	14.41	14.51	819084	12057610
2014/7/22	14.75	15.08	14.66	14.95	636316	9436854
2014/7/21	14.6	14.83	14.6	14.7	1309974	19227920
2014/7/18	14.8	14.92	14.6	14.69	729204	10775807
2014/7/17	14.97	15.09	14.8	14.8	527929	7853297.5
2014/7/16	15.05	15.3	14.86	15.07	522130	7888714
2014/7/15	15.1	15.15	14.81	15.07	1088125	16300076
2014/7/14	14.95	15.2	14.82	15.1	667475	10015964
2014/7/11	14.75	15.08	14.75	15.04	903116	13457444
2014/7/10	14.77	14.96	14.71	14.87	824158	12228938
2014/7/9	15.3	15.63	14.86	14.86	1830718	27536578
2014/7/8	14.82	15.45	14.82	15.3	1860706	28216026
2014/7/7	14.75	15	14.52	14.82	1508962	22436206
2014/7/4	14.33	14.85	14.33	14.73	2698731	39502168
2014/7/3	14.04	14.38	13.94	14.31	803595	11382614
2014/7/2	14.32	14.39	14.01	14.06	723982	10205986
2014/7/1	14.24	14.3	14.02	14.29	539999	7693054
2014/6/30	14.02	14.34	13.88	14.2	505499	7172232.5
2014/6/27	14.07	14.3	13.98	14	757033	10713670
2014/6/26	13.97	14.11	13.81	14.09	491420	6868959.5
2014/6/25	13.85	13.98	13.77	13.97	593068	8236312.5
2014/6/24	13.7	13.85	13.57	13.84	490142	6738788.5
2014/6/23	13.34	13.75	13.25	13.7	757347	10284405
2014/6/20	13.26	13.33	13.16	13.33	236358	3126876.5
2014/6/19	13.46	13.51	13.13	13.25	342599	4530560.5
2014/6/18	13.67	13.7	13.3	13.44	712549	9575952
2014/6/17	13.6	13.86	13.55	13.67	426805	5826131.5
2014/6/16	13.49	13.67	13.41	13.65	968932	13140859
2014/6/13	13.29	13.59	13.24	13.49	1159869	15629080
2014/6/12	13.28	13.32	13.1	13.29	374692	4956023
2014/6/11	13.13	13.33	12.98	13.26	1580324	20774654
2014/6/10	13.05	13.2	12.94	13.11	797127	10395748
2014/6/9	13.03	13.1	12.92	13	320186	4166216
2014/6/6	12.95	13.05	12.83	13	543155	7041379
2014/6/5	12.85	12.96	12.67	12.93	215360	2766074
2014/6/4	12.97	12.97	12.63	12.85	262653	3347806.25
2014/6/3	12.94	13	12.89	12.89	216696	2804166.75
2014/5/30	12.95	13.01	12.8	12.94	604752	7809423.5
2014/5/29	13.08	13.1	12.86	12.93	812322	10526392
2014/5/28	12.99	13.05	12.83	13.05	402160	5221090.5
2014/5/27	13.06	13.06	12.9	12.97	369135	4781777.5
2014/5/26	12.95	13.06	12.91	13.03	385988	5015583
2014/5/23	12.89	12.96	12.73	12.9	411161	5298463.5
2014/5/22	12.82	12.94	12.73	12.85	282122	3629486
2014/5/21	12.65	12.84	12.53	12.79	369700	4698076.5
2014/5/20	12.65	12.79	12.6	12.68	469799	5952191.5
2014/5/19	12.7	12.7	12.5	12.64	322211	4054996
2014/5/16	12.78	12.79	12.56	12.7	156153	1973881.63
2014/5/15	12.98	12.98	12.66	12.74	245150	3143701
2014/5/14	13	13.17	12.86	12.95	405451	5247152.5
2014/5/13	12.79	13.35	12.68	12.96	900532	11665588
2014/5/12	12.8	13.01	12.49	12.85	744233	9474666
2014/5/9	12.9	12.9	12.49	12.67	174236	2197637.5
2014/5/8	12.79	12.98	12.72	12.88	240275	3089887.5
2014/5/7	12.95	12.99	12.75	12.79	281616	3619901.25
2014/5/6	12.74	13	12.7	12.96	429690	5531291
2014/5/5	12.76	12.78	12.58	12.71	281742	3564444.5
2014/4/30	12.98	12.98	12.62	12.77	446564	5690063
2014/4/29	12.53	13.01	12.44	13.01	496841	6274232
2014/4/28	13.6	13.6	12.4	12.52	540756	6930130.5
2014/4/25	13.69	13.77	13.52	13.54	389407	5283054
2014/4/24	13.8	13.85	13.5	13.61	419804	5700557
2014/4/23	14.5	14.5	13.5	13.85	688168	9652269
2014/4/22	13.92	14.35	13.81	14.15	1082553	15190443
2014/4/21	14.06	14.1	13.71	13.9	667320	9265402
2014/4/18	14.3	14.3	13.9	14.07	460750	6480791
2014/4/17	14.3	14.39	14.16	14.24	731831	10407492
2014/4/16	14.2	14.3	14.02	14.28	1052606	14931389
2014/4/15	14.2	14.37	14.02	14.15	1260469	17821218
2014/4/14	13.99	14.1	13.79	14.1	823644	11491303
2014/4/11	14	14.1	13.77	13.92	380144	5279489.5
2014/4/10	14.03	14.19	13.86	13.98	547024	7648854.5
2014/4/9	13.86	14.05	13.78	14.01	693521	9625821
2014/4/8	13.72	13.9	13.55	13.88	532782	7321901.5
2014/4/4	13.73	13.77	13.45	13.73	374172	5109686
2014/4/3	13.95	14	13.52	13.64	1111323	15304562
2014/4/2	13.6	14.92	13.52	13.97	2221080	31216940
2014/4/1	13.5	13.6	13.33	13.56	370221	5000167
2014/3/31	13.34	13.6	13.3	13.51	245220	3306271
2014/3/28	13.62	13.68	13.4	13.43	509969	6883648
2014/3/27	13.48	13.83	13.31	13.75	1044026	14239148
2014/3/26	13.47	13.7	13.47	13.57	404424	5473594
2014/3/25	13.84	13.84	13.41	13.46	621154	8438922
2014/3/24	13.82	13.82	13.46	13.75	794516	10849689
2014/3/21	13.29	13.77	13.12	13.74	971071	13149667
2014/3/20	13.47	13.72	13.31	13.34	943417	12779611
2014/3/19	13.3	13.4	13.1	13.4	492201	6537149
2014/3/18	13.18	13.54	13.05	13.29	1172512	15593117
2014/3/17	12.99	13.24	12.9	13.16	394168	5169867
2014/3/14	12.98	13.1	12.83	13	360813	4676392.5
2014/3/13	13.05	13.19	12.9	13	450848	5854839.5
2014/3/12	13.15	13.22	12.81	13	428827	5563997
2014/3/11	13.17	13.32	12.85	13.01	461344	6019431.5
2014/3/10	13.62	13.62	12.96	13.2	518652	6857671
2014/3/7	13.4	13.76	13.32	13.57	894363	12118634
2014/3/6	13.29	13.43	13.1	13.4	607221	8050503.5
2014/3/5	13.22	13.36	13.08	13.27	617384	8140362
2014/3/4	13.36	13.36	13.03	13.17	670581	8810006
2014/3/3	13.07	13.4	13.07	13.3	862983	11428322
2014/2/28	13.05	13.18	12.81	13.13	439021	5697584
2014/2/27	13.15	13.29	12.9	13.03	840752	11034034
2014/2/26	12.72	13.26	12.65	13.22	892226	11695129
2014/2/25	13.15	13.3	12.72	12.74	765369	9991497
2014/2/24	13.43	13.43	13.02	13.14	708134	9301709
2014/2/21	14.02	14.02	13.1	13.36	1049685	14135367
2014/2/20	14.25	15.2	13.82	13.88	1219857	17341842
2014/2/19	14.46	14.64	14	14.2	1254950	17857406
2014/2/18	14.53	14.73	14.18	14.47	1386077	19929344
2014/2/17	14.14	14.68	14.04	14.52	2454856	35140712
2014/2/14	14.2	14.24	13.64	14.14	1970005	27488416
2014/2/13	13.38	14.31	13.11	14.11	3722258	51192676
2014/2/12	13.38	13.95	13.2	13.38	1676416	22436846
2014/2/11	13.05	13.45	12.82	13.38	2729976	36198348
2014/2/10	12.67	13.29	12.67	12.99	1562689	20200408
2014/2/7	12.5	12.66	12.45	12.61	565247	7084141
2014/1/30	12.58	12.66	12.28	12.56	524143	6501450
2014/1/29	12.51	12.65	12.2	12.55	468900	5854629.5
2014/1/28	12.66	12.84	12.35	12.46	724302	9043534
2014/1/27	12.8	12.81	12.55	12.66	880957	11138825
2014/1/24	12.5	12.95	12.44	12.85	1654638	21148302
2014/1/23	12.55	12.7	12.32	12.55	550119	6877360.5
2014/1/22	12.2	12.64	12	12.57	925712	11483873
2014/1/21	11.92	12.14	11.8	12.1	206500	2491012
2014/1/20	12.04	12.09	11.85	11.97	210306	2507865
2014/1/17	12.13	12.13	11.95	12.09	309775	3720081.75
2014/1/16	12.16	12.23	12.08	12.16	202349	2452922
2014/1/15	12.23	12.23	12	12.14	309085	3733438
2014/1/14	12.15	12.23	12.02	12.21	311918	3779842.5
2014/1/13	11.94	12.1	11.9	12.1	207670	2491982
2014/1/10	12.12	12.35	11.94	12	396800	4783784
2014/1/9	12.45	12.65	12.16	12.3	686364	8499937
2014/1/8	11.98	12.75	11.9	12.75	475130	5758618
2014/1/7	12.2	12.2	11.8	11.93	561277	6707913
2014/1/6	12.35	12.46	12.1	12.18	292293	3564830.75
2014/1/3	12.57	12.6	12.31	12.5	382090	4750728
2014/1/2	12.58	12.6	12.35	12.58	466148	5825267.5
2013/12/31	12.4	12.58	12.26	12.5	591687	7385076
2013/12/30	12.48	12.6	12.34	12.34	346010	4309595
2013/12/27	12.25	12.47	12.25	12.46	430044	5326582.5
2013/12/26	12.38	12.38	12.08	12.28	306030	3725385.75
2013/12/25	12.06	12.4	12	12.4	455501	5565626.5
2013/12/24	11.98	12.08	11.7	12.03	373864	4488051
2013/12/23	11.87	11.95	11.46	11.95	291130	3423572.5
2013/12/20	12.06	12.35	11.8	11.87	352189	4216542
2013/12/19	12.35	12.35	12.04	12.12	264005	3204230.25
2013/12/18	12.29	12.29	11.98	12.11	375701	4534864
2013/12/17	12.41	12.41	12.08	12.12	510905	6203664.5
2013/12/16	12.57	12.76	12.3	12.41	613517	7647245
2013/12/13	12.62	12.68	12.37	12.42	591448	7404320
2013/12/12	12.4	12.8	12.38	12.63	807178	10164074
2013/12/11	12.63	12.65	12.37	12.47	734324	9211095
2013/12/10	12.49	12.65	12.47	12.58	627175	7882961.5
2013/12/9	12.36	12.7	12.3	12.48	523741	6571573.5
2013/12/6	12.16	12.38	12.12	12.36	526011	6478147
2013/12/5	12.25	12.34	12.08	12.25	466129	5698044
2013/12/4	12.01	12.34	12	12.22	690369	8447237
2013/12/3	11.54	12.14	11.45	12.06	699031	8302475
2013/12/2	12.5	12.51	11.57	11.63	1805587	21658320
2013/11/29	12.36	13.37	12.3	12.75	2122522	27351232
2013/11/28	12.17	12.53	12.17	12.35	935566	11619676
2013/11/27	12.04	12.38	12.04	12.3	868996	10630607
2013/11/26	12.05	12.19	12.04	12.12	424209	5138095.5
2013/11/25	12.12	12.27	12.02	12.1	477959	5795640.5
2013/11/22	12.38	12.45	12.1	12.18	596773	7303410
2013/11/21	12.12	12.2	11.95	12.13	863087	10416789
2013/11/20	12.2	12.24	11.96	12.18	634610	7673014
2013/11/19	12.06	12.22	11.85	12.2	1022459	12300081
2013/11/18	11.67	12.14	11.46	12.07	1633891	19488178
2013/11/15	11.23	11.68	11.2	11.48	787224	9046639
2013/11/14	11.05	11.26	10.9	11.26	591788	6595475.5
2013/11/13	11.3	11.42	11	11.1	566659	6348919.5
2013/11/12	11.27	11.47	11.27	11.44	485677	5528174.5
2013/11/11	11.25	11.44	11.08	11.35	477422	5369926
2013/11/8	11.47	11.63	11.25	11.25	651590	7429214.5
2013/11/7	11.87	11.93	11.45	11.5	941915	11007787
2013/11/6	11.6	12.42	11.6	11.93	1490176	17881716
2013/11/5	11.28	11.7	11.28	11.7	802135	9208012
2013/11/4	11.36	11.46	11.29	11.42	692467	7884394.5
2013/11/1	11.55	11.57	11.21	11.35	603196	6885391
2013/10/31	11.71	11.92	11.42	11.6	784798	9145847
2013/10/30	11.45	12.08	11.29	11.8	1131695	13224723
2013/10/29	11.94	12.03	11.04	11.4	1192420	13643787
2013/10/28	11.8	12	11.75	11.91	811251	9633581
2013/10/25	12.5	12.63	11.68	11.86	1298403	15721296
2013/10/24	12.41	12.73	12.37	12.57	844128	10626506
2013/10/23	12.88	12.88	12.38	12.49	1359530	17057054
2013/10/22	13.21	13.21	12.76	12.82	1533273	19802618
2013/10/21	12.78	13.29	12.73	13.2	2016562	26266434
2013/10/18	13.02	13.06	12.72	12.78	1536015	19789740
2013/10/17	13.56	13.7	12.5	12.98	2466686	32447786
2013/10/16	14.29	14.3	13.2	13.39	2439410	33504320
2013/10/15	14.26	14.92	13.61	14.5	5314200	75483696
2013/10/14	14.49	14.49	14	14.21	2618418	37149652
2013/10/11	14.3	14.58	14.12	14.49	3462118	49661956
2013/10/10	14.8	14.94	13.9	14.29	5905420	85699280
2013/10/9	13.74	15.25	13.61	15.25	8003825	114495024
2013/10/8	13.72	13.94	13.31	13.86	4755170	64969964
2013/9/30	13.46	13.96	13.11	13.86	4940577	67119440
2013/9/27	13.98	14.7	13.57	13.8	7301860	102195264
2013/9/26	13.83	15.22	13.61	15.08	12730134	187023024
2013/9/25	13.84	13.84	13.8	13.84	4690236	64912056
2013/9/24	12.58	12.58	12.58	12.58	584479	7352746
2013/9/23	11.44	11.44	11.44	11.44	961008	10993932
2013/9/18	10.35	10.45	10.32	10.4	527988	5479959.5
2013/9/17	10.63	10.72	10.42	10.42	695700	7318667.5
2013/9/16	10.55	10.78	10.49	10.63	1055203	11243240
2013/9/13	10.4	10.68	10.31	10.58	936807	9832666
2013/9/12	10.47	10.57	10.27	10.47	709146	7402280.5
2013/9/11	10.55	10.55	10.3	10.46	1281712	13343215
2013/9/10	10.24	10.99	9.27	10.62	2488357	26489340
2013/9/9	10.16	10.36	10.1	10.3	981484	10067008
2013/9/6	10.08	10.24	10.03	10.16	760674	7677935
2013/9/5	10.12	10.21	10.1	10.15	511557	5186236
2013/9/4	10.27	10.35	10.1	10.17	695234	7103844
2013/9/3	9.94	10.29	9.94	10.27	1087321	11001015
2013/9/2	10.09	10.19	9.78	9.97	1125510	11147297
2013/8/30	10.12	10.48	10	10.25	1247935	12800427
2013/8/29	10.05	10.18	10.02	10.12	699692	7071949.5
2013/8/28	10.2	10.3	10.03	10.08	1139739	11529507
2013/8/27	10.27	10.49	10.21	10.32	1061056	10949431
2013/8/26	10.2	10.3	10.04	10.26	867313	8832578
2013/8/23	10.33	10.35	9.89	10.25	1363792	13795025
2013/8/22	10.1	10.45	10.03	10.41	1778662	18279348
2013/8/21	10.09	10.23	9.91	10.15	875150	8808976
2013/8/20	9.81	10.14	9.78	10.1	1318852	13235109
2013/8/19	9.63	10	9.63	9.85	815858	8073174.5
2013/8/16	10	10.24	9.68	9.74	1302237	12999104
2013/8/15	10.48	10.6	10	10.07	1569913	16085468
2013/8/14	10.84	10.84	10.41	10.48	1955730	20629770
2013/8/13	10.18	10.94	10.1	10.8	3108599	32689004
2013/8/12	9.75	10.2	9.75	10.11	1778845	17745160
2013/8/9	9.65	9.85	9.55	9.79	1079284	10480109
2013/8/8	9.68	9.76	9.59	9.64	768726	7411956.5
2013/8/7	9.81	9.96	9.66	9.7	973837	9523156
2013/8/6	9.78	9.93	9.62	9.84	1095788	10712481
2013/8/5	9.79	9.81	9.56	9.79	1124790	10925876
2013/8/2	9.46	9.86	9.36	9.78	2051999	19893280
2013/8/1	9.17	9.45	9.17	9.42	997763	9302542
2013/7/31	9.23	9.5	9.2	9.23	768826	7149103.5
2013/7/30	9.25	9.3	9	9.16	426495	3903092
2013/7/29	9.1	9.29	8.96	9.24	691257	6348277.5
2013/7/26	9.05	9.15	9	9.11	534074	4838324
2013/7/25	9.39	9.39	9.13	9.13	784129	7237730
2013/7/24	9.15	9.36	9.15	9.34	923685	8577387
2013/7/23	8.97	9.2	8.92	9.19	564228	5158456.5
2013/7/22	8.85	9.08	8.76	8.97	453010	4017079.5
2013/7/19	9.18	9.24	8.85	8.88	570083	5172156
2013/7/18	9.26	9.42	9.09	9.18	829305	7641548
2013/7/17	9.28	9.65	9.28	9.38	971616	9164781
2013/7/16	9.11	9.37	9.11	9.34	809637	7496114.5
2013/7/15	9.1	9.31	9.02	9.25	781194	7186904.5
2013/7/12	9.39	9.44	9.19	9.2	859410	8025724.5
2013/7/11	9.05	9.5	9.05	9.33	1166985	10918359
2013/7/10	8.78	9.17	8.72	9.1	821146	7364874
2013/7/9	8.8	8.8	8.56	8.78	444701	3866411.25
2013/7/8	9.18	9.23	8.45	8.72	812998	7215878.5
2013/7/5	9.1	9.57	9.08	9.31	1371971	12881183
2013/7/4	8.97	9.23	8.81	9.12	980941	8940889
2013/7/3	9.12	9.12	8.78	8.96	672402	6011643
2013/7/2	9.05	9.14	8.94	9.1	605463	5479860.5
2013/7/1	8.94	9.08	8.8	9.05	677368	6029856
2013/6/28	8.76	9.17	8.76	8.94	801226	7206950.5
2013/6/27	9.16	9.25	8.85	8.86	1215519	10997851
2013/6/26	8.84	9.05	8.73	9.03	960535	8576852
2013/6/25	9.03	9.25	8.43	8.82	1631508	14312459
2013/6/24	10.42	10.45	9.36	9.37	1285889	12707912
2013/6/21	10.03	10.57	9.9	10.4	1835476	18938328
2013/6/20	9.6	10.6	9.56	10.3	2408787	24414242
2013/6/19	9.75	9.75	9.45	9.68	635671	6074808.5
2013/6/18	9.6	9.8	9.6	9.71	513178	4984454.5
2013/6/17	9.69	9.83	9.55	9.6	825143	8005932.5
2013/6/14	9.56	9.82	9.48	9.68	843505	8131358.5
2013/6/13	10.06	10.06	9.4	9.47	1611089	15363457
2013/6/7	10.18	10.3	9.98	10.16	930351	9424485
2013/6/6	10.36	10.49	10.14	10.14	957406	9899423
2013/6/5	10.51	10.64	10.32	10.35	1341752	14065212
2013/6/4	11.49	11.51	10.42	10.56	2278819	24653662
2013/6/3	11.42	11.7	11.28	11.52	1839430	21199974
2013/5/31	11.41	11.52	11.26	11.42	1683887	19199508
2013/5/30	11.66	11.72	11.3	11.41	2727316	31226710
2013/5/29	12	12	11.65	11.73	4068441	47897440
2013/5/28	11.34	12.53	11.34	12.21	6761265	82317536
2013/5/27	11.41	11.43	11.24	11.39	1627601	18436716
2013/5/24	11.47	11.56	11.19	11.38	1979589	22391950
2013/5/23	11.7	11.82	11.43	11.53	2406973	27863796
2013/5/22	11.43	11.85	11.22	11.82	3980026	45699416
2013/5/21	11.33	11.45	11.16	11.32	2700716	30508152
2013/5/20	11.67	11.67	11.13	11.29	4637077	52294220
2013/5/17	11.6	11.94	11.5	11.81	4374197	51283736
2013/5/16	11.65	11.86	11.46	11.7	4984473	58230760
2013/5/15	11.9	12.44	11.43	12.1	8489920	101145816
2013/5/14	10.5	11.37	10.36	11.37	5592907	61372488
2013/5/10	9.89	10.38	9.81	10.34	1513279	15319770
2013/5/9	9.7	9.95	9.46	9.93	1369181	13293078
2013/5/8	9.7	9.86	9.48	9.62	1222277	11832971
2013/5/7	9.35	9.77	9.35	9.71	1246080	11916205
2013/5/6	9.21	9.58	9.21	9.39	1205065	11379986
2013/5/3	8.93	9.16	8.91	9.16	853288	7741601.5
2013/5/2	9.05	9.25	8.68	8.72	875485	7778430.5
2013/4/26	9.1	9.35	9.06	9.13	594616	5446193
2013/4/25	9.18	9.31	9.08	9.13	811528	7447353.5
2013/4/24	9.41	9.41	9.01	9.24	1480748	13545420
2013/4/23	9.6	9.67	9.37	9.41	1167015	11094760
2013/4/22	9.3	9.74	9.26	9.6	1404002	13437205
2013/4/19	9.06	9.32	9.02	9.31	1054878	9733620
2013/4/18	9.07	9.17	9	9.02	788232	7163278
2013/4/17	9.08	9.25	8.98	9.16	943783	8621035
2013/4/16	9	9.03	8.67	8.92	770113	6802215
2013/4/15	9.03	9.27	9.03	9.13	931608	8517366
2013/4/12	8.9	9.23	8.84	9.09	899406	8130139
2013/4/11	8.73	9.11	8.64	8.95	1506774	13505435
2013/4/10	8.66	8.75	8.6	8.69	558869	4841000.5
2013/4/9	8.56	8.75	8.51	8.68	570450	4925976.5
2013/4/8	8.74	8.75	8.39	8.56	911732	7725804
2013/4/3	9.14	9.17	8.74	8.83	811350	7237376
2013/4/2	9.09	9.29	9.05	9.12	862045	7901384
2013/4/1	9.04	9.18	9.01	9.09	665316	6042009
2013/3/29	9.05	9.2	8.92	9.03	724595	6569798.5
2013/3/28	9.4	9.42	8.99	8.99	1565970	14259717
2013/3/27	9.54	9.64	9.38	9.46	1108152	10522338
2013/3/26	9.6	9.7	9.43	9.57	948406	9032757
2013/3/25	9.51	9.89	9.5	9.61	1408033	13652790
2013/3/22	9.39	9.6	9.25	9.59	1704834	16126691
2013/3/21	9.52	9.57	9.35	9.4	1052945	9956262
2013/3/20	9.33	9.59	9.27	9.52	1428426	13514655
2013/3/19	9.02	9.47	8.91	9.37	1533303	14148738
2013/3/18	9.13	9.19	9	9.02	521956	4744470.5
2013/3/15	9.16	9.32	8.98	9.14	869618	7980208
2013/3/14	9.17	9.37	9.12	9.24	979964	9076022
2013/3/13	9.65	9.77	9.16	9.25	1621161	15100683
2013/3/12	10.14	10.27	9.64	9.64	1504496	14836459
2013/3/11	10.24	10.34	10.02	10.15	1026472	10432606
2013/3/8	11	11	10.16	10.28	1429590	15176873
2013/3/7	11	11	10.61	10.69	1915832	20743550
2013/3/6	11	11.2	10.88	10.97	1659675	18317558
2013/3/5	10.18	11.21	10.15	11.01	2702039	28560966
2013/3/4	10.9	10.9	10.68	10.68	1688130	18066856
2013/3/1	10.7	11.25	10.6	11.24	3232607	35669636
2013/2/28	10.95	11.1	10.62	10.71	2950511	31948890
2013/2/27	10.14	10.69	10.14	10.69	1891136	19942216
2013/2/26	10.05	10.43	9.97	10.18	1722881	17649398
2013/2/25	10.55	10.65	10.16	10.19	2139594	22122618
2013/2/22	10.54	10.76	10.45	10.6	1876545	19848450
2013/2/21	11.17	11.29	10.62	10.62	2613478	28522566
2013/2/20	11.35	11.55	11.14	11.15	3773305	42225656
2013/2/19	11.73	12.34	11.73	11.73	4510163	53238740
2013/2/18	12.35	12.35	12.35	12.35	305800	3776630
2013/2/8	11	13.2	11	13	3342838	41794348

:						
000038   						
      	    	    	    	    	    	    