2019/9/23	8.07	8.15	8.06	8.09	5272230	42683328
2019/9/20	8.12	8.13	8.05	8.07	4749850	38375480
2019/9/19	7.91	8.11	7.76	8.1	10935458	87306376
2019/9/18	8.04	8.12	7.98	7.98	7249976	58295240
2019/9/17	8.04	8.11	7.97	8	6509686	52245236
2019/9/16	7.99	8.14	7.93	8.07	7823748	62795980
2019/9/12	8	8.02	7.91	8.02	5545176	44192296
2019/9/11	8.08	8.08	7.95	7.95	8377529	67009620
2019/9/10	8.1	8.17	8	8.03	12442803	100284872
2019/9/9	8.56	8.56	8.08	8.17	17622989	145472464
2019/9/6	8.05	8.18	8	8.08	11975803	96525032
2019/9/5	8.03	8.28	7.96	8.11	16575793	134835568
2019/9/4	8.05	8.15	7.9	8.03	15496582	124300216
2019/9/3	7.9	8.32	7.89	8.13	17543223	142708320
2019/9/2	7.82	8.06	7.75	7.96	18301950	144989328
2019/8/30	8.4	8.69	7.86	8	31411257	259346672
2019/8/29	8.8	8.99	8.46	8.6	39397486	341385248
2019/8/28	10.4	10.4	9.18	9.18	44187358	425876000
2019/8/27	10.2	10.2	10.2	10.2	1507850	15380070
2019/8/26	9.27	9.27	9.27	9.27	2601750	24118222
2019/8/23	7.68	8.43	7.68	8.43	7564521	63422200
2019/8/22	7.58	7.76	7.51	7.66	9340400	71083912
2019/8/21	7.56	7.77	7.45	7.67	7932067	60464336
2019/8/20	7.6	7.76	7.52	7.54	9235317	70281792
2019/8/19	7.58	7.77	7.46	7.69	13292108	100835280
2019/8/16	7.11	7.42	7.11	7.36	7085790	51981436
2019/8/15	7	7.21	6.9	7.21	4526608	32298150
2019/8/14	7.23	7.23	7.01	7.03	3090100	22055506
2019/8/13	7.1	7.23	6.9	7.19	4948415	35046116
2019/8/12	7.03	7.13	6.99	7.1	4172729	29481778
2019/8/9	7.12	7.12	6.99	7.09	2980888	21055174
2019/8/8	7.1	7.17	6.93	7.1	4451144	31427516
2019/8/7	6.83	7.15	6.81	7.1	5229600	36747348
2019/8/6	6.75	7.3	6.62	6.89	8992579	62280156
2019/8/5	6.57	6.85	6.49	6.77	3975451	26769676
2019/8/2	6.56	6.58	6.46	6.57	2106150	13740788
2019/8/1	6.57	6.69	6.56	6.63	2709650	17966218
2019/7/31	6.55	6.66	6.5	6.62	3055179	20197184
2019/7/30	6.57	6.6	6.53	6.56	1260800	8263159.5
2019/7/29	6.66	6.66	6.49	6.55	3958229	26019912
2019/7/26	6.57	6.66	6.55	6.57	2216995	14575118
2019/7/25	6.61	6.68	6.54	6.57	3844450	25333620
2019/7/24	6.38	6.94	6.3	6.68	5098962	33769808
2019/7/23	6.35	6.4	6.3	6.38	2542300	16154716
2019/7/22	6.44	6.52	6.27	6.35	1613623	10268370
2019/7/19	6.63	6.66	6.41	6.44	2510850	16419066
2019/7/18	6.6	6.69	6.53	6.63	2211050	14620628
2019/7/17	6.69	6.69	6.56	6.6	2082160	13765764
2019/7/16	6.56	6.64	6.42	6.59	3036000	19784472
2019/7/15	6.3	6.48	6.13	6.46	3220933	20617560
2019/7/12	6.35	6.35	6.22	6.28	1389024	8709611
2019/7/11	6.35	6.35	6.26	6.32	2033929	12829384
2019/7/10	6.44	6.44	6.29	6.32	1823400	11538757
2019/7/9	6.57	6.57	6.29	6.4	2400874	15416545
2019/7/8	6.64	6.73	6.42	6.58	3459120	22579896
2019/7/5	6.79	6.82	6.63	6.67	4014541	26870208
2019/7/4	6.95	6.99	6.7	6.82	3342715	23052566
2019/7/3	6.92	7.03	6.83	6.87	3852950	26687628
2019/7/2	6.99	7.04	6.9	6.95	2103300	14662070
2019/7/1	6.9	7.05	6.86	7	3300374	23044298
2019/6/28	6.95	7	6.76	6.83	2939788	20102366
2019/6/27	6.98	7.04	6.95	6.97	2493051	17406150
2019/6/26	7.04	7.06	6.95	6.99	2839250	19841898
2019/6/25	7.1	7.1	6.95	7.04	3357055	23538560
2019/6/24	7.11	7.12	7.03	7.04	4024932	28435774
2019/6/21	7.12	7.18	7.07	7.12	5115391	36372972
2019/6/20	7.22	7.22	7.01	7.07	5102319	36086260
2019/6/19	7.08	7.12	7	7.12	5270316	37295984
2019/6/18	7.27	7.27	6.84	6.97	5997210	41783528
2019/6/17	7.07	7.2	6.91	7.18	5186006	36809928
2019/6/14	7.25	7.27	6.97	6.99	6061826	43086836
2019/6/13	7.15	7.34	7.13	7.14	7011594	50500284
2019/6/12	6.97	7.28	6.96	7.27	8348134	60090756
2019/6/11	6.57	6.97	6.52	6.96	6526417	44479304
2019/6/10	6.89	6.89	6.48	6.51	5238396	34789772
2019/6/6	6.86	6.91	6.66	6.85	3443220	23422348
2019/6/5	6.96	7.04	6.84	6.86	3703042	25712688
2019/6/4	6.99	7.13	6.83	6.83	3714300	25949078
2019/6/3	7.18	7.22	7.01	7.01	4727550	33542242
2019/5/31	7.12	7.26	7.05	7.14	4255000	30462226
2019/5/30	7.1	7.26	7.02	7.13	7175950	51471024
2019/5/29	7.07	7.25	7	7.14	6981385	49781632
2019/5/28	7.18	7.3	7	7.08	9928815	70699992
2019/5/27	6.98	7.39	6.95	7.26	14734220	106423640
2019/5/24	6.73	6.96	6.51	6.92	7914484	53548704
2019/5/23	6.75	6.87	6.64	6.69	5152300	34571888
2019/5/22	6.7	7	6.54	6.88	8683601	58685572
2019/5/21	6.55	6.7	6.5	6.61	4651515	30812466
2019/5/20	6.31	6.55	6.16	6.48	4197100	26798662
2019/5/17	6.65	6.73	6.3	6.37	5074644	33195064
2019/5/16	6.7	6.8	6.6	6.65	5703241	37991036
2019/5/15	6.84	6.87	6.63	6.78	6524015	44096404
2019/5/14	6.46	7.28	6.4	6.75	10012127	67931248
2019/5/13	6.21	6.67	6.16	6.62	10386195	67195416
2019/5/10	6.18	6.26	6.01	6.22	5639600	34853152
2019/5/9	6.06	6.15	5.96	6.07	4559650	27746792
2019/5/8	5.99	6.28	5.85	6.1	7331909	44887924
2019/5/7	6	6.25	5.95	6.11	4704284	28681192
2019/5/6	6.2	6.2	5.8	5.95	4850305	29000034
2019/4/30	6.18	6.42	6.13	6.3	4340684	27364156
2019/4/29	6.28	6.47	5.71	6.32	11207261	68849416
2019/4/26	6.45	6.62	6.07	6.23	6856129	43471436
2019/4/25	7.03	7.05	6.39	6.5	10599500	70842920
2019/4/24	7.02	7.12	6.95	7.1	5917604	41591924
2019/4/23	7.32	7.4	7.08	7.08	9121735	65546712
2019/4/22	7.14	7.43	7.1	7.32	13519240	98498192
2019/4/19	7.11	7.18	7.04	7.12	5278050	37505968
2019/4/18	7.24	7.28	7.05	7.16	5668001	40574632
2019/4/17	7.2	7.3	7.17	7.24	6605844	47834976
2019/4/16	7.07	7.26	6.96	7.24	6460871	45912752
2019/4/15	7.17	7.25	7.05	7.06	4919790	35277448
2019/4/12	7.21	7.31	7.01	7.1	7710853	55002272
2019/4/11	7.44	7.49	7.23	7.38	7836950	57538340
2019/4/10	7.43	7.58	7.31	7.47	8476749	63572076
2019/4/9	7.38	7.52	7.29	7.45	7339100	54549180
2019/4/8	7.57	7.64	7.2	7.31	9726837	72099208
2019/4/4	7.71	7.8	7.52	7.57	10592500	80854136
2019/4/3	7.54	7.73	7.36	7.68	13043571	99117992
2019/4/2	7.53	7.92	7.41	7.61	15536527	118644168
2019/4/1	7.21	7.68	7.21	7.53	14283797	106578216
2019/3/29	7.01	7.25	6.9	7.25	9895011	70350040
2019/3/28	7.24	7.35	7.02	7.03	8601837	61746520
2019/3/27	7.29	7.44	7.05	7.3	8991081	65222400
2019/3/26	7.81	7.84	7.26	7.28	14515531	108488632
2019/3/25	7.78	7.85	7.5	7.69	12587239	97197136
2019/3/22	8.09	8.13	7.81	7.99	16351850	129967440
2019/3/21	8.22	8.4	8.1	8.22	22663907	186554288
2019/3/20	8.12	8.75	8.03	8.26	32480236	271653472
2019/3/19	7.74	8.48	7.74	8.41	41797837	335708128
2019/3/18	8	8.31	7.81	7.92	42711458	342905536
2019/3/15	7.4	7.77	7.1	7.77	18203707	140849424
2019/3/14	7.41	7.74	6.94	7.06	21884350	159553280
2019/3/13	7.52	7.97	7.41	7.67	37815952	291299904
2019/3/12	7.32	7.55	7.17	7.37	24123163	177976288
2019/3/11	6.77	7.35	6.76	7.21	18256700	129380728
2019/3/8	7.44	7.54	6.94	6.94	20556032	149386416
2019/3/7	7.62	7.86	7.34	7.71	29374458	223800064
2019/3/6	7.42	7.63	7.27	7.53	25701586	190509024
2019/3/5	7	7.63	6.91	7.51	31978071	233173616
2019/3/4	6.98	7.17	6.9	7.03	22630563	159302832
2019/3/1	6.9	7	6.82	6.91	14290465	98848736
2019/2/28	6.97	7.02	6.84	6.87	14723000	101604872
2019/2/27	6.88	7.12	6.8	6.94	19269907	133802120
2019/2/26	6.94	7.3	6.76	6.92	34454803	240259888
2019/2/25	6.8	7.19	6.49	7.14	37659293	262811312
2019/2/22	6.08	6.7	6.08	6.54	26440778	168435040
2019/2/21	6.21	6.34	6.09	6.1	17916411	110873696
2019/2/20	6.08	6.35	5.92	6.2	23034702	140995136
2019/2/19	5.97	6.25	5.87	6.07	23959312	145213504
2019/2/18	5.59	6.11	5.58	5.91	20863839	120600824
2019/2/15	5.71	5.76	5.55	5.57	10473602	58965188
2019/2/14	5.7	5.74	5.54	5.59	12681202	71035328
2019/2/13	5.56	5.8	5.47	5.64	16104850	90322192
2019/2/12	5.4	5.53	5.35	5.44	13438351	72940848
2019/2/11	5.18	5.6	5.12	5.34	15157600	80154128
2019/2/1	4.99	5.23	4.88	5.2	14897483	74744464
2019/1/31	4.88	5.11	4.75	4.8	16116002	79038608
2019/1/30	4.61	5.38	4.61	5	21554740	109474952
2019/1/29	5.05	5.05	5.05	5.05	5736500	28969324
2019/1/28	5.61	5.79	5.61	5.61	12085088	68350344
2019/1/25	6.55	6.59	6.2	6.23	11836900	75456976
2019/1/24	6.72	6.72	6.45	6.54	10587418	69428216
2019/1/23	6.83	6.83	6.62	6.67	7628168	50905180
2019/1/22	6.89	6.96	6.7	6.8	10733250	73274616
2019/1/21	6.77	6.99	6.72	6.91	16413869	112676080
2019/1/18	6.9	6.93	6.56	6.63	12447554	83488128
2019/1/17	7.05	7.1	6.77	6.88	12790950	88264792
2019/1/16	7.12	7.25	7.07	7.12	8281150	59178964
2019/1/15	7.16	7.3	7.05	7.13	12098051	86434984
2019/1/14	6.97	7.34	6.97	7.21	17586200	126105104
2019/1/11	7.71	7.83	7.63	7.74	11978254	92405600
2019/1/10	8.04	8.17	7.77	7.87	17260204	136627248
2019/1/9	7.86	8.24	7.8	8.11	22184701	179203472
2019/1/8	8.1	8.1	7.82	7.85	13963900	110632480
2019/1/7	8.11	8.2	7.93	8.06	14300651	115077544
2019/1/4	7.65	8.08	7.5	8	15007114	117633488
2019/1/3	8.07	8.16	7.58	7.83	14922550	117595144
2019/1/2	8.05	8.27	7.99	8.12	12030000	97863664
2018/12/28	8.18	8.3	7.9	8.06	18077950	146347936
2018/12/27	8.78	8.82	8.1	8.17	24841088	210430368
2018/12/26	8.5	8.93	8.46	8.7	29995864	261221856
2018/12/25	8.36	8.59	8.01	8.56	20674417	172495968
2018/12/24	8.4	8.58	8.18	8.54	21099254	177782800
2018/12/21	8.66	8.73	8.23	8.37	24111801	202669888
2018/12/20	8.83	8.98	8.61	8.73	27497448	241228928
2018/12/19	8.94	9.3	8.79	8.83	37637325	337417472
2018/12/18	8.64	9.36	8.22	9.18	47387214	413485824
2018/12/17	8.05	8.8	8.05	8.59	37931459	324268160
2018/12/14	8.52	8.74	8.1	8.1	25822650	216317888
2018/12/13	8.34	8.86	8.34	8.54	36851509	314379776
2018/12/12	8.54	8.91	8.25	8.26	49978903	427430304
2018/12/11	7.49	8.32	7.38	8.32	18040339	146308576
2018/12/10	7.83	7.85	7.2	7.56	18401199	137864384
2018/12/7	8.15	8.31	7.91	8	27359417	220717056
2018/12/6	7.9	8.55	7.76	8.37	39217078	320496704
2018/12/5	8.23	8.63	7.84	7.9	48409961	400889984
2018/12/4	7.43	8.13	7.39	8.13	23732050	186707744
2018/12/3	7.37	7.45	7.26	7.39	21465651	158112000
2018/11/30	7.44	7.49	6.87	7.15	24955401	178478256
2018/11/29	8.03	8.1	7.29	7.41	28434800	221190464
2018/11/28	8.2	8.38	7.93	8.1	25848100	209135568
2018/11/27	8.38	8.55	8.14	8.25	31776992	262865232
2018/11/26	9.09	9.27	8.64	8.64	38294650	337738624
2018/11/23	9.67	10.7	9.37	9.6	68710740	690931520
2018/11/22	9.4	9.96	9.05	9.96	71759700	696048640
2018/11/21	8.33	9.05	8.23	9.05	43295377	379049152
2018/11/20	8.3	8.42	7.88	8.23	26844739	219632864
2018/11/19	8.28	8.63	8.15	8.15	27726950	230772432
2018/11/16	7.88	8.47	7.75	8.17	31880348	258097184
2018/11/15	8	8.13	7.7	7.95	29178090	229984928
2018/11/14	9.17	9.17	7.92	8	53812001	457489280
2018/11/13	8.18	8.34	8.03	8.34	20411001	168769760
2018/11/12	7.2	8.02	7.06	7.58	35981122	271486240
2018/11/9	7.15	7.34	6.71	7.29	27196891	191803344
2018/11/8	7.13	7.53	7	7.32	29904282	217460992
2018/11/7	7.11	7.24	6.95	7.03	18308665	129661440
2018/11/6	7.3	7.38	6.94	7.03	30726236	218044080
2018/11/5	7.2	7.82	7.03	7.64	42442178	317615776
2018/11/2	7.39	7.5	7.13	7.17	23418019	169222416
2018/11/1	7.25	7.4	7.07	7.16	28809137	207588832
2018/10/31	7.13	7.69	7.13	7.25	32813097	241548960
2018/10/30	6.99	7.35	6.72	7.04	29031099	205044624
2018/10/29	7.39	7.5	6.93	6.93	33334447	236288672
2018/10/26	7.72	8.11	7.5	7.7	40933248	321536256
2018/10/25	7.77	8.22	7.6	7.62	45794282	356873152
2018/10/24	8.17	8.99	7.68	8.44	64929519	547003200
2018/10/23	8.47	8.47	8.25	8.47	22204437	187955984
2018/10/22	7.7	7.7	7.7	7.7	3846601	29618828
2018/10/19	6.69	7	6.43	7	46958495	317774432
2018/10/18	5.86	6.36	5.81	6.36	18653796	115193832
2018/10/17	5.94	6.03	5.38	5.78	19452928	111719272
2018/10/16	6.48	6.64	5.88	5.94	28366918	179572016
2018/10/15	6.36	6.36	6.36	6.36	6603177	41996204
2018/10/12	5.61	5.94	5.31	5.78	19829501	111809160
2018/10/11	5.83	5.93	5.55	5.55	14456375	82567448
2018/10/10	6.62	6.65	6.17	6.17	20643998	132561024
2018/10/9	6.53	7.39	6.53	6.86	28670295	192650208
2018/10/8	7.05	7.05	7.05	7.05	859300	6058065
2018/9/28	7.83	7.83	7.83	7.83	754400	5906952
2018/9/27	8.7	8.7	8.7	8.7	425600	3702720
2018/9/26	9.67	9.67	9.67	9.67	890000	8606300
2018/9/25	11.89	11.93	10.74	10.74	6347600	69854128
2018/9/21	11.9	12.06	11.81	11.93	1530551	18183448
2018/9/20	12.2	12.2	11.86	12.09	2162524	25903878
2018/9/19	12.33	12.49	11.98	12.22	3216690	38985564
2018/9/18	12.21	12.47	12.16	12.32	7003700	86358552
2018/9/17	12.35	12.35	12	12.26	1447163	17550932
2018/9/14	12.35	12.36	12.16	12.32	1158979	14208710
2018/9/13	12.39	12.39	12.28	12.33	1005301	12395772
2018/9/12	12.34	12.54	12.1	12.37	411415	5070190.5
2018/9/11	12.09	12.38	12	12.34	1269644	15592377
2018/9/10	12.31	12.37	12.01	12.1	1067512	12983392
2018/9/7	12.42	12.59	12.26	12.34	1073001	13335746
2018/9/6	12.55	12.59	12.29	12.53	930951	11542668
2018/9/5	12.52	12.59	12.3	12.57	328701	4099400.5
2018/9/4	12.6	12.8	12.48	12.59	483500	6100461
2018/9/3	12.16	12.7	12.12	12.6	980200	12165577
2018/8/31	12.28	12.28	12.06	12.23	367381	4472290
2018/8/30	12.59	12.59	12.09	12.22	610892	7523497.5
2018/8/29	12.91	12.91	12.51	12.59	585750	7375109.5
2018/8/28	12.65	12.92	12.52	12.73	875750	11168470
2018/8/27	12.7	12.78	12.58	12.68	467701	5941907.5
2018/8/24	12.81	12.87	12.58	12.79	520834	6640052
2018/8/23	12.75	12.84	12.72	12.81	468415	5991803.5
2018/8/22	12.85	12.93	12.65	12.78	246100	3155144
2018/8/21	12.98	13.08	12.8	12.88	334700	4335601.5
2018/8/20	12.92	13	12.72	12.91	435134	5609273.5
2018/8/17	13.09	13.38	12.7	12.92	734100	9583336
2018/8/16	12.9	13.16	12.71	13.04	625251	8124703
2018/8/15	13.25	13.25	12.88	12.92	991900	12877262
2018/8/14	13.3	13.3	13.12	13.22	438500	5783741
2018/8/13	13.17	13.29	13.05	13.17	370635	4880316
2018/8/10	13.01	13.49	13.01	13.33	869450	11554588
2018/8/9	12.51	13.23	12.51	13.16	1645797	21530618
2018/8/8	12.85	13.12	12.76	12.76	1044674	13412675
2018/8/7	12.4	13.09	12.38	13.05	2422728	31082146
2018/8/6	12.56	12.93	12.06	12.46	2311677	28994842
2018/8/3	12.5	12.95	12.3	12.95	3830263	48098560
2018/8/2	13.11	13.15	11.79	12.85	4605883	56047120
2018/8/1	13.35	13.46	12.99	13.1	2192900	28968842
2018/7/31	13.58	13.64	13.33	13.4	745400	10001040
2018/7/30	13.76	13.88	13.32	13.37	1688051	22829084
2018/7/27	13.27	14.25	13.25	13.91	2035700	28008754
2018/7/26	13.29	13.36	13.25	13.28	1181478	15717509
2018/7/25	13.38	13.4	13.19	13.36	1481700	19703658
2018/7/24	13.26	13.49	13.26	13.38	1276650	17101874
2018/7/23	13.42	13.64	13.1	13.42	2579718	34407444
2018/7/20	13.8	13.89	13.38	13.44	2499600	33749752
2018/7/19	14.63	14.63	13.89	13.92	3948069	56030044
2018/7/18	13.95	14.82	13.92	14.75	5892326	85155616
2018/7/17	13.96	14.1	13.85	14.05	946802	13239903
2018/7/16	14	14.2	13.89	13.96	1660085	23255904
2018/7/13	13.56	14.3	13.51	14.3	2339866	32472214
2018/7/12	13.58	13.7	13.42	13.55	1255050	16974744
2018/7/11	13.77	13.78	13.45	13.52	1040102	14081639
2018/7/10	13.5	13.9	13.37	13.9	1043852	14097137
2018/7/9	13.4	13.57	13.29	13.54	1264450	16965414
2018/7/6	13.4	13.5	13.2	13.41	1276950	16990262
2018/7/5	13.38	13.41	13.19	13.28	623054	8293778
2018/7/4	13.42	13.42	13.23	13.38	595252	7934455.5
2018/7/3	13.08	13.58	13.08	13.41	1089420	14521994
2018/7/2	13.16	13.46	13.16	13.26	608400	8056699
2018/6/29	13.55	13.55	12.35	13.39	3282974	43274580
2018/6/13	13.64	13.85	13.62	13.66	702600	9633090
2018/6/12	13.8	13.87	13.58	13.74	957903	13106767
2018/6/11	13.55	13.89	13.46	13.77	977408	13402208
2018/6/8	13.94	13.96	13.41	13.8	1290100	17560048
2018/6/7	13.85	14.32	13.79	13.84	992600	13945302
2018/6/6	13.74	13.91	13.74	13.9	773950	10725756
2018/6/5	13.67	13.93	13.62	13.89	1209844	16718503
2018/6/4	13.11	13.88	13.11	13.8	2617760	35619464
2018/6/1	13.43	13.58	13.22	13.3	802200	10763086
2018/5/31	13.72	13.72	13.51	13.63	901760	12258328
2018/5/30	13.47	13.74	13.12	13.72	2126784	28636032
2018/5/29	13.41	13.5	13.24	13.47	1351772	18076398
2018/5/28	13.63	13.66	13.34	13.48	853338	11508294
2018/5/25	13.75	13.99	13.52	13.63	1524242	20901458
2018/5/24	13.49	13.99	13.26	13.81	2751198	37475064
2018/5/23	13.23	13.39	13.11	13.3	847840	11226186
2018/5/22	13.22	13.32	13.22	13.31	757003	10041262
2018/5/21	13.23	13.45	13.16	13.27	977165	12996791
2018/5/18	13.2	13.39	13.08	13.3	1137218	15049276
2018/5/17	13.3	13.3	12.92	13.25	1956686	25686668
2018/5/16	13.4	13.4	12.94	13.3	3429415	44912432
2018/5/15	13.33	13.55	13.33	13.4	925818	12404195
2018/5/14	13.58	13.58	13.41	13.47	965650	12988068
2018/5/11	13.64	13.68	13.4	13.49	1066379	14383420
2018/5/10	13.72	13.72	13.5	13.6	1381752	18773474
2018/5/9	13.74	14.15	13.67	13.71	870451	11986739
2018/5/8	13.72	14.02	13.54	13.85	1799715	24847624
2018/5/7	13.8	13.85	13.61	13.64	913303	12471120
2018/5/4	13.8	13.88	13.51	13.68	592450	8103932
2018/5/3	13.61	13.79	13.61	13.68	942700	12875707
2018/5/2	14.17	14.17	13.59	13.79	1483200	20381296
2018/4/27	13.69	13.69	13.43	13.59	1108503	15008033
2018/4/26	13.6	13.68	13.43	13.57	1175706	15919575
2018/4/25	13.53	13.75	13.42	13.61	1605588	21854970
2018/4/24	13.48	14.17	13.02	13.71	2457048	33142392
2018/4/23	13.6	13.69	12.5	13.62	3361062	44298584
2018/4/20	13.69	13.79	13.5	13.6	1114201	15135761
2018/4/19	13.53	13.88	13.53	13.61	1559303	21229490
2018/4/18	13.78	14.18	13.56	13.78	1218224	16764846
2018/4/17	13.91	14.38	13.69	13.89	3293735	46129208
2018/4/16	13.98	14.08	13.76	13.99	1241741	17317382
2018/4/13	14.02	14.22	13.98	13.98	1419032	19945498
2018/4/12	14.12	14.12	13.9	14.04	1773721	24802130
2018/4/11	14.05	14.18	13.99	14.13	1643545	23172604
2018/4/10	14.14	14.18	13.6	14.14	2166626	30252948
2018/4/9	14.25	14.26	13.88	13.95	2409139	33858172
2018/4/4	14.56	14.69	14.2	14.26	2021750	29251340
2018/4/3	14.14	14.9	13	14.58	4786370	69358608
2018/4/2	14.2	14.42	14.19	14.21	1925900	27487292
2018/3/30	14.37	14.65	14.27	14.33	1710650	24624848
2018/3/29	14.01	14.73	14.01	14.37	2935485	42549616
2018/3/28	14.01	14.61	13.91	14.22	2662929	37966736
2018/3/27	13.47	14.6	13.47	14.33	4769338	67091096
2018/3/26	13.5	13.7	12.5	13.52	4437758	59430684
2018/3/23	13.6	13.97	13.36	13.6	5254630	71638920
2018/3/22	14.5	14.77	14.37	14.38	5931754	86181848
2018/3/21	14.04	14.2	13.8	14.04	4020353	56489592
2018/3/20	13.95	14.25	13.71	14.01	4545334	63518428
2018/3/19	14.97	15.16	14.21	14.57	8123129	119931808
2018/3/16	13.67	14.88	13.5	14.35	8345254	118910120
2018/3/15	13.8	13.86	13.41	13.62	5468566	74394872
2018/3/14	14.44	14.44	13.5	13.9	8633685	120730456
2018/3/13	14.91	15.47	14.65	14.73	7909925	118585128
2018/3/12	15	15.3	14.44	14.9	7743936	114681800
2018/3/9	14.99	16.5	14.99	15.36	11970185	183335264
2017/9/29	16.6	17.1	16.33	16.66	2352500	39235656
2017/9/28	16.62	17.25	16.46	16.6	4840930	81679328
2017/9/27	16.6	16.65	16.2	16.62	4361560	71977232
2017/9/26	15.2	16.53	15.2	16.26	4978140	79111120
2017/9/25	15.51	15.52	15.2	15.3	1515181	23280484
2017/9/22	15.62	15.79	15.43	15.51	1683400	26171920
2017/9/21	15.66	15.76	15.45	15.49	1280500	19896394
2017/9/20	15.8	15.89	15.66	15.72	1510550	23793840
2017/9/19	15.6	16.19	15.44	15.82	2553800	40327568
2017/9/18	15.43	15.69	15.32	15.58	1277250	19811908
2017/9/15	15.45	15.55	15.35	15.42	1311100	20215520
2017/9/14	15.59	15.59	15.39	15.57	1673420	25900866
2017/9/13	15.55	15.62	15.44	15.59	1413403	21947560
2017/9/12	15.3	15.7	15.2	15.66	3432400	53306328
2017/9/11	15.44	15.47	15.2	15.3	1558900	23887336
2017/9/8	15.17	15.53	14.97	15.48	2767900	41898124
2017/9/7	15.48	15.55	15.2	15.22	2647127	40609124
2017/9/6	15.7	15.7	15.43	15.55	1172252	18203942
2017/9/5	15.69	15.78	15.46	15.63	1640501	25637042
2017/9/4	15.65	15.8	15.41	15.65	1916443	29937650
2017/9/1	15.62	15.84	15.44	15.5	2226281	34576200
2017/8/31	15.75	15.89	15.62	15.72	2079510	32667102
2017/8/30	15.72	16.1	15.53	15.95	2720852	43045056
2017/8/29	15.57	15.91	15.01	15.72	3290034	51163432
2017/8/28	16	16	15.47	15.58	4096840	64270252
2017/8/25	16.12	16.3	15.77	15.94	1837753	29322642
2017/8/24	15.82	17	15.81	16.12	2661250	43244920
2017/8/23	16	16.18	15.81	15.99	1207421	19296656
2017/8/22	15.87	16.2	15.8	16	1894768	30335052
2017/8/21	15.8	16.08	15.8	15.87	1773721	28176844
2017/8/18	16.01	16.01	15.6	15.82	1943287	30644744
2017/8/17	16.54	16.54	15.8	16.05	2482136	39714600
2017/8/16	16.65	16.78	15.88	16.14	2646489	42856696
2017/8/15	16.69	16.88	16.59	16.65	1061880	17720802
2017/8/14	16.69	16.99	16.59	16.7	1716468	28745156
2017/8/11	16.5	16.96	16.5	16.7	1948718	32684352
2017/8/10	16.78	17	16.5	16.62	2692189	44851024
2017/8/9	17.24	17.29	16.83	16.91	1914900	32499354
2017/8/8	16.87	17.21	16.7	17.18	2727322	46549148
2017/8/7	17	17.2	16.84	16.88	1552585	26291336
2017/8/4	17	17.18	16.88	17.15	2703858	46073068
2017/8/3	16.93	17.35	16.75	17.16	4055077	69219632
2017/8/2	17.42	17.6	16.9	16.93	5313578	90942120
2017/8/1	16.77	17.53	16.77	17.37	10004406	172784576
2017/7/31	16.58	17.17	16.49	16.77	5458640	91978496
2017/7/28	16.51	16.8	16.07	16.19	5821681	95873232
2017/7/27	16.8	17.41	16.69	16.69	7127711	120873256
2017/7/26	16.49	17.33	16.49	16.97	10004038	169664800
2017/7/25	16.67	16.95	16.31	16.62	6379205	105571864
2017/7/24	16.43	17.27	16.31	16.6	12424005	208364976
2017/7/21	14.34	16.05	14.34	16.05	13601903	213863504
2017/7/20	14.34	14.72	14.34	14.59	3230154	47050696
2017/7/19	14.4	14.77	14.05	14.51	6156887	89021032
2017/7/18	12.85	15.45	12.85	14.6	13778573	191060800
2017/7/17	14.28	14.28	14.28	14.28	3569100	50966748
2017/1/13	24.65	24.65	22.23	23.81	3074601	73153040
2017/1/12	24.7	25	24.6	24.61	1220127	30249358
2017/1/11	24.75	25.32	24.6	24.85	2347983	58575748
2017/1/10	25.09	25.19	24.68	24.79	2151653	53419508
2017/1/9	25.16	25.45	24.97	25.09	1514100	38101120
2017/1/6	26.24	26.3	25.41	25.45	1666310	42781412
2017/1/5	26.78	26.79	26.11	26.24	1594693	41950800
2017/1/4	26.09	26.62	26	26.47	2582186	68084088
2017/1/3	26.1	26.3	25.76	26.1	1727884	44872752
2016/12/30	25.45	25.7	25.32	25.63	1397698	35753232
2016/12/29	25.18	25.64	25.18	25.45	995200	25325198
2016/12/28	25.77	25.77	25.3	25.49	1442652	36707316
2016/12/27	25.56	25.6	25.3	25.45	1993160	50774684
2016/12/26	24.69	25.5	24.42	25.27	2539100	63734520
2016/12/23	25.5	25.5	24.69	24.69	1851703	46216468
2016/12/22	25.43	25.66	25.03	25.16	1732273	43871336
2016/12/21	25.65	25.88	25.22	25.47	1952596	49760304
2016/12/20	25.65	26.34	25.5	25.76	2877291	74654920
2016/12/19	25.05	25.68	25.05	25.31	1984600	50439044
2016/12/16	24.75	25.35	24.73	24.99	1594216	39988076
2016/12/15	24.48	25.31	24.29	24.68	1436910	35506320
2016/12/14	24.48	24.73	24.29	24.29	1539900	37798056
2016/12/13	24.7	25.12	24.03	24.48	2393436	58908512
2016/12/12	26.02	26.41	24.8	24.85	2688100	68171440
2016/12/9	26.23	26.23	25.89	25.89	1585423	41277412
2016/12/8	26.43	26.43	25.71	26.28	2381690	61992616
2016/12/7	26.02	26.77	25.63	26.45	5461494	143435760
2016/12/6	25.08	25.95	25	25.85	2087645	53176372
2016/12/5	25.14	25.31	24.5	25.08	1491302	37226812
2016/12/2	25.34	25.45	24.91	25.15	1429024	35926468
2016/12/1	25.67	25.9	25.08	25.34	1944400	49681640
2016/11/30	24.49	25.66	24.33	25.49	3558713	88860760
2016/11/29	25.6	25.99	25.15	25.15	2393455	61155968
2016/11/28	25.88	26.25	25.5	25.58	2620732	67908920
2016/11/25	26.03	26.41	25.02	25.73	2706375	70120984
2016/11/24	26.63	26.66	26.02	26.28	2861500	75240464
2016/11/23	26.4	27.4	26.31	26.66	4190970	112834496
2016/11/22	26.55	26.65	26.25	26.38	2241602	59247324
2016/11/21	26.6	26.81	26.02	26.39	2749881	72588608
2016/11/18	26.57	27.13	26.4	26.63	2744766	73258592
2016/11/17	27	27.1	26.4	26.51	3385723	90135640
2016/11/16	26.43	27.15	26.26	27.11	4393272	116839584
2016/11/15	26.5	26.65	26.08	26.4	3155639	83361872
2016/11/14	26.88	26.96	26.35	26.45	3392500	90195272
2016/11/11	27.12	27.17	26.44	26.58	5617995	149894096
2016/11/10	27.35	27.79	27	27.18	4375253	119268624
2016/11/9	28.06	28.25	26.98	27.29	6735642	185306528
2016/11/8	28.24	28.65	28.02	28.13	6820296	193211216
2016/11/7	27.08	27.98	26.88	27.9	6701147	184890320
2016/11/4	27.26	27.68	26.57	27.09	6517589	176987856
2016/11/3	25.98	28.5	25.91	26.84	9227032	249511632
2016/11/2	25.9	26.1	25.72	25.94	2663651	68872992
2016/11/1	25.64	26.18	25.64	25.97	2854708	74132912
2016/10/31	26.25	26.32	25.8	25.82	2881338	74886320
2016/10/28	25.85	26.25	25.82	26.12	3317104	86350344
2016/10/27	25.99	26.38	25.82	26.05	3939546	102734608
2016/10/26	25.9	26	25.52	25.89	2403350	62039556
2016/10/25	26.05	26.08	25.5	25.79	4091399	105623416
2016/10/24	25.87	26.5	25.85	26.07	4718745	123787840
2016/10/21	26.06	26.16	25.72	25.72	3587472	92940720
2016/10/20	26	26.17	25.57	26.06	7484978	193707616
2016/10/19	26.18	26.34	25.63	25.96	4938834	128105048
2016/10/18	26.04	26.38	25.81	26.11	5389614	140746272
2016/10/17	25.98	26.4	25.74	26.03	7238029	189151120
2016/10/14	25.6	26.18	25.28	26.06	6597011	169506608
2016/10/13	26.25	26.6	25.7	25.94	7382549	191939968
2016/10/12	25.82	26.5	25.49	26.25	12367646	322616672
2016/10/11	25.94	26.39	25.3	25.87	11803867	305555168
2016/10/10	24.5	26.48	24.5	26.19	14046717	362069312
2016/9/30	23.48	24.42	23.21	24.32	7626884	183301232
2016/9/29	24.69	25.45	23.61	23.87	11775908	289697632
2016/9/28	23.81	24.46	23.36	24.27	7414764	177690896
2016/9/27	24.63	24.99	23.61	24.17	12083093	294867840
2016/9/26	23.64	25.45	23.41	25	22403870	550652800
2016/9/23	23.5	23.81	23.01	23.63	9273003	217426640
2016/9/22	23.8	24.17	23.2	23.21	14173661	334512256
2016/9/21	23.42	23.85	22.71	23.58	17183674	400439552
2016/9/20	21.31	23.38	21.31	23.38	17761292	401697920
2016/9/19	21.18	21.48	21	21.25	3659150	77811152
2016/9/14	21.41	21.71	20.9	20.9	4292013	90802808
2016/9/13	21.52	21.98	21.25	21.41	3699290	79520048
2016/9/12	21.58	22.36	21.32	21.63	7727573	169228640
2016/9/9	21.74	21.9	21.2	21.82	5854896	125893912
2016/9/8	22	22.28	21.5	21.76	5324080	115986216
2016/9/7	22.15	22.32	21.95	22.07	6106940	134966256
2016/9/6	21.8	22.54	21.66	22.35	10665153	238069088
2016/9/5	22.12	22.59	21.61	21.77	6349310	140468592
2016/9/2	22.11	22.45	21.3	22.08	7994441	174807136
2016/9/1	22.5	23.1	21.86	21.86	11274882	253711824
2016/8/31	21.13	22.4	21.03	22.4	10887192	238414192
2016/8/30	20.9	21.48	20.8	21.22	6977883	147739088
2016/8/29	21.5	21.93	21.13	21.19	6627397	141888352
2016/8/26	21.95	22.18	21.51	21.62	8091642	176570304
2016/8/25	21.7	22.38	21.2	22.12	12000693	262403856
2016/8/24	21.88	22.44	21.58	21.88	11630421	254924352
2016/8/23	21.4	22.95	20.9	22.11	19013018	417370432
2016/8/22	20.17	22.11	19.8	21.4	15877347	328564928
2016/8/19	19.84	20.9	19.75	20.41	16150875	329486976
2016/8/18	18.73	20.64	18.65	20.15	19529647	385540448
2016/8/17	19.15	19.2	18.66	18.8	9817821	185079424
2016/8/16	18.39	19.29	18.39	19.15	16030706	303952800
2016/8/15	18.27	18.47	17.82	18.38	9384283	170898336
2016/8/12	18.08	18.47	18.01	18.17	7010893	127987456
2016/8/11	18.4	18.48	17.9	18.01	9003418	163634176
2016/8/10	18	18.98	17.91	18.62	14231221	262267328
2016/8/9	18.1	18.2	17.81	18.01	8756486	157782000
2016/8/8	17.98	18.39	17.33	18.19	12639648	224763728
2016/8/5	18.56	18.56	18	18.01	11971825	219170784
2016/8/4	18.85	19.35	18.47	18.77	15576475	293348608
2016/8/3	18.5	19.43	18.2	19.15	21903664	410086816
2016/8/2	18.91	18.92	18.11	18.69	21615564	399761920
2016/8/1	17.7	19.31	17.66	19.08	34147685	636145664
2016/7/29	16.12	17.55	16.12	17.55	19247214	330639552
2016/7/28	16.19	16.42	15.5	15.95	8095781	129252992
2016/7/27	17.55	17.57	15.82	16.26	10535819	176898288
2016/7/26	17.48	17.54	17.16	17.54	6425098	111964376
2016/7/25	17.12	17.54	17.02	17.47	9148578	158388496
2016/7/22	17.55	17.7	17.01	17.06	11185776	192476208
2016/7/21	18.05	18.05	17.57	17.6	12049309	213144640
2016/7/20	17.6	18.35	17.51	17.95	18244818	328438880
2016/7/19	17.97	18.78	17.62	17.94	32354694	586803904
2016/7/18	19.27	19.27	19.27	19.27	1007100	19406816
2016/7/15	21.41	21.41	21.41	21.41	1037200	22206452
2015/12/23	22.35	24.66	22.25	23.79	16451670	386432448
2015/12/22	22.61	22.84	22.05	22.45	7212925	161669088
2015/12/21	22.24	22.87	22.02	22.41	9027297	202498000
2015/12/18	21.55	22.58	21.52	22.24	10856157	240899888
2015/12/17	21.51	21.9	21.36	21.7	7838429	169502384
2015/12/16	21.9	21.91	21.07	21.28	8921143	191212368
2015/12/15	21.99	22.18	21.71	21.94	5697983	125006680
2015/12/14	21.42	21.76	21.23	21.74	6606250	142381136
2015/12/11	20.93	21.75	20.55	21.66	8524556	180863712
2015/12/10	21.2	21.23	20.31	20.71	8130886	167960896
2015/12/9	21.5	22.38	21.21	21.25	11845145	258125760
2015/12/8	22.5	22.8	21.51	21.88	17065802	377874688
2015/12/7	21.1	23.1	21.01	23.1	21900122	488019712
2015/12/4	20.4	21.8	20.25	21	15491493	326256832
2015/12/3	19.82	20.61	19.6	20.45	9186044	185172112
2015/12/2	20.63	20.8	19.08	19.55	12907678	255502896
2015/12/1	21.51	22.15	20.71	20.92	14266259	305943040
2015/11/30	21.11	22.22	20.75	21.84	17240863	371849472
2015/11/27	22	22.35	20.46	21.3	22242721	482156576
2015/11/26	23.01	23.49	22.51	22.59	34087049	782245184
2015/11/25	23.33	25.7	22.08	24.19	62683563	1458989824
2015/11/24	23.63	23.63	23.63	23.63	532000	12571160
2015/11/23	26.25	26.25	26.25	26.25	227700	5977125
2015/5/20	28.92	31.3	28.59	29.17	14172437	422804000
2015/5/19	28	29.11	27.05	28.96	9075779	259122192
2015/5/18	27.26	29.11	26.58	28.35	15316390	435052864
2015/5/15	25.33	27.62	24.82	27.3	17088650	452359200
2015/5/14	25.03	26.58	25.01	25.33	12034506	309614880
2015/5/13	24.26	25.97	24.26	25.2	12009755	302693888
2015/5/12	24.01	24.39	23.72	24.22	8607865	207463600
2015/5/11	23.23	24.52	22.76	24.51	13393501	314832896
2015/5/8	23.68	24.59	22.97	24.44	5742796	136873616
2015/5/7	25.65	25.65	23.23	23.68	7003784	169366336
2015/5/6	26.77	26.77	25.5	25.68	8100621	210496768
2015/5/5	26.8	27.53	25.55	26.94	6860763	181322896
2015/5/4	27.13	27.19	25.98	26	8242294	219168960
2015/4/30	24.49	26.4	24.03	26.4	16349990	423449568
2015/4/29	23.8	24.58	23.74	24	7119320	171891520
2015/4/28	24.54	24.88	23.63	23.9	7448199	179358000
2015/4/27	24.09	25.32	23.36	24.42	11801298	287824128
2015/4/24	22.35	24.08	22.08	23.9	12047350	283923456
2015/4/23	21.42	22.4	21.42	22.35	10930497	241361248
2015/4/22	20.43	21.62	20.43	21.42	7104218	152176304
2015/4/21	19.89	20.83	19.89	20.62	5633190	115211504
2015/4/20	21.11	21.11	20.05	20.43	6675447	138142016
2015/4/17	21.14	21.74	20.85	21.18	6069586	128005568
2015/4/16	20.33	21.9	20.08	21.14	5704928	120326864
2015/4/15	20.7	22.55	19.88	21.03	9234060	194317840
2015/4/14	21.44	21.49	20.58	20.76	5852417	122174208
2015/4/13	21.74	22.22	21.28	21.4	10071026	218904896
2015/4/10	21.74	22.5	21.25	21.82	6893565	150408640
2015/4/9	21.7	22.97	20.8	21.88	8129085	177085168
2015/4/8	20.42	22.14	20.07	21.8	11055631	231972592
2015/4/7	20.93	21	20	20.57	14622700	299320576
2015/4/3	19.84	21.01	19.5	20.98	12849760	263052176
2015/4/2	19.8	20	19.18	19.9	7909893	155429216
2015/4/1	18.95	19.98	18.95	19.79	6965559	135738736
2015/3/31	18.72	19.53	18.5	19.15	8140415	154734320
2015/3/30	18.38	20	17.85	18.71	12473155	235692672
2015/3/27	18	18.6	17.95	18.47	10678800	195494400
2015/3/26	17.24	18.51	17.01	18.35	16346114	290426112
2015/3/25	16.38	17.55	16.25	17.27	13671262	230215168
2015/3/24	16.77	16.81	15.7	16.4	9811113	160341456
2015/3/23	16.64	16.9	16.41	16.76	9728919	162413760
2015/3/20	16.5	16.95	16.29	16.64	8321235	138856448
2015/3/19	16.7	16.71	16.28	16.51	5356621	88111288
2015/3/18	16.5	16.97	16.21	16.7	8825253	147707440
2015/3/17	16.05	17.12	16.05	16.54	13305534	220202656
2015/3/16	15.5	16.37	15.5	16.02	9863046	157098704
2015/3/13	15.93	16	15.18	15.4	10155833	157006720
2015/3/12	16.4	16.66	15.71	15.95	10443744	167999120
2015/3/11	15.55	16.65	15.52	16.4	16106256	260811424
2015/3/10	15.59	16.21	15.15	15.52	15265862	238464912
2015/3/9	14.36	15.59	14.36	15.58	22888199	346589024
2015/3/6	13.36	14.6	13.35	14.34	20000609	283477568
2015/3/5	13.36	13.44	13.2	13.32	5059675	67306648
2015/3/4	13.37	13.46	13.15	13.32	5337617	71037904
2015/3/3	13.25	13.44	13.1	13.16	6207099	82034312
2015/3/2	13.15	13.33	12.97	13.31	7017963	92135792
2015/2/27	12.85	13.26	12.76	13.18	6966538	90409240
2015/2/26	12.6	12.85	12.53	12.81	5279859	66955948
2015/2/25	12.99	12.99	12.56	12.62	5586992	70706216
2015/2/17	13	13.17	12.77	12.84	5994244	77682624
2015/2/16	12.65	12.88	12.5	12.84	5991236	76147392
2015/2/13	12.28	12.71	12.27	12.51	7481413	93674296
2015/2/12	12.2	12.32	12.1	12.21	5952117	72713672
2015/2/11	12.02	12.28	11.86	12.27	5974985	72106680
2015/2/10	12.19	12.37	12	12.1	5635580	68339232
2015/2/9	12.18	12.83	11.8	12.52	9334872	113624392
2015/2/6	12.51	12.95	12.47	12.47	10582021	132463752
2015/2/5	14.02	14.15	13.67	13.85	4732322	65428236
2015/2/4	14.19	14.24	13.98	14.03	3465981	48947776
2015/2/3	14.5	14.5	14.06	14.18	3913220	55667240
2015/2/2	14.49	14.6	14.33	14.5	1956909	28314382
2015/1/30	14.63	14.85	14.34	14.46	2271973	33020394
2015/1/29	14.65	15.1	14.51	14.63	3250606	47992544
2015/1/28	14.6	14.87	14.55	14.67	3077745	45203496
2015/1/27	14.52	14.75	14.46	14.7	4087442	59782932
2015/1/26	14.66	14.66	14.25	14.6	5683243	82259816
2015/1/23	15.19	15.82	14.83	14.85	10407864	159666992
2015/1/22	14.57	15.31	14.57	15.2	6155940	92917688
2015/1/21	14.49	14.87	14.32	14.68	2377483	34831292
2015/1/20	14.11	14.52	14.11	14.47	1305838	18806998
2015/1/19	14.48	14.66	13.96	14.01	1978440	28424132
2015/1/16	14.49	14.7	14.34	14.51	2063223	29806580
2015/1/15	14.67	14.74	14.46	14.59	1270019	18535644
2015/1/14	14.95	14.99	14.61	14.67	1779796	26349014
2015/1/13	14.39	15.06	14.29	14.95	3315971	49018468
2015/1/12	14.4	14.45	14.18	14.38	1256981	17963014
2015/1/9	14.55	14.66	14.42	14.5	1445987	21055130
2015/1/8	14.58	14.68	14.44	14.58	1741825	25379122
2015/1/7	14.34	14.79	14.28	14.59	2374200	34678296
2015/1/6	14.45	14.45	13.99	14.27	2588895	36665312
2015/1/5	14.51	14.8	14.25	14.52	2841572	41232564
2014/12/31	13.39	14.73	13.18	14.6	5536288	79731272
2014/12/30	13.64	13.68	13.2	13.39	1642361	21966760
2014/12/29	13.68	13.73	13.45	13.61	1540836	20928926
2014/12/26	13.61	13.75	13.53	13.6	1586384	21596020
2014/12/25	13.53	13.8	13.34	13.52	1761905	23901508
2014/12/24	13.39	13.54	13.12	13.49	2022204	26973402
2014/12/23	13.15	13.39	12.88	12.98	2018611	26535850
2014/12/22	14.1	14.45	12.98	13.18	4038647	55179876
2014/12/19	14.65	14.65	14.1	14.3	2395568	34354752
2014/12/18	14.73	14.87	14.41	14.68	2205050	32295388
2014/12/17	15.19	15.19	14.65	14.73	2849254	42130376
2014/12/16	15.33	15.33	15.01	15.2	2237844	33841320
2014/12/15	15.38	15.4	14.99	15.34	4078107	62200956
2014/12/12	14.6	15.25	14.59	15.25	4343950	64481196
2014/12/11	14.37	14.63	14.3	14.6	4106332	59538896
2014/12/10	14.2	14.49	13.9	14.49	3613420	51278952
2014/12/9	14.9	14.9	14.03	14.11	5978511	86161144
2014/12/8	15.15	15.41	14.91	14.94	4219428	63664708
2014/12/5	15.78	15.81	14.9	15.1	5672190	85968088
2014/12/4	15.79	15.95	15.68	15.78	4816739	76092816
2014/12/3	16.08	16.14	15.56	15.77	4490196	70812024
2014/12/2	16.04	16.23	15.92	16.04	2308777	37172244
2014/12/1	16.3	16.42	15.9	16.08	3363315	54117864
2014/11/28	15.96	16.36	15.88	16.32	5293209	85653928
2014/11/27	16.14	16.19	15.85	15.95	4182247	66767852
2014/11/26	16.24	16.27	16.09	16.13	2344550	37815896
2014/11/25	16.18	16.35	16.08	16.24	2449439	39624008
2014/11/24	16.57	16.57	16	16.18	3608932	58416060
2014/11/21	16.27	16.5	16.21	16.35	1727185	28226446
2014/11/20	16.3	16.37	16.13	16.27	1113684	18052234
2014/11/19	16.3	16.52	16.3	16.36	1321370	21653486
2014/11/18	16.31	16.59	16.1	16.27	1534166	25166408
2014/11/17	16.3	16.38	15.93	16.36	2790773	44983264
2014/11/14	16.54	16.6	16.11	16.3	1303749	21176208
2014/11/13	16.42	16.75	16.02	16.6	2436441	39862288
2014/11/12	16.45	16.45	16.06	16.41	1516746	24770138
2014/11/11	16.95	17.01	16.01	16.45	3097245	51165876
2014/11/10	16.95	17.6	16.9	17.02	3097299	53057308
2014/11/7	17.38	17.58	16.91	16.93	3237103	55672708
2014/11/6	17.23	17.72	17.2	17.48	5730666	100227912
2014/11/5	16.6	17.36	16.5	17.27	3608911	61068220
2014/11/4	17	17.01	16.5	16.71	2336443	39126740
2014/11/3	17.01	17.19	16.83	16.9	3233479	54984556
2014/10/31	16.85	17.2	16.77	17.05	3702697	63107676
2014/10/30	17.3	17.39	16.85	16.88	2517840	42941572
2014/10/29	16.8	17.33	16.62	17.26	3716545	63020428
2014/10/28	16.48	16.83	16.4	16.73	1820738	30334212
2014/10/27	16.86	16.9	16.36	16.46	1941686	32226552
2014/10/24	15.95	16.75	15.95	16.66	3069675	50540596
2014/10/23	16.12	16.12	15.8	15.9	1585469	25252146
2014/10/22	16.56	16.56	15.88	15.9	2064050	33474310
2014/10/21	16.25	16.65	16.17	16.59	2060200	33954612
2014/10/20	16.14	16.36	16.06	16.33	1796223	29152400
2014/10/17	16.56	16.78	16.08	16.08	2625039	42678580
2014/10/16	16.98	16.98	16.51	16.51	2153172	35989516
2014/10/15	17.01	17.01	16.66	16.85	3447439	57945324
2014/10/14	17.28	17.36	17.05	17.15	2062063	35483320
2014/10/13	17.4	17.42	16.9	17.29	2515178	43175928
2014/10/10	17.15	17.61	17.1	17.43	3809071	66102968
2014/10/9	17.4	17.5	17.14	17.34	3206916	55415328
2014/10/8	17.2	17.68	16.9	17.3	7399430	128028248
2014/9/30	17	17	16.21	16.64	10939112	180970432
2014/9/29	17.55	17.83	17.42	17.49	4412986	77832392
2014/9/26	17.78	17.8	17.2	17.61	6920814	121115144
2014/9/25	17.91	18.13	17.48	17.83	9342330	165826576
2014/9/24	17.77	18.2	17.64	17.99	9108957	163438272
2014/9/23	17.59	18.1	17.14	17.9	11707798	208153008
2014/9/22	17.6	18.1	17.42	17.5	7890112	140076160
2014/9/19	17.06	18.08	17.02	17.75	13097718	233042848
2014/9/18	17	17.44	16.5	17.1	7080805	120532440
2014/9/17	17.35	17.56	16.8	17.09	8967965	153160400
2014/9/16	17.59	18.15	17.19	17.78	15606784	276855872
2014/9/15	17.68	18.1	17.53	17.58	21073481	374048256
2014/9/12	17.55	18.54	16.45	18.42	38448251	675530368
2014/9/11	16.85	16.85	16.85	16.85	6904332	116337992
2014/9/10	15.32	15.32	15.32	15.32	1037285	15891206
2014/9/9	13.93	13.93	13.93	13.93	238658	3324506
2014/9/5	12.66	12.66	12.66	12.66	426264	5396502
2014/5/26	11.53	11.75	11.05	11.51	1707828	19547028
2014/5/23	11.52	11.59	11.47	11.54	499076	5747170.5
2014/5/22	11.67	11.67	11.48	11.55	441924	5119006
2014/5/21	11.59	11.79	11.55	11.63	523993	6089076
2014/5/20	11.62	11.8	11.27	11.66	1362190	15688822
2014/5/19	11.57	11.68	11.44	11.6	382713	4429289.5
2014/5/16	11.78	11.78	11.55	11.6	472789	5499150.5
2014/5/15	11.86	11.94	11.68	11.68	469493	5511827.5
2014/5/14	12.01	12.06	11.84	11.94	996439	11907556
2014/5/13	12.06	12.12	11.9	12.01	1257370	15069983
2014/5/12	11.86	12.1	11.77	12.06	2648155	31712508
2014/5/9	11.5	11.9	11.35	11.82	1951775	22712626
2014/5/8	11.6	11.74	11.48	11.5	1103911	12779040
2014/5/7	11.85	11.88	11.55	11.6	1427400	16663436
2014/5/6	11.99	12.05	11.84	11.88	1644640	19614882
2014/5/5	12.05	12.05	11.68	11.99	1051880	12420842
2014/4/30	12.1	12.18	11.9	12.08	1174164	14105693
2014/4/29	11.74	12.09	11.74	12.07	1075130	12815771
2014/4/28	12.2	12.28	11.73	11.82	1581742	18794234
2014/4/25	12.5	12.5	12.23	12.26	1060851	13112734
2014/4/24	12.76	12.76	12.37	12.37	986900	12369825
2014/4/23	12.35	12.58	12.27	12.58	1060789	13179740
2014/4/22	12.43	12.45	12.21	12.34	1321120	16236551
2014/4/21	12.7	12.7	12.41	12.43	1673534	20894476
2014/4/18	13	13.07	12.78	12.8	1143103	14732056
2014/4/17	13.15	13.17	12.9	13	1224196	15932365
2014/4/16	13.14	13.17	12.84	13.15	1636268	21375912
2014/4/15	13.08	13.29	12.95	13.14	2831183	37146324
2014/4/14	12.69	13.28	12.69	13.09	5237511	68667160
2014/4/11	12.45	12.85	12.39	12.69	2819092	35698440
2014/4/10	12.62	12.66	12.36	12.43	2575894	32293980
2014/4/9	12.47	12.66	12.42	12.62	2303068	29010496
2014/4/8	12.28	12.52	12.21	12.48	1861641	23101682
2014/4/4	12.26	12.35	12.14	12.33	1151148	14118696
2014/4/3	12.17	12.35	12.14	12.29	2297096	28140670
2014/4/2	12.12	12.23	12.06	12.12	967340	11754082
2014/4/1	12.14	12.14	12.07	12.12	894939	10830739
2014/3/31	12.07	12.16	11.89	12.15	1609552	19364618
2014/3/28	12.2	12.26	11.98	12.13	2709575	32715286
2014/3/27	12.32	12.32	12.18	12.2	1648066	20166266
2014/3/26	12.28	12.33	12.15	12.33	2005991	24544898
2014/3/25	12.31	12.38	12.17	12.24	2159718	26483988
2014/3/24	12.27	12.36	12.2	12.31	1786791	21979762
2014/3/21	12.23	12.3	12.04	12.27	2656143	32293286
2014/3/20	12.53	12.71	12.16	12.21	2110471	26192120
2014/3/19	12.81	12.81	12.45	12.53	1381583	17347642
2014/3/18	12.7	12.9	12.65	12.77	1906932	24383884
2014/3/17	12.6	12.75	12.48	12.7	1247987	15753147
2014/3/14	12.6	12.74	12.4	12.59	943644	11855185
2014/3/13	12.58	12.78	12.41	12.6	1509671	19008618
2014/3/12	12.5	12.57	12.33	12.49	670801	8347082
2014/3/11	12.37	12.66	12.17	12.52	1452153	18048530
2014/3/10	12.44	12.5	12.13	12.39	1833905	22579594
2014/3/7	12.61	12.62	12.45	12.5	1643578	20585860
2014/3/6	12.69	12.73	12.45	12.6	2177733	27399458
2014/3/5	12.66	12.85	12.54	12.68	2380641	30271648
2014/3/4	12.94	12.94	12.58	12.6	4045524	51357704
2014/3/3	12.8	13.21	12.52	13.08	3287668	41841776
2014/2/28	12.92	13.08	12.22	12.92	5548142	70095408
2014/2/27	13.27	13.28	12.92	12.92	2165149	28377276
2014/2/26	13.2	13.44	12.57	13.28	3426349	44655656
2014/2/25	14.18	14.18	13.08	13.3	4969019	67806520
2014/2/24	13.9	14.15	13.75	14	5857653	81956064
2014/2/21	13.76	13.97	13.57	13.89	5334809	73608696
2014/2/20	13.44	13.97	13.35	13.73	10095339	138645120
2014/2/19	13.33	13.53	13.11	13.43	5950781	79516128
2014/2/18	13.22	13.22	13.07	13.11	2701369	35413372
2014/2/17	13.22	13.3	13	13.19	3954026	51973884
2014/2/14	13.1	13.22	12.93	13.22	4033673	52835372
2014/2/13	13.25	13.29	13.03	13.1	3758560	49340556
2014/2/12	13.63	13.63	13.25	13.29	3918008	52336848
2014/2/11	13.64	13.65	13.44	13.56	2208497	29877850
2014/2/10	13.48	13.64	13.4	13.6	1995470	27004210
2014/2/7	13.48	13.5	13.27	13.49	623417	8363286.5
2014/1/30	13.29	13.66	13.21	13.48	807779	10865196
2014/1/29	13.13	13.3	13.08	13.3	1051583	13903925
2014/1/28	13.2	13.3	13.06	13.13	1129431	14872501
2014/1/27	13.66	13.66	13.1	13.2	2431420	32320448
2014/1/24	13.62	13.82	13.62	13.66	1837260	25170898
2014/1/23	13.74	13.93	13.67	13.7	1892795	26131254
2014/1/22	13.66	13.89	13.58	13.79	1983450	27158620
2014/1/21	13.75	13.88	13.65	13.68	867289	11901190
2014/1/20	13.95	13.95	13.6	13.68	545965	7497394.5
2014/1/17	13.9	13.9	13.7	13.71	703280	9679850
2014/1/16	14.05	14.45	13.78	13.92	1449991	20274154
2014/1/15	13.71	14.3	13.71	14.02	2046427	28731076
2014/1/14	13.8	13.9	13.63	13.78	1877450	25816722
2014/1/13	14.16	14.28	13.58	13.8	1547231	21315326
2014/1/10	14.12	14.35	13.91	14.15	1579919	22283872
2014/1/9	14.62	14.62	14.19	14.22	1895896	27322038
2014/1/8	14.41	14.79	14.27	14.62	2860526	41466168
2014/1/7	14.04	14.6	13.92	14.58	4596192	65930988
2014/1/6	14.13	14.33	13.88	14.04	3355997	47564988
2014/1/3	14.04	14.2	13.77	14	2184033	30516570
2014/1/2	13.9	14.29	13.73	14.04	3281175	46266788
2013/12/31	13.15	14.16	13.05	13.88	4906886	66860072
2013/12/30	13	13.23	12.98	13.15	1366886	17909266
2013/12/27	12.9	13.04	12.8	13	917724	11893637
2013/12/26	12.91	13	12.72	13	943423	12099084
2013/12/25	12.99	13.02	12.88	12.91	928251	11996355
2013/12/24	12.92	13.13	12.84	13	932041	12080506
2013/12/23	13.15	13.22	12.86	12.9	1283822	16656491
2013/12/20	13.04	13.31	12.53	13.2	2119820	27656930
2013/12/19	13.08	13.2	12.88	13	920123	11984745
2013/12/18	13.12	13.2	13	13.06	889625	11634806
2013/12/17	13.3	13.3	13.07	13.2	948930	12462127
2013/12/16	13.38	13.46	13.19	13.2	1083712	14386043
2013/12/13	13.6	13.83	13.35	13.43	1382879	18657012
2013/12/12	13.88	13.88	13.41	13.58	1139922	15501669
2013/12/11	13.65	13.66	13.42	13.49	915853	12391985
2013/12/10	13.58	13.84	13.38	13.78	1635205	22245006
2013/12/9	13.49	13.69	13.49	13.57	1070651	14509324
2013/12/6	13.5	13.7	13.5	13.57	816982	11106272
2013/12/5	13.59	13.75	13.4	13.6	1577982	21524610
2013/12/4	13.44	13.75	13.21	13.64	2777363	37481084
2013/12/3	13.35	13.54	13.06	13.39	1898043	25218176
2013/12/2	14.01	14.01	13.2	13.35	2394380	32393236
2013/11/29	14.22	14.28	14.07	14.16	1430900	20236122
2013/11/28	14.24	14.42	14.05	14.23	2693000	38218540
2013/11/27	14.08	14.48	14.07	14.33	5641744	80614496
2013/11/26	14.3	14.3	14.01	14.14	774798	10936552
2013/11/25	14	14.15	13.96	14.15	1006415	14139121
2013/11/22	14.03	14.16	13.78	14.15	1508735	20999020
2013/11/21	14.11	14.11	13.91	14.01	1352174	18937578
2013/11/20	14.22	14.27	13.99	14.2	1631053	22975488
2013/11/19	14.67	14.67	14.1	14.29	1584744	22644408
2013/11/18	14.06	14.4	14.06	14.29	1261305	17988602
2013/11/15	13.84	14.39	13.84	14.29	1346439	19068948
2013/11/14	13.78	14.05	13.76	14.05	1001996	13939713
2013/11/13	14.03	14.2	13.71	14.05	1768017	24549502
2013/11/12	15.15	15.15	14.02	14.17	1433948	20432554
2013/11/11	14.5	14.5	13.96	14.08	1227262	17380576
2013/11/8	14.59	14.65	13.8	14.6	1400259	20162260
2013/11/7	14.63	14.7	14.38	14.53	891074	12918438
2013/11/6	14.65	14.85	14.56	14.67	881309	12939657
2013/11/5	14.51	14.76	14.51	14.73	708424	10389913
2013/11/4	14.68	14.68	14.4	14.62	903509	13149852
2013/11/1	14.38	14.75	14.38	14.68	948042	13776852
2013/10/31	14.67	14.77	14.26	14.63	1450335	21065528
2013/10/30	14.5	14.75	14.25	14.69	1337789	19320088
2013/10/29	14.71	14.75	13.9	14.5	2696295	38490312
2013/10/28	15.3	15.4	13.9	14.83	2687094	39622916
2013/10/25	15.38	15.69	15.11	15.3	2450171	37769116
2013/10/24	15.5	15.55	15.06	15.2	2617953	39942640
2013/10/23	15.44	15.95	15.23	15.49	5788523	90533448
2013/10/22	14.78	15.44	14.73	15.41	6175893	93024288
2013/10/21	14.69	14.9	14.53	14.78	4791962	70496816
2013/10/18	14.7	15.05	14.57	14.7	3354724	49730876
2013/10/17	14.38	14.75	14.31	14.7	2431182	35477236
2013/10/16	14.6	14.6	14.25	14.38	1875458	27045832
2013/10/15	14.57	14.6	14.45	14.58	2251147	32704796
2013/10/14	14.38	14.62	14.25	14.56	3600743	52264096
2013/10/11	14.38	14.44	14.26	14.38	2544544	36532604
2013/10/10	14.25	14.48	14.17	14.36	3342280	47827760
2013/10/9	14	14.35	13.8	14.28	3511266	49812880
2013/10/8	13.41	13.82	13.31	13.75	1655729	22591310
2013/9/30	13.6	13.6	13.35	13.41	1095618	14776311
2013/9/27	13.28	13.52	13.23	13.49	1745005	23398028
2013/9/26	13.98	13.98	13.03	13.26	3605354	49013268
2013/9/25	14.4	14.54	13.9	14	2758838	39264080
2013/9/24	14.34	14.55	14.23	14.4	3355271	48307308
2013/9/23	14.26	14.47	14.15	14.29	2945404	42180672
2013/9/18	14.19	14.3	14.06	14.27	1283603	18186666
2013/9/17	14.55	14.63	14.15	14.19	2051321	29471454
2013/9/16	14.29	14.65	14.29	14.54	3733158	54159160
2013/9/13	14.19	14.45	13.98	14.33	2473791	35284896
2013/9/12	14.19	14.83	14.1	14.27	7498612	108713392
2013/9/11	14.16	14.24	13.82	14.24	2740733	38365828
2013/9/10	14.55	14.55	14.09	14.15	2065680	29359484
2013/9/9	14.32	14.48	14.08	14.11	3216744	45851684
2013/9/6	14.18	15.14	14.15	14.34	9222171	135124912
2013/9/5	13.95	14.15	13.83	14.15	2250867	31500420
2013/9/4	14.11	14.16	13.93	13.98	2254481	31629832
2013/9/3	14.02	14.16	13.86	14.07	1896884	26657096
2013/9/2	14.37	14.38	13.88	13.97	2300262	32274718
2013/8/30	14.52	14.52	13.86	14.3	5210186	74035488
2013/8/29	13.55	14.59	13.43	14.41	10167852	143822320
2013/8/28	13.39	13.79	13.36	13.56	3214991	43693188
2013/8/27	13.44	13.5	13.32	13.5	2634248	35279064
2013/8/26	13.44	13.45	13.25	13.43	2536499	33927300
2013/8/23	13.33	13.59	13.16	13.35	1844233	24614734
2013/8/22	13.28	13.32	13.21	13.29	2042635	27121002
2013/8/21	13.2	13.38	13.1	13.28	1527040	20230366
2013/8/20	13.45	13.45	13.2	13.34	1674662	22294264
2013/8/19	13.09	13.47	12.95	13.42	2107951	27981536
2013/8/16	13.19	13.45	13.05	13.18	3889488	51450688
2013/8/15	13.86	13.86	13.23	13.26	4587475	61972956
2013/8/14	13.85	13.96	13.76	13.88	2431709	33681432
2013/8/13	13.79	14.07	13.71	13.84	4603860	63793936
2013/8/12	14.3	14.3	13.44	13.93	7653544	106494656
2013/8/9	14.77	14.98	14.53	14.9	4136883	61228336
2013/8/8	14.73	14.9	14.5	14.7	1978731	29009064
2013/8/7	14.95	15	14.72	14.77	1834247	27265970
2013/8/6	14.98	15.05	14.69	14.94	2756061	41050432
2013/8/5	14.57	14.95	14.57	14.68	1922463	28260144
2013/8/2	14.7	14.8	14.37	14.57	1750867	25537316
2013/8/1	14.35	14.99	14.35	14.6	2773179	40611728
2013/7/31	14.33	14.65	14.16	14.33	1506295	21605246
2013/7/30	14.21	14.69	14.21	14.36	1439127	20798208
2013/7/29	14.67	14.9	14.3	14.4	1731789	25226998
2013/7/26	15.02	15.08	14.53	14.86	2106266	31103262
2013/7/25	15.58	15.78	14.9	15	2408144	36614796
2013/7/24	15.6	15.88	15.26	15.5	6704496	103817368
2013/7/23	15.13	15.65	14.88	15.65	12207640	186546384
2013/7/22	14.04	15.28	14.01	15	7341215	108185528
2013/7/19	14.1	14.42	14.09	14.11	2454343	35053868
2013/7/18	14.1	14.31	13.71	14.14	2496941	35122052
2013/7/17	14.37	14.4	14	14.01	2445979	34599248
2013/7/16	14.32	14.44	14.17	14.37	2369981	33870248
2013/7/15	13.98	14.47	13.9	14.36	4391645	62349236
2013/7/12	14.34	14.5	13.89	13.89	2742029	38999716
2013/7/11	14.5	14.55	14.16	14.39	4015175	57909064
2013/7/10	13.5	14.28	13.48	14.25	3590478	50178916
2013/7/9	13.53	13.89	13.48	13.5	1276353	17357550
2013/7/8	14	14.2	13.65	13.67	1732903	24121658
2013/7/5	14.56	14.75	14	14.39	2240732	32392684
2013/7/4	14.69	14.85	14.53	14.7	3262299	47930248
2013/7/3	14.56	15.15	14.3	14.82	7152664	105520680
2013/7/2	13.7	14.52	13.7	14.13	3363803	47710432
2013/7/1	13.25	14.16	13.15	13.93	3871839	52769580
2013/6/28	13.02	13.43	13.02	13.25	3585115	47535396
2013/6/27	12.96	13.46	12.8	12.9	4205838	55515624
2013/6/26	12.98	13.23	12.5	13	5086855	65673284
2013/6/25	13.6	13.9	12.42	13.38	6901530	88813472
2013/6/24	15.01	15.05	13.61	13.8	2459945	35351992
2013/6/21	15	15.09	14.22	15.09	3495300	51069604
2013/6/20	15.75	15.75	15.11	15.11	2452064	37712324
2013/6/19	15.8	15.98	15.44	15.75	2663748	41666412
2013/6/18	16.38	16.45	15.66	15.99	2659659	42622976
2013/6/17	16.51	16.69	16.1	16.45	2488672	40581460
2013/6/14	16.35	16.72	16.2	16.51	2371459	39124852
2013/6/13	16.18	16.45	15.15	16.39	3653148	58070652
2013/6/7	16.78	16.98	16.25	16.48	2464600	40986168
2013/6/6	16.36	16.98	16.36	16.75	4411993	73853512
2013/6/5	16	16.36	15.8	16.3	2668048	43279192
2013/6/4	16.6	16.7	15.66	16.1	5455816	88194400
2013/6/3	16.91	17.08	16.5	16.64	4221937	71018944
2013/5/31	17.06	17.2	16.79	16.99	5214172	88629024
2013/5/30	16.78	17.37	16.74	17	6550592	112041976
2013/5/29	17.05	17.09	16.7	16.85	8907866	150346384
2013/5/28	18.4	18.48	16.85	17.29	17737226	306013376
2013/5/27	18	18.72	18	18.72	4634474	85564408
2013/5/24	18.41	18.6	17.85	18.1	4587013	83575536
2013/5/23	18.8	18.97	18.22	18.4	4392430	81430648
2013/5/22	19.48	19.48	18.69	18.79	5310767	100962272
2013/5/21	18.78	19.32	18.51	19.29	6652307	126655608
2013/5/20	18.61	18.97	18.18	18.78	7600204	141850656
2013/5/17	18.13	18.45	17.5	18.36	7258736	132254304
2013/5/16	17.91	18.64	17.9	18.12	6081390	111451408
2013/5/15	17.5	18.18	17.5	18.09	5510211	98709832
2013/5/14	17.5	17.76	17.22	17.48	3122923	54456492
2013/5/13	17.3	17.81	17.3	17.48	4121617	72584592
2013/5/10	17.05	17.33	16.85	17.3	3374657	57694336
2013/5/9	17.03	17.2	16.64	17.04	3597923	60701288
2013/5/8	17.05	17.49	16.93	17.02	5101533	87764152
2013/5/7	16.69	17.18	16.6	17.18	5703523	96713688
2013/5/6	16.08	16.76	16	16.69	3478093	57491484
2013/5/3	16.1	16.25	15.94	16.08	2761722	44415256
2013/5/2	16.15	16.45	15.88	15.88	2710051	43660680
2013/4/26	16.75	16.98	16.2	16.2	3452476	57089572
2013/4/25	16.99	17.3	16.3	16.95	7059737	119481896
2013/4/24	16.39	17.26	16.39	17.05	8758846	148162848
2013/4/23	16.26	16.79	16.19	16.37	6116128	100751088
2013/4/22	15.18	16.58	15.12	16.47	8842559	141095728
2013/4/19	15.28	15.79	15.2	15.6	3839411	59935972
2013/4/18	15.28	15.45	15.01	15.25	2978413	45402976
2013/4/17	15	15.5	14.96	15.41	4586518	69879824
2013/4/16	14.75	15.15	14.68	14.91	6276249	93271080
2013/4/15	15.91	15.95	15.25	15.51	3978784	61726700
2013/4/12	16.31	16.66	16.21	16.28	2302772	37815260
2013/4/11	16.8	16.83	16.4	16.4	3673343	60931576
2013/4/10	16.31	16.91	16.24	16.65	6194257	103489848
2013/4/9	16.06	16.55	16.02	16.4	4671154	76597888
2013/4/8	15.58	16.35	15.23	16.09	4851628	76728984
2013/4/3	16.22	16.22	15.5	15.94	4604252	72863232
2013/4/2	16.2	16.42	15.89	16.18	3813227	61677704
2013/4/1	15.8	16.55	15.74	16.26	5930138	96454600
2013/3/29	15.83	16.62	15.72	15.78	6335996	101955360
2013/3/28	16.29	16.29	15.8	15.9	6950121	110921240
2013/3/27	17	17.15	16.21	16.39	12904117	212992464
2013/3/26	16.86	17.21	16.75	17	6890819	117384336
2013/3/25	16.95	17.49	16.53	17.21	14240933	242249008
2013/3/22	18.7	18.72	17.15	17.28	22095995	389926880
2013/3/21	19.29	19.56	18.87	19.06	6942281	132572952
2013/3/20	19.2	19.42	18.73	19.25	4552323	86929560
2013/3/19	19.17	19.6	18.71	19.08	4481732	86165376
2013/3/18	18	19.26	18	19.16	6664486	124293200
2013/3/15	17.63	18.35	17.63	17.92	5594068	100831792
2013/3/14	18.4	18.52	17.66	17.73	5817185	104539416
2013/3/13	18.15	18.65	18.05	18.53	5755707	105810112
2013/3/12	17.88	19.8	17.75	18.65	14197566	260933936
2013/3/11	19.46	19.95	19.44	19.44	2790300	54365584
2013/3/1	19.66	21.6	19.3	21.6	10141257	211114544
2013/2/28	19.4	19.9	18.87	19.64	6843356	133286480
2013/2/27	18.66	19.8	18.53	19.37	8601993	164809088
2013/2/26	19.67	20.27	18.75	18.75	12401353	239485552
2013/2/25	22.39	22.66	20.69	20.78	14878718	314673696
2013/2/22	23.21	23.69	22.12	22.99	7171506	164218784
2013/2/21	22.79	24.6	20.66	22.4	11523107	258855776
2013/2/18	22.95	23.38	22.31	22.95	5642706	127994152
2013/2/8	21.3	22.98	21.15	22.98	5215302	116355664
2013/2/7	20.52	21.79	20.41	21.37	4966404	104363632
2013/2/6	19.85	21	19.82	20.72	8158055	166942816
2013/2/5	19.01	19.97	18.88	19.89	5948809	116551896
2013/2/4	19.79	20.01	18.8	19.12	6446947	124790288
2013/2/1	18.36	20	18.26	19.66	12016942	230596016
2013/1/31	16.95	18.57	16.95	18.29	9169706	164023456
2013/1/30	17.18	17.46	16.86	16.95	6011889	103233760
2013/1/29	16.9	17	16.52	16.87	4971632	83725016
2013/1/28	15.58	16.91	15.55	16.8	7449405	122845000
2013/1/25	15.24	15.61	15.01	15.45	2249497	34689388
2013/1/24	16	16.05	14.98	15.24	5306961	82392344
2013/1/23	16.03	16.36	15.88	16.05	3003424	48245332
2013/1/22	16.31	16.6	15.89	16.04	2510125	40583540
2013/1/21	16.88	16.88	15.96	16.39	4755703	77327064
2013/1/18	16.4	16.97	16.4	16.74	3490544	58504840
2013/1/17	16.9	17.26	16.41	16.46	4532186	76119640
2013/1/16	16	16.98	16	16.9	9772637	161861376
2013/1/15	16.12	16.19	15.65	16	5687725	90352624
2013/1/14	16	16.42	14.87	16.12	8668868	135996720
2013/1/10	15.17	16.69	15.15	16.16	6689708	108442832
2013/1/9	15.2	15.5	15	15.17	2736048	41635656
2013/1/8	14.03	15.35	14.03	15.23	4738320	69620400
2013/1/7	14.2	14.27	13.91	14.1	2495962	35114704
2013/1/4	14.47	14.78	14.22	14.28	2093795	30309348
2012/12/31	14.45	14.5	14.22	14.47	2021473	29086848
2012/12/28	13.99	14.66	13.9	14.5	3318530	47923052
2012/12/27	14	14.15	13.8	14.06	2190961	30631584
2012/12/26	13.98	14.16	13.82	14	2751865	38475472
2012/12/25	13.89	14.25	13.7	13.99	3081225	43010692
2012/12/24	13.2	14.06	13.2	13.99	4605954	63668128
2012/12/21	12.65	13.45	12.65	13.3	5047756	66161852
2012/12/20	12.69	12.79	12.35	12.68	1983081	24959178
2012/12/19	12.7	12.76	12.31	12.7	2106943	26497544
2012/12/18	12.96	13.19	12.5	12.62	2842826	36606160
2012/12/17	13.29	13.29	13	13.06	1464547	19167576
2012/12/14	12.81	13.34	12.81	13.29	2337417	30589660
2012/12/13	13.13	13.24	12.8	12.8	1145472	14919872
2012/12/12	12.95	13.26	12.95	13.1	751484	9869165
2012/12/11	13.05	13.25	12.95	13.05	842359	11067591
2012/12/10	12.88	13.27	12.75	13.14	1721086	22369634
2012/12/7	12.65	12.92	12.43	12.84	1641211	20941586
2012/12/6	12.88	12.88	12.55	12.6	1064923	13524089
2012/12/5	12.53	13.12	12.38	12.88	2467845	31532962
2012/12/4	12.74	12.88	12.09	12.6	1464122	18188364
2012/12/3	12.3	12.98	12.3	12.66	1752755	22351830
2012/11/30	12.02	12.68	11.98	12.63	2267027	28346062
2012/11/29	12.28	12.38	11.94	11.96	1398802	16972936
2012/11/28	12.58	12.58	11.93	12.28	1484935	18142524
2012/11/27	13.41	13.6	12.55	12.58	2367949	30527422
2012/11/26	13.9	14.09	13.45	13.55	1337606	18348450
2012/11/23	14.06	14.13	13.88	13.9	724901	10105487
2012/11/22	14.1	14.15	13.9	13.93	471024	6589881.5
2012/11/21	14.2	14.37	13.8	14.15	706435	9927207
2012/11/20	14.07	14.33	14	14.14	1057723	15004834
2012/11/19	13.71	14.05	13.56	13.95	1516507	21123260
2012/11/16	14.25	14.63	13.6	13.71	1601241	22594118
2012/11/15	14.7	14.86	14.56	14.56	534146	7851021.5
2012/11/14	14.83	14.84	14.61	14.7	1040529	15314213
2012/11/13	15.15	15.28	14.75	14.82	1183148	17652908
2012/11/12	15.2	15.38	15.06	15.1	671552	10208366
2012/11/9	14.6	15.45	14.45	15.2	2159636	32425004
2012/11/8	15.03	15.3	14.5	14.59	2144110	32019584
2012/11/7	15.4	15.45	15.1	15.31	896108	13670078
2012/11/6	14.93	15.47	14.93	15.4	2259499	34464668
2012/11/5	15.55	15.55	14.8	15.12	5889332	88698536
2012/11/2	17.8	17.8	15.8	15.8	4073871	66528404
2012/11/1	16.15	16.28	16.08	16.18	1492758	24113410
2012/10/31	16.32	16.32	15.99	16.08	1287080	20735770
2012/10/30	16.25	16.42	15.95	16.2	1443966	23323688
2012/10/29	16.7	16.71	16.18	16.3	1316970	21542796
2012/10/26	16.47	16.69	16.24	16.67	1968199	32396736
2012/10/25	16.7	16.92	16.42	16.47	2232724	37256036
2012/10/24	16.1	17.17	16.1	16.85	5438484	91305416
2012/10/23	16.48	16.48	15.87	16.14	1675429	27100250
2012/10/22	16.5	16.67	16.23	16.3	1900719	31272050
2012/10/19	16.29	16.48	16.19	16.36	1924593	31414044
2012/10/18	16.14	16.37	16.06	16.28	1426998	23186968
2012/10/17	16.4	16.4	15.75	16.06	2215360	35504768
2012/10/16	16.83	16.83	16.27	16.28	3219999	53011652
2012/10/15	17.2	17.2	16.65	16.74	4069561	68873256
2012/10/12	16.8	16.99	16.5	16.95	2578473	43249464
2012/10/11	16.99	17.09	16.72	16.8	2984626	50424616
2012/10/10	16.38	17.39	16.32	17	5775295	97393096
2012/10/9	16.03	16.51	16	16.44	5002399	81728608
2012/10/8	16.93	16.93	16.16	16.3	8358872	137758992
2012/9/14	15.52	15.74	14.75	15.39	4986189	75831968
2012/9/13	15.6	15.98	15.2	15.29	3792479	59123196
2012/9/12	16.28	16.47	15.16	15.81	6179075	97476168
2012/9/11	17.01	17.01	15.9	16.28	7027448	115218024
2012/9/10	17.27	17.48	16.81	17.19	2834013	48452784
2012/9/7	16.63	17.31	16.52	17.26	3767630	63847432
2012/9/6	16.47	16.77	16.36	16.61	1347935	22350812
2012/9/5	16.52	16.6	16.27	16.47	1179435	19342462
2012/9/4	16.66	16.68	16.33	16.46	1828111	30149640
2012/9/3	16	16.65	16	16.5	2501665	41133540
2012/8/31	15.94	16	15.65	15.97	1380233	21911252
2012/8/30	15.61	15.98	15.2	15.94	1824293	28630294
2012/8/29	16.53	16.53	15.7	15.78	3086691	49647640
2012/8/28	16.09	16.46	15.82	16.4	1832741	29591294
2012/8/27	16.16	16.39	15.58	16.09	2661796	42512184
2012/8/24	16.21	16.56	16.11	16.17	1960023	31961810
2012/8/23	16.32	16.58	16.32	16.34	1473997	24235964
2012/8/22	16.35	16.73	16.29	16.41	1579651	26045314
2012/8/21	16.39	16.54	16.02	16.46	2297843	37686136
2012/8/20	16.83	16.83	15.55	16.4	4729637	76670024
2012/8/17	16.5	17.2	16.5	16.87	4280946	72480624
2012/8/16	16.2	16.87	16.15	16.79	4716836	78642840
2012/8/15	15.81	16.22	15.58	16.2	3500983	55988276
2012/8/14	16	16.18	14.61	15.85	9110263	137937536
2012/8/13	16.19	16.44	15.75	16.23	2375584	38416412
2012/8/10	16.8	16.8	16	16.19	4234755	68885080
2012/8/9	16.64	16.84	16.3	16.79	2787299	46217016
2012/8/8	16.86	16.98	16.45	16.68	2614067	43596720
2012/8/7	17.2	17.84	16.66	16.86	4771248	81271640
2012/8/6	16.81	17.28	16.6	17.17	3965785	67458032
2012/8/3	16.75	17.02	16.35	16.82	4162743	69310680
2012/8/2	17.08	17.24	16.6	16.85	4844149	81819672
2012/8/1	16.49	17.38	16.4	17.13	6832986	115967072
2012/7/31	15.33	17	15.06	16.53	8210826	134048840
2012/7/30	15.99	16.21	14.94	15.5	3943288	61341664
2012/7/27	15.54	16.1	15.54	16	4613176	73496048
2012/7/26	14.84	16.2	14.84	15.44	3803255	59010532
2012/7/25	14.77	15.07	14.65	14.89	1752602	26085864
2012/7/24	14.5	14.99	14.5	14.82	1579789	23326006
2012/7/23	14.94	14.94	14.41	14.66	1770546	25922456
2012/7/20	14.85	15.1	14.56	14.97	2777226	41142520
2012/7/19	14.02	14.95	14.02	14.8	4441421	64886172
2012/7/18	13.3	14.22	12.79	14.04	6236946	83918144
2012/7/17	14.65	14.9	13.19	13.19	6084749	84365248
2012/7/16	15.6	15.6	14.65	14.65	4025092	60097408
2012/7/13	15.35	15.71	15.21	15.45	1880297	29199456
2012/7/12	14.99	15.5	14.73	15.35	1943629	29562212
2012/7/11	15.08	15.09	14.65	14.99	2122486	31555938
2012/7/10	15.55	15.7	15	15.08	2838989	43485544
2012/7/9	16.11	16.57	15.73	15.74	3682717	59461872
2012/7/6	15.8	16.24	15.66	16.2	3261825	52212724
2012/7/5	16.15	16.15	15.56	15.8	3302428	52166928
2012/7/4	15.91	16.2	15.9	16.15	4711795	75713192
2012/7/3	14.85	16.27	14.79	16.04	7388512	117087992
2012/7/2	14.94	15.1	14.75	14.79	1820418	27018662
2012/6/29	14.69	14.95	14.31	14.84	1798510	26624236
2012/6/28	14.8	14.97	14.55	14.68	1694726	25105910
2012/6/27	14.65	14.95	14.55	14.68	1594214	23500354
2012/6/26	14.73	14.81	14.09	14.65	1870344	27014272
2012/6/25	14.99	15.04	14.71	14.8	1856572	27605868
2012/6/21	14.96	15.11	14.45	15.04	3866071	57098460
2012/6/20	16.01	16.01	14.96	15.19	5984816	91616544
2012/6/19	16	16.27	15.89	15.96	2589713	41525504
2012/6/18	16.05	16.17	15.82	16.08	2853692	45625564
2012/6/15	15.69	16.19	15.69	15.95	3106259	49471860
2012/6/14	15.8	15.95	15.56	15.68	2476548	39047116
2012/6/13	15	15.9	15	15.75	3944974	61363336
2012/6/12	15.02	15.3	14.85	14.93	2842266	42767092
2012/6/11	14.22	15.3	14.22	15.12	6119757	90920784
2012/6/8	15.15	15.2	14.16	14.31	8857773	128848104
2012/6/7	15.84	16.09	14.9	14.9	5729103	88907224
2012/6/6	15.52	16.17	15.52	15.82	3553052	56398516
2012/6/5	15.59	15.84	15.32	15.59	2760918	43006104
2012/6/4	15.72	15.97	15.45	15.58	3317129	52039820
2012/6/1	15.68	15.95	15.5	15.93	3434239	54171664
2012/5/31	16.28	16.29	15.5	15.7	6795463	107291392
2012/5/30	16.4	16.67	16.13	16.33	4085573	66780172
2012/5/29	15.96	16.59	15.73	16.44	6207379	100375976
2012/5/28	15.7	15.9	15.16	15.89	4113959	64305364
2012/5/25	15.92	16.19	15.4	15.85	6394025	100729200
2012/5/24	16.7	16.8	15.75	16.23	9584206	155392016
2012/5/23	15.37	16.73	15.16	16.25	12088886	193912976
2012/5/22	15.35	15.7	15.21	15.5	7715786	119661648
2012/5/21	15.83	16.49	15.3	15.35	15488283	247534656
2012/5/18	15.71	16.95	15.43	16.03	20405647	329979648
2012/5/17	15	15.78	14.81	15.71	14380040	218197056
2012/5/16	13.68	15.04	13.67	15.04	16504533	240269712
2012/5/15	13.15	13.67	13.1	13.67	5715624	77028184
2012/5/14	13.55	13.69	13.1	13.27	6917923	92283496
2012/5/11	13.6	13.84	13.35	13.43	5596226	75966992
2012/5/10	13.27	13.9	13.1	13.7	6911985	94231600
2012/5/9	13.27	13.92	13.09	13.4	9766634	131749128
2012/5/8	14.2	14.39	13.13	13.46	15965367	220674224
2012/5/7	13.88	14.6	13.65	14.29	27077609	388034400
2012/5/4	12.6	13.27	12.26	13.27	10224166	132723712
2012/5/2	11.47	12.06	11.3	12.06	7822945	92838136
2012/4/27	11.02	11.5	11	11.49	4783709	54129924
2012/4/26	10.81	11.11	10.68	11	3222167	35421124
2012/4/25	10.38	10.85	10.27	10.8	4351479	46621516
2012/4/24	10.15	10.55	10.14	10.43	6268878	64638920
2012/4/23	11.17	11.17	10.62	10.62	4880067	52249332
2012/4/20	11.28	11.4	11.11	11.18	2924857	32840306
2012/4/19	11.24	11.69	11.16	11.38	5040670	57654412
2012/4/18	11.06	11.38	11.05	11.26	3436512	38659076
2012/4/17	11.2	11.27	10.94	11.15	3178559	35274384
2012/4/16	10.99	11.36	10.8	11.19	3985090	44293496
2012/4/13	11.11	11.35	10.82	11	4891889	54028208
2012/4/12	10.86	11.31	10.72	11.11	4202636	46337508
2012/4/11	10.5	11.01	10.49	10.86	4743050	50954496
2012/4/10	10.81	10.92	10.29	10.69	4337611	45881104
2012/4/9	11.1	11.1	10.68	10.8	4833983	52445872
2012/4/6	11.48	11.88	11.2	11.23	5723169	65913096
2012/4/5	11.55	11.7	11.01	11.6	3708723	42525664
2012/3/30	11.53	11.84	11.16	11.54	6286021	72399336
2012/3/29	10.62	11.53	10.43	11.53	6208537	67472136
2012/3/28	11.4	11.63	10.85	10.98	7823540	88393480
2012/3/27	10.55	11.14	10.55	11.14	3399549	37330348
2012/3/26	10.58	10.9	10.27	10.61	6172432	64738652
2012/3/23	11.35	11.35	10.81	10.81	4666149	51248840
2012/3/22	11.33	11.46	11.21	11.38	4102682	46499860
2012/3/21	11.56	11.98	11.27	11.29	9212210	106172240
2012/3/20	12.63	12.79	11.86	11.86	9008883	110803400
2012/3/19	11.71	12.48	11.7	12.48	7239979	88107352
2012/3/16	11.57	12	11.01	11.89	8878170	103170536
2012/3/14	12.3	12.55	11.56	11.56	12657477	152091088
2012/3/13	11.58	12.17	11.58	12.17	10366607	124561248
2012/3/12	11.39	11.62	11.03	11.59	8743628	99613888
2012/3/9	10.7	11.09	10.57	11.09	8571000	94023872
2012/3/8	10	10.56	9.99	10.56	6288220	65197856
2012/3/7	10.21	10.76	9.9	10.06	10365292	108244832
2012/3/6	9.9	10.36	9.77	10.25	6087058	62008056
2012/3/5	9.4	9.87	9.4	9.87	5318177	51969940
2012/3/2	9.18	9.44	9.13	9.4	2302991	21469580
2012/3/1	9.09	9.19	9.05	9.16	1585070	14482739
2012/2/29	9.3	9.35	8.89	9.18	2771390	25384078
2012/2/28	9.27	9.44	9.19	9.36	2838486	26440244
2012/2/27	9.08	9.25	9.08	9.18	1865137	17071630
2012/2/24	8.98	9.18	8.77	9.11	2649099	24057218
2012/2/23	9.08	9.19	8.87	9	2617428	23594702
2012/2/22	9.03	9.23	8.97	9.2	2822085	25671942
2012/2/21	9.21	9.44	8.9	9.09	4976692	45426408
2012/2/20	8.7	9.08	8.7	9.08	4012287	36348252
2012/2/17	8.48	8.66	8.48	8.65	1666684	14339533
2012/2/16	8.59	8.78	8.39	8.56	3948756	33921952
2012/2/15	8.27	8.67	8.27	8.67	6312043	53968412
2012/2/14	8.13	8.26	8.01	8.26	1607819	13137542
2012/2/13	7.98	8.15	7.9	8.13	1497808	12075992
2012/2/10	7.78	8.1	7.78	7.95	2295496	18218866
2012/2/9	7.72	7.85	7.65	7.84	1149106	8939010
2012/2/8	7.4	7.77	7.4	7.75	1289872	9923970
2012/2/7	7.57	7.59	7.29	7.4	786274	5805326.5
2012/2/6	7.25	7.64	7.25	7.56	1672970	12621022
2012/2/3	7.02	7.32	7.02	7.28	762839	5505478
2012/2/2	6.98	7.07	6.94	7.07	616726	4330279.5
2012/2/1	7.01	7.06	6.92	6.98	617230	4314004.5
2012/1/31	7.17	7.17	6.82	7.01	1065954	7368912
2012/1/30	7.22	7.34	7.18	7.18	561471	4080640
2012/1/20	7.08	7.29	7.08	7.22	480600	3467758
2012/1/19	7.15	7.32	7.12	7.14	522572	3753689
2012/1/18	7.29	7.4	7.18	7.2	819050	5951731
2012/1/17	6.92	7.33	6.91	7.27	903747	6475811
2012/1/16	6.98	7.26	6.8	6.98	1136222	8033999.5
2012/1/12	6.65	7.06	6.65	7.06	1249319	8629376
2012/1/11	6.77	6.85	6.64	6.72	1124685	7559319
2012/1/10	6.65	6.83	6.55	6.78	1457064	9742973
2012/1/9	6.27	6.69	6.27	6.62	1530162	10080084
2012/1/6	6.45	6.45	6.23	6.37	2478671	15576956
2012/1/5	6.78	6.89	6.56	6.56	2609799	17548866
2012/1/4	6.91	6.91	6.81	6.91	4075010	28144116
2011/12/30	6.58	6.58	6.58	6.58	203201	1337062.63
2011/12/29	6.27	6.27	6.27	6.27	43200	270864
2011/12/28	5.97	5.97	5.97	5.97	64191	383220.28
2011/12/19	5.95	5.95	5.69	5.69	2184579	12456232
2011/12/16	6.05	6.14	5.91	5.99	2643296	15705599
2011/12/15	6.54	6.54	6.22	6.22	2232704	13970725
2011/12/14	6.8	6.8	6.5	6.55	1607904	10624273
2011/12/13	7.16	7.16	6.79	6.83	1738890	11828867
2011/12/12	7.47	7.57	7.13	7.15	1262260	9145889
2011/12/9	7.44	7.6	7.44	7.5	236310	1772602
2011/12/8	7.43	7.65	7.43	7.49	407422	3053173.75
2011/12/7	7.61	7.75	7.41	7.55	393986	3006852
2011/12/6	7.41	7.64	7.23	7.58	494377	3692262
2011/12/5	7.92	8	7.58	7.58	1754300	13406989
2011/12/2	8.07	8.18	7.98	7.98	738773	5946806.5
2011/12/1	8.25	8.26	8.07	8.09	1631794	13305440
2011/11/30	8.45	8.49	8.03	8.03	1535679	12494224
2011/11/29	8.5	8.5	8.37	8.45	956302	8052587
2011/11/28	8.38	8.5	8.25	8.42	593047	4962828
2011/11/25	8.43	8.58	8.31	8.37	1415650	11947968
2011/11/24	8.06	8.53	8.03	8.47	1574860	13253443
2011/11/23	8.13	8.22	8.12	8.12	682443	5570875.5
2011/11/22	8.24	8.27	8.05	8.15	786700	6409557.5
2011/11/21	8.49	8.55	8.17	8.26	2037287	16899612
2011/11/18	8.51	8.7	8.47	8.6	2126899	18223048
2011/11/17	8.3	8.77	8.3	8.64	3300945	28596158
2011/11/16	8.46	8.55	8.3	8.35	2473112	20816626
2011/11/15	8.11	8.53	8.1	8.49	3657129	30884834
2011/11/14	8.08	8.18	8.05	8.12	876540	7118236.5
2011/11/11	8	8.06	7.98	8.04	453160	3635854.75
2011/11/10	8.03	8.07	7.96	8.01	944970	7562879
2011/11/9	8.01	8.13	7.98	8.09	602614	4847524
2011/11/8	8.05	8.14	8	8.05	608165	4911184
2011/11/7	8.03	8.14	8.03	8.09	714694	5787516
2011/11/4	8.18	8.19	8.06	8.08	715720	5803167.5
2011/11/3	8.14	8.19	8.1	8.1	1045163	8510460
2011/11/2	8	8.19	7.9	8.16	1194180	9614448
2011/11/1	8.04	8.11	7.95	8	645700	5180835.5
2011/10/31	7.88	8.09	7.82	8.02	1144820	9137101
2011/10/28	7.82	7.94	7.82	7.88	830051	6527333.5
2011/10/27	7.85	7.85	7.7	7.84	707335	5495755
2011/10/26	7.73	7.88	7.72	7.84	1236180	9678865
2011/10/25	7.63	7.85	7.5	7.81	628321	4815864.5
2011/10/24	7.73	7.74	7.45	7.64	823731	6282905
2011/10/21	7.74	7.74	7.61	7.72	495730	3813589
2011/10/20	7.8	7.8	7.6	7.65	734603	5642564
2011/10/19	7.77	7.81	7.7	7.74	621131	4795242.5
2011/10/18	7.92	7.92	7.68	7.75	825168	6392431
2011/10/17	7.85	8.08	7.85	7.91	632786	5042038
2011/10/14	7.85	7.88	7.78	7.86	340781	2670409
2011/10/13	7.8	7.92	7.77	7.87	419197	3289448.5
2011/10/12	7.69	7.85	7.5	7.81	589734	4600170
2011/10/11	7.73	7.86	7.6	7.69	330099	2553620.25
2011/10/10	7.67	7.77	7.63	7.67	597816	4600345.5
2011/9/30	7.35	7.65	7.35	7.62	486804	3671939.75
2011/9/29	7.7	7.77	7.41	7.45	1264034	9522695
2011/9/28	7.9	7.96	7.7	7.79	537000	4222035
2011/9/27	7.91	8.05	7.87	7.9	501400	3978439.25
2011/9/26	8.01	8.15	7.93	7.96	843960	6786919.5
2011/9/23	8.05	8.1	7.81	8.01	1359117	10836140
2011/9/22	8.28	8.28	8.11	8.11	1391970	11404429
2011/9/21	8.22	8.36	8.13	8.31	2458710	20304374
2011/9/20	8.19	8.27	8.1	8.19	1143122	9350716
2011/9/19	8.05	8.4	8.02	8.2	2256366	18540704
2011/9/16	8	8.15	7.99	8.08	870441	7046375
2011/9/15	7.94	8.04	7.94	7.98	497400	3976934.75
2011/9/14	7.85	7.97	7.85	7.95	492478	3884258.5
2011/9/13	7.78	8.02	7.78	7.88	766101	6036048
2011/9/9	7.9	8.02	7.85	7.9	447865	3543147
2011/9/8	8.01	8.06	7.9	7.93	450665	3588470.75
2011/9/7	7.89	8.03	7.87	8.01	531655	4223280.5
2011/9/6	7.85	7.92	7.8	7.88	848104	6650285.5
2011/9/5	8.06	8.1	7.85	7.89	1014937	8037762
2011/9/2	8.16	8.2	8.02	8.1	574406	4647527.5
2011/9/1	8.1	8.31	8.1	8.16	1018039	8391846
2011/8/31	8.05	8.22	7.96	8.17	892618	7222503.5
2011/8/30	8.09	8.16	8.03	8.05	803057	6492439.5
2011/8/29	8.13	8.18	8.05	8.09	653104	5298280.5
2011/8/26	8.04	8.13	7.98	8.13	947561	7671278.5
2011/8/25	7.97	8.09	7.84	8.04	803071	6420165.5
2011/8/24	8.01	8.01	7.86	7.92	594602	4712874
2011/8/23	7.85	7.94	7.82	7.9	767513	6051413
2011/8/22	7.82	7.94	7.77	7.86	503151	3940000.25
2011/8/19	7.67	7.85	7.62	7.84	533120	4147435.25
2011/8/18	7.95	8.04	7.71	7.9	967452	7654474.5
2011/8/17	7.91	8.04	7.9	7.98	376070	2989643.5
2011/8/16	7.9	8.03	7.81	7.99	1166063	9250450
2011/8/15	7.55	7.92	7.55	7.9	978870	7673116.5
2011/8/12	7.72	7.8	7.6	7.7	893041	6884935.5
2011/8/11	7.3	7.68	7.2	7.67	1046464	7903697.5
2011/8/10	7.48	7.68	7.42	7.43	1032719	7795839.5
2011/8/9	7.48	7.5	7.15	7.41	1469363	10683378
2011/8/8	7.86	7.99	7.53	7.53	1577070	12084564
2011/8/5	7.8	8	7.74	7.93	1057800	8370747.5
2011/8/4	8.05	8.15	8.04	8.1	548000	4436872
2011/8/3	8.09	8.15	7.8	8.05	792691	6388896.5
2011/8/2	8.25	8.25	7.98	8.15	1521851	12269085
2011/8/1	8.23	8.42	8.23	8.25	734666	6110675
2011/7/29	8.45	8.46	8.22	8.22	1137100	9483075
2011/7/28	8.5	8.5	8.31	8.45	1182849	9906118
2011/7/27	8.59	8.59	8.38	8.5	1143048	9690829
2011/7/26	8.3	8.4	8.2	8.4	1210520	10084955
2011/7/25	8.43	8.67	8.25	8.39	3311826	27972386
2011/7/22	8.35	8.7	8.29	8.45	4008195	34309528
2011/7/21	8.12	8.31	8.11	8.29	2595402	21413720
2011/7/20	8.2	8.25	8.1	8.15	997015	8134705
2011/7/19	8.2	8.21	8.1	8.13	1324367	10806819
2011/7/18	8.2	8.26	8.17	8.21	1363600	11197883
2011/7/15	8.19	8.27	8.1	8.2	2485168	20326838
2011/7/14	7.98	8.25	7.98	8.24	3086749	25114862
2011/7/13	7.86	8.03	7.86	8	1792918	14295319
2011/7/12	8.03	8.06	7.88	7.9	1968348	15661589
2011/7/11	8.05	8.1	8	8.09	1479941	11943175
2011/7/8	7.98	8.1	7.96	8.06	1872184	15037539
2011/7/7	8.01	8.07	7.95	8.02	1909804	15293205
2011/7/6	8.03	8.07	7.96	8.01	1752552	14051802
2011/7/5	7.96	8.08	7.96	8.05	2359430	18937434
2011/7/4	7.97	8.32	7.87	7.96	4592037	37059856
2011/6/30	7.6	8.01	7.6	7.97	4195577	33393988
2011/6/29	7.78	7.78	7.6	7.63	1664340	12747937
2011/6/28	7.82	7.88	7.71	7.8	1313368	10200055
2011/6/27	7.75	7.93	7.71	7.82	1471465	11521596
2011/6/24	7.6	7.82	7.53	7.75	1732703	13349330
2011/6/23	7.56	7.68	7.35	7.67	1670615	12619428
2011/6/22	7.6	7.64	7.53	7.56	853508	6468177.5
2011/6/21	7.34	7.59	7.34	7.59	1644349	12323007
2011/6/20	7.7	7.78	7.31	7.36	2140839	15968608
2011/6/17	7.78	7.86	7.61	7.69	1563631	12052075
2011/6/16	8.18	8.18	7.79	7.79	2538674	20037752
2011/6/15	8.19	8.35	8.14	8.2	1861848	15359594
2011/6/14	8.09	8.37	8.09	8.17	4458515	36555384
2011/6/13	8.33	8.45	8.33	8.33	6451521	53791564
2011/6/8	8.77	8.77	8.62	8.77	10008175	87748552
2011/6/7	8.07	8.35	7.95	8.35	2268270	18504274
2011/6/3	7.57	7.95	7.57	7.95	2222545	17448314
2011/6/2	7.8	7.8	7.5	7.57	2020392	15371543
2011/6/1	7.84	7.9	7.77	7.89	846241	6644005
2011/5/31	7.74	7.86	7.62	7.83	1343149	10384088
2011/5/30	7.99	7.99	7.65	7.65	2559796	19810898
2011/5/27	8.28	8.34	7.9	7.96	3402364	27319512
2011/5/26	8.63	8.75	8.23	8.25	2823138	23743648
2011/5/25	8.64	8.8	8.59	8.6	1804548	15683063
2011/5/24	8.94	8.95	8.58	8.61	4231973	36607844
2011/5/23	9.5	9.51	9.03	9.03	4262895	39005804
2011/5/20	9.47	9.72	9.38	9.51	3480237	33264588
2011/5/19	9.27	9.65	9.18	9.51	5953196	56823300
2011/5/18	9.1	9.24	9.04	9.19	1735077	15911065
2011/5/17	9.47	9.52	9.05	9.11	3251357	29978268
2011/5/13	9.35	9.56	9.32	9.53	2444945	23095580
2011/5/12	9.44	9.58	9.31	9.34	2576500	24287440
2011/5/11	9.4	9.65	9.38	9.49	2150798	20530434
2011/5/10	9.4	9.45	9.31	9.4	978849	9183583
2011/5/9	9.36	9.56	9.31	9.37	1797895	16941670
2011/5/6	9.05	9.5	9.02	9.36	2700549	25120556
2011/5/5	9	9.21	8.92	9.08	1486611	13553455
2011/5/4	9.25	9.25	8.98	9.01	2098736	19034912
2011/5/3	9.11	9.31	9.1	9.23	2020317	18653482
2011/4/29	8.81	9.18	8.81	9.15	2456964	22160930
2011/4/28	9.18	9.28	8.86	8.86	2867276	25960512
2011/4/27	9.36	9.45	9.15	9.18	2406869	22345512
2011/4/26	9.4	9.44	9.2	9.35	2700344	25115840
2011/4/25	9.76	10.08	9.41	9.46	5130605	50039704
2011/4/22	9.53	9.9	9.44	9.78	3776250	36475328
2011/4/21	9.67	9.82	9.52	9.58	4458618	42960460
2011/4/20	9.15	9.63	9.12	9.63	5217541	49948748
2011/4/19	9.14	9.28	9.08	9.17	2394350	21941022
2011/4/15	9.29	9.35	9.08	9.32	2801110	25760266
2011/4/14	9.32	9.42	9.22	9.29	3134009	29206340
2011/4/13	9.15	9.5	9.12	9.42	4742877	44333372
2011/4/12	9	9.35	8.94	9.19	4040161	37135488
2011/4/11	9.01	9.12	8.98	9	1782550	16097297
2011/4/8	8.96	9.1	8.92	9	2211242	19974136
2011/4/7	8.86	8.98	8.83	8.95	2254876	20097054
2011/4/6	8.88	8.88	8.75	8.86	1445218	12744786
2011/4/1	8.75	8.89	8.71	8.88	1605430	14140327
2011/3/31	9.01	9.06	8.68	8.75	3205949	28244544
2011/3/30	9.11	9.2	8.97	9	2016486	18258810
2011/3/29	9.01	9.2	8.95	9.11	3870200	35213484
2011/3/28	8.93	9.18	8.93	8.99	3160364	28617348
2011/3/25	8.94	8.96	8.86	8.91	2459290	21918198
2011/3/24	9.03	9.08	8.9	8.94	1954608	17539920
2011/3/23	8.99	9.09	8.9	9.03	1647355	14820707
2011/3/22	8.97	9	8.84	9	1332329	11876294
2011/3/21	8.9	9.06	8.83	8.9	2268640	20223426
2011/3/18	8.97	9	8.88	8.95	1694910	15130587
2011/3/17	9.1	9.1	8.8	8.88	3102887	27682254
2011/3/16	8.93	9.11	8.93	9.11	2712248	24486520
2011/3/15	9.07	9.24	8.78	8.92	4058648	36435176
2011/3/14	9.11	9.19	8.99	9.09	3895453	35376216
2011/3/11	9.3	9.43	9.13	9.15	4755440	44067760
2011/3/10	9.05	9.48	9.04	9.3	7352812	68598288
2011/3/9	8.85	9.27	8.85	9.09	7988952	72884976
2011/3/8	8.89	9.02	8.7	8.83	3754399	33330986
2011/3/7	9	9.04	8.85	8.87	5758039	51367716
2011/3/4	8.71	9.09	8.63	9.07	6810336	60457584
2011/3/3	8.66	8.85	8.65	8.67	3306346	28928530
2011/3/2	8.66	8.75	8.54	8.72	2473902	21365832
2011/3/1	8.6	8.73	8.56	8.66	3090256	26686096
2011/2/28	8.57	8.68	8.51	8.67	2232023	19252886
2011/2/25	8.51	8.55	8.43	8.51	1694325	14393316
2011/2/24	8.51	8.56	8.44	8.51	1472235	12504946
2011/2/23	8.43	8.54	8.38	8.54	1729509	14674376
2011/2/22	8.75	8.77	8.43	8.43	2551065	21891530
2011/2/21	8.67	8.76	8.59	8.75	3291739	28677612
2011/2/18	8.51	8.73	8.46	8.7	3643371	31279036
2011/2/17	8.62	8.72	8.45	8.52	2554397	21797002
2011/2/16	8.47	8.85	8.47	8.66	5115069	44237732
2011/2/15	8.46	8.48	8.39	8.43	3574596	30090226
2011/2/14	8.4	8.48	8.38	8.45	1913406	16131031
2011/2/11	8.26	8.48	8.26	8.43	2577974	21618094
2011/2/10	8.21	8.31	8.19	8.28	1587629	13086332
2011/2/9	8.25	8.37	8.19	8.23	1503443	12400461
2011/2/1	8.32	8.4	8.25	8.36	1395828	11637114
2011/1/31	8.3	8.41	8.3	8.35	947440	7914687
2011/1/28	8.39	8.43	8.29	8.3	2289417	19069134
2011/1/27	8.32	8.42	8.25	8.37	1543956	12900437
2011/1/26	8.28	8.5	8.28	8.35	1745666	14623466
2011/1/25	8.6	8.72	8.23	8.32	1834872	15423280
2011/1/24	8.6	8.93	8.58	8.65	2195462	19272066
2011/1/21	8.67	8.75	8.56	8.64	1490733	12915814
2011/1/20	8.66	9	8.5	8.66	3605999	31421530
2011/1/19	8.49	8.8	8.4	8.6	1677499	14431438
2011/1/18	8.33	8.57	8.28	8.42	815977	6896454
2011/1/17	8.67	8.67	8.31	8.33	1032017	8693851
2011/1/14	8.56	8.86	8.22	8.67	2823859	24116636
2011/1/13	8.64	8.8	8.46	8.57	1883023	16118181
2011/1/12	8.89	8.98	8.65	8.74	3721113	32868776
2011/1/11	8.76	8.77	8.49	8.77	2058860	17980556
2011/1/7	8.29	8.4	8.26	8.35	1223582	10185974
2011/1/6	8.4	8.45	8.29	8.3	1490439	12451759
2011/1/5	8.56	8.58	8.37	8.4	1309658	11065660
2011/1/4	8.5	8.59	8.46	8.56	1597154	13597255
2010/12/31	8.4	8.55	8.3	8.55	1150337	9657126
2010/12/30	8.3	8.5	8.27	8.3	945603	7927745.5
2010/12/29	8.29	8.35	8.21	8.27	651857	5405776.5
2010/12/28	8.46	8.6	8.19	8.29	1768143	14750325
2010/12/27	8.8	8.94	8.55	8.58	1897782	16560864
2010/12/24	9.05	9.05	8.67	8.74	2008694	17641882
2010/12/23	8.97	9.06	8.87	9.05	2388353	21487112
2010/12/22	8.91	9.05	8.75	8.97	3243030	29109818
2010/12/21	8.8	8.91	8.76	8.85	1399626	12378943
2010/12/20	8.91	9.1	8.6	8.86	2024266	17933574
2010/12/17	8.93	8.95	8.82	8.92	1441741	12822765
2010/12/16	8.83	8.93	8.69	8.89	1657948	14640072
2010/12/15	8.84	9.02	8.8	8.83	2723077	24258296
2010/12/14	8.59	8.87	8.51	8.84	1986767	17299748
2010/12/13	8.5	8.6	8.45	8.58	1258327	10762340
2010/12/10	8.4	8.53	8.31	8.45	940887	7933134.5
2010/12/9	8.57	8.63	8.44	8.45	1321691	11289619
2010/12/8	8.55	8.69	8.51	8.59	1340778	11550152
2010/12/7	8.45	8.71	8.27	8.62	1615037	13701660
2010/12/6	8.7	8.76	8.3	8.39	2188502	18468974
2010/12/3	8.71	8.85	8.55	8.71	1322975	11446579
2010/12/2	8.9	8.98	8.77	8.8	1676449	14855709
2010/12/1	8.79	8.94	8.7	8.84	1745732	15443531
2010/11/30	8.95	9.05	8.53	8.8	2752749	23967508
2010/11/29	8.71	9.17	8.52	8.98	4968223	44333468
2010/11/26	8.3	8.75	8.23	8.73	2985241	25493190
2010/11/25	8.35	8.4	8.27	8.34	1617310	13445693
2010/11/24	8.19	8.35	8.15	8.32	1305584	10788254
2010/11/23	8.5	8.53	8.16	8.21	2586785	21377862
2010/11/22	8.5	8.62	8.42	8.48	2391332	20381202
2010/11/19	8.5	8.65	8.41	8.58	2920785	24870938
2010/11/18	8.36	8.66	8.36	8.54	2701068	23084256
2010/11/17	8.34	8.65	8.25	8.36	2313863	19472588
2010/11/16	8.53	8.75	8.3	8.43	2941395	25056672
2010/11/15	8.2	8.75	8.11	8.68	3792575	31643854
2010/11/12	8.78	8.95	8.36	8.36	4223818	36162328
2010/11/11	8.85	8.97	8.8	8.8	3628770	32180288
2010/11/10	9.12	9.12	8.86	8.9	3456645	31047984
2010/11/9	9.07	9.18	8.97	9.13	2971016	26850392
2010/11/8	9.03	9.19	8.88	9.1	4599014	41660048
2010/11/5	8.83	9.25	8.79	9.04	9679152	88233448
2010/11/4	8.46	8.81	8.4	8.81	6494039	56753404
2010/11/3	8.28	8.55	8.26	8.39	3468263	29288624
2010/11/2	8.44	8.44	8.22	8.32	3324599	27606094
2010/11/1	8.32	8.58	8.27	8.41	2973421	25110988
2010/10/29	8.19	8.28	8.13	8.28	1984331	16306092
2010/10/28	8.26	8.3	8.13	8.18	2023868	16555648
2010/10/27	8.36	8.49	8.21	8.25	2552492	21292540
2010/10/26	8.25	8.37	8.2	8.37	3540056	29351166
2010/10/25	8.19	8.32	8.16	8.25	2812029	23163262
2010/10/22	8.17	8.35	8.1	8.23	1766592	14526920
2010/10/21	8.25	8.33	8.1	8.15	2508098	20551606
2010/10/20	7.96	8.33	7.86	8.23	4460550	36137160
2010/10/19	7.95	8.11	7.88	8.04	2054583	16477997
2010/10/18	8.11	8.17	7.76	7.93	3153250	25049092
2010/10/15	8.11	8.29	8	8.13	2496719	20350464
2010/10/14	8.53	8.55	8.1	8.15	5630902	46326676
2010/10/13	8.57	8.8	8.4	8.53	5552142	47663072
2010/10/12	8.11	8.52	8.05	8.52	5081647	42671244
2010/10/11	8.23	8.25	8.03	8.11	4437735	36178900
2010/10/8	8.29	8.4	8.2	8.24	3903846	32362172
2010/9/30	8.2	8.3	8.06	8.28	3344435	27430728
2010/9/29	7.96	8.36	7.93	8.27	6066634	49746984
2010/9/28	7.94	8.12	7.85	7.96	2754054	22023114
2010/9/27	7.78	7.97	7.6	7.94	2826386	22245338
2010/9/21	7.78	7.78	7.66	7.73	1432475	11025256
2010/9/20	7.78	7.81	7.68	7.71	1039581	8059899.5
2010/9/17	7.64	7.81	7.56	7.75	1759164	13550914
2010/9/16	7.76	7.85	7.55	7.58	2775987	21302058
2010/9/15	7.94	7.94	7.78	7.79	2324001	18229268
2010/9/14	7.81	7.99	7.75	7.94	3571834	28229030
2010/9/13	7.7	7.9	7.69	7.81	2300689	17968452
2010/9/10	7.69	7.75	7.53	7.69	2184670	16757524
2010/9/9	7.81	7.87	7.71	7.72	2912728	22653442
2010/9/8	7.84	7.87	7.77	7.85	2074142	16195911
2010/9/7	7.89	7.95	7.75	7.84	2501827	19562400
2010/9/6	8.08	8.08	7.88	7.88	3525081	28022228
2010/9/3	7.88	8.03	7.82	7.97	3517296	27935640
2010/9/2	7.74	7.97	7.74	7.9	3746105	29513546
2010/9/1	7.87	7.9	7.51	7.65	4439033	34212228
2010/8/31	7.85	7.9	7.76	7.85	3236567	25315072
2010/8/30	7.68	7.82	7.65	7.82	3989956	30872578
2010/8/27	7.66	7.81	7.63	7.68	2533998	19523680
2010/8/26	7.51	7.83	7.45	7.73	5295752	40913736
2010/8/25	7.56	7.64	7.46	7.46	2042724	15409106
2010/8/24	7.53	7.72	7.45	7.66	2368352	18013380
2010/8/23	7.53	7.66	7.5	7.59	1891884	14354347
2010/8/20	7.67	7.67	7.42	7.53	2912327	21945804
2010/8/19	7.68	7.74	7.6	7.7	2495569	19106290
2010/8/18	7.57	7.78	7.5	7.73	3893429	29877192
2010/8/17	7.59	7.6	7.5	7.57	1555855	11730763
2010/8/16	7.48	7.63	7.45	7.58	2472351	18690518
2010/8/13	7.27	7.49	7.27	7.47	1867085	13849335
2010/8/12	7.32	7.36	7.23	7.27	2192004	16000814
2010/8/11	7.31	7.41	7.25	7.34	1656606	12139144
2010/8/10	7.54	7.62	7.3	7.32	2666159	19839062
2010/8/9	7.49	7.56	7.47	7.52	2453574	18445654
2010/8/6	7.4	7.5	7.36	7.49	2807804	20918882
2010/8/5	7.47	7.51	7.38	7.41	1840543	13654458
2010/8/4	7.35	7.5	7.34	7.49	1699555	12596207
2010/8/3	7.6	7.64	7.39	7.41	2387488	17901776
2010/8/2	7.57	7.62	7.45	7.6	2433255	18386572
2010/7/30	7.38	7.65	7.35	7.58	3086808	23153438
2010/7/29	7.4	7.47	7.31	7.41	3156387	23285856
2010/7/28	7.27	7.38	7.2	7.37	3015389	22017202
2010/7/27	7.27	7.38	7.23	7.27	2238877	16367654
2010/7/23	7.25	7.29	7.17	7.25	1978782	14283928
2010/7/22	7.17	7.23	7.15	7.19	1454774	10457512
2010/7/21	7.22	7.25	7.15	7.18	1345765	9693583
2010/7/20	7.1	7.25	7.06	7.22	1347374	9661840
2010/7/19	6.88	7.08	6.88	7.06	600858	4192792.5
2010/7/16	6.96	6.98	6.78	6.91	925484	6358056.5
2010/7/15	7.08	7.09	6.92	6.94	949578	6648588.5
2010/7/14	7.08	7.2	7.04	7.06	1143521	8120247.5
2010/7/13	7.12	7.19	7.04	7.08	719467	5098271
2010/7/12	7.16	7.28	7.15	7.2	1173330	8471864
2010/7/9	7.17	7.24	7.1	7.19	1708566	12261860
2010/7/8	7.1	7.18	7.02	7.09	656176	4655318.5
2010/7/7	7.03	7.09	6.99	7.04	782427	5506056
2010/7/6	6.99	7.08	6.93	7.03	624767	4381990
2010/7/5	6.81	6.97	6.7	6.94	726173	4970084
2010/7/2	6.98	7.02	6.63	6.88	1244154	8475986
2010/7/1	7.04	7.12	6.93	6.98	696539	4866789.5
2010/6/30	6.9	7.09	6.74	7.04	1092879	7562209.5
2010/6/29	7.39	7.4	7.01	7.01	2042792	14465102
2010/6/28	7.55	7.59	7.37	7.38	1007097	7484212.5
2010/6/25	7.41	7.57	7.41	7.55	1578266	11869693
2010/6/24	7.33	7.58	7.33	7.46	1465019	10970696
2010/6/23	7.45	7.45	7.31	7.34	1092890	8044051.5
2010/6/22	7.43	7.5	7.36	7.45	1140988	8488198
2010/6/21	7.28	7.45	7.2	7.42	1678481	12304301
2010/6/18	7.49	7.66	7.17	7.28	2682073	19867684
2010/6/17	7.61	7.82	7.49	7.49	2428014	18567034
2010/6/11	7.37	7.65	7.32	7.55	4208916	31778346
2010/6/10	7.15	7.52	7.1	7.31	3964004	29193376
2010/6/9	7.08	7.18	7.08	7.17	1402174	10010089
2010/6/8	7.05	7.15	7.01	7.07	1458957	10329759
2010/6/7	7.15	7.18	7.04	7.11	1651840	11756245
2010/6/4	6.95	7.27	6.95	7.21	1939131	13853595
2010/6/3	7.11	7.18	7	7.02	1344937	9536292
2010/6/2	6.86	7.11	6.85	7.1	1945724	13631536
2010/6/1	7	7.06	6.78	6.88	2425133	16771159
2010/5/31	7.09	7.25	7.02	7.03	2470943	17685294
2010/5/28	7.08	7.23	7.03	7.09	1915317	13613034
2010/5/27	7.04	7.11	6.91	7.08	1859681	13063003
2010/5/26	7.04	7.13	7	7.03	1701356	11988852
2010/5/25	7.3	7.3	7.01	7.06	3908070	27819092
2010/5/21	6.8	7.1	6.66	6.97	3685163	25449856
2010/5/20	6.77	7.05	6.75	7.01	6298114	43948304
2010/5/19	6.55	6.71	6.46	6.71	1062203	7075303
2010/5/18	6.5	6.62	6.25	6.39	2644098	16768100
2010/5/17	6.78	6.82	6.58	6.58	2464854	16427203
2010/5/13	6.8	6.98	6.64	6.93	1875585	12764747
2010/5/12	7	7.02	6.71	6.71	4471464	30348376
2010/5/11	7.07	7.22	7.03	7.06	3047816	21677872
2010/5/10	7.21	7.39	7.05	7.05	5691019	40410224
2010/5/7	7.47	7.55	7.42	7.42	5003628	37196124
2010/5/6	8.2	8.2	7.81	7.81	10518258	83273008
2010/4/27	7.98	8.28	7.71	8.22	12989567	103692480
2010/4/26	7.63	7.98	7.63	7.98	8756721	69179280
2010/4/23	7.64	7.85	7.6	7.6	3548727	27288690
2010/4/22	7.68	7.83	7.61	7.74	4221196	32619796
2010/4/21	7.68	7.74	7.58	7.72	6571009	50236764
2010/4/20	7.58	7.74	7.42	7.69	3473257	26254156
2010/4/19	8	8	7.67	7.67	5223945	40688844
2010/4/16	8.11	8.15	7.86	8.07	4433442	35598808
2010/4/15	7.93	8.18	7.93	8.12	6554133	52934224
2010/4/14	7.83	8	7.78	7.97	3525939	27906072
2010/4/13	8.01	8.11	7.64	7.79	6050964	47517424
2010/4/12	7.92	8.14	7.9	8.04	7054753	56699612
2010/4/9	7.73	7.92	7.72	7.87	5069286	39791052
2010/4/8	7.86	7.94	7.73	7.74	5041052	39559324
2010/4/7	7.78	7.94	7.78	7.86	4807106	37769968
2010/4/6	7.75	7.84	7.73	7.78	4213768	32741618
2010/4/2	7.77	7.85	7.69	7.75	4065627	31657770
2010/4/1	7.6	7.8	7.55	7.75	6077259	46890284
2010/3/31	7.5	7.57	7.41	7.55	3012076	22628252
2010/3/30	7.4	7.55	7.39	7.49	2705196	20205324
2010/3/29	7.38	7.45	7.35	7.4	2662057	19719896
2010/3/26	7.3	7.46	7.29	7.39	2002051	14763627
2010/3/25	7.5	7.5	7.3	7.32	2476400	18267372
2010/3/24	7.5	7.57	7.47	7.5	2575723	19340338
2010/3/23	7.56	7.62	7.48	7.49	3243361	24409370
2010/3/22	7.6	7.69	7.55	7.58	2585771	19666656
2010/3/19	7.5	7.62	7.49	7.6	3117976	23606256
2010/3/18	7.48	7.6	7.42	7.48	2615945	19672398
2010/3/17	7.36	7.55	7.3	7.48	2787883	20753260
2010/3/16	7.26	7.37	7.21	7.3	1707193	12437282
2010/3/15	7.4	7.4	7.19	7.26	1894005	13754793
2010/3/12	7.63	7.68	7.42	7.42	2683929	20176132
2010/3/11	7.6	7.67	7.51	7.64	2149230	16353286
2010/3/10	7.52	7.69	7.45	7.61	3194331	24165486
2010/3/9	7.55	7.6	7.42	7.52	2625246	19740454
2010/3/8	7.56	7.66	7.52	7.55	2701839	20458934
2010/3/5	7.72	7.79	7.54	7.56	4112202	31358480
2010/3/4	8.08	8.1	7.69	7.71	10470164	82567928
2010/3/3	7.62	7.77	7.53	7.77	5429586	41653756
2010/3/2	7.75	7.78	7.61	7.64	6182638	47376100
2010/3/1	8.15	8.16	7.7	7.82	13191487	104792376
2010/2/26	7.72	7.79	7.55	7.77	5960393	45786964
2010/2/25	7.47	7.75	7.38	7.7	6404017	48536420
2010/2/24	7.3	7.49	7.21	7.46	2894723	21324628
2010/2/23	7.28	7.38	7.12	7.35	2419724	17525506
2010/2/22	7.2	7.59	7.2	7.34	4264917	31492570
2010/2/12	7.04	7.27	7	7.27	3198051	23010592
2010/2/11	6.92	7.05	6.9	6.94	1301732	9105224
2010/2/10	6.84	6.95	6.83	6.92	996882	6883814.5
2010/2/9	6.81	6.87	6.79	6.86	932992	6372262
2010/2/8	6.8	6.86	6.76	6.82	891703	6079275
2010/2/5	6.8	6.86	6.7	6.81	1698569	11526975
2010/2/4	6.88	7.05	6.81	6.96	1858553	12963654
2010/2/3	6.89	6.97	6.57	6.91	1694223	11455062
2010/2/2	7	7.08	6.9	6.91	1539500	10746503
2010/2/1	6.9	7.09	6.85	7.01	2266571	15778155
2010/1/29	7	7.08	6.75	6.91	2985270	20696354
2010/1/28	7.14	7.39	7.08	7.11	5152203	37240092
2010/1/27	6.88	7.09	6.78	7.09	2156306	15084402
2010/1/26	7	7.11	6.7	6.75	2696700	18434482
2010/1/25	7.19	7.19	6.96	7.05	2215580	15613029
2010/1/22	7.32	7.33	7.08	7.2	3697200	26555530
2010/1/21	7.32	7.49	7.23	7.4	2840855	20913794
2010/1/20	7.72	7.75	7.32	7.32	6644744	49439392
2010/1/18	7.5	7.7	7.44	7.7	7539962	57843424
2010/1/15	7.14	7.38	7.14	7.33	3313440	24154954
2010/1/14	6.98	7.16	6.98	7.13	2287967	16234240
2010/1/13	7	7.05	6.9	6.96	2714673	18938696
2010/1/12	7.07	7.18	7	7.15	2007230	14219297
2010/1/11	7.04	7.16	7.02	7.07	2030359	14405194
2010/1/8	6.94	7.05	6.83	7.03	1554091	10811247
2010/1/7	7.16	7.24	6.92	6.98	2744108	19476530
2010/1/6	7.17	7.3	7.12	7.19	4360825	31525582
2010/1/5	6.94	7.19	6.83	7.19	3780937	26452002
2010/1/4	7.09	7.09	6.9	6.93	2590179	18101416
2009/12/31	7.06	7.08	6.98	7.03	1812460	12744030
2009/12/30	6.92	7.13	6.88	6.99	3327920	23337226
2009/12/29	6.9	6.94	6.81	6.92	2035414	14013369
2009/12/28	6.86	7.05	6.81	6.92	3828290	26356938
2009/12/25	6.8	6.9	6.72	6.86	1765697	12036529
2009/12/24	6.6	6.82	6.6	6.8	2173856	14656280
2009/12/23	6.48	6.63	6.46	6.6	1935697	12694400
2009/12/22	6.83	6.84	6.45	6.46	2561493	16902224
2009/12/21	6.63	6.87	6.63	6.79	2375534	16026385
2009/12/18	7	7	6.69	6.69	4140472	28011888
2009/12/17	7.38	7.42	6.99	7.04	3641252	26131844
2009/12/16	7.5	7.51	7.35	7.36	2304199	17119532
2009/12/15	7.5	7.56	7.35	7.54	2868601	21321942
2009/12/14	7.74	7.79	7.35	7.5	3285455	24615688
2009/12/11	7.84	7.84	7.72	7.74	2598313	20190394
2009/12/10	7.63	7.87	7.63	7.81	3187483	24687216
2009/12/9	7.75	7.85	7.58	7.62	3301331	25527472
2009/12/8	7.67	7.82	7.64	7.75	3919613	30272610
2009/12/7	7.56	7.69	7.47	7.66	3048587	23095434
2009/12/4	7.73	7.9	7.35	7.56	6029437	46099076
2009/12/3	7.82	7.84	7.61	7.73	4170745	32206160
2009/12/2	7.75	7.94	7.64	7.8	5419699	42250472
2009/12/1	7.53	7.73	7.51	7.7	5434981	41518904
2009/11/30	7.41	7.58	7.4	7.54	5042659	37758804
2009/11/27	7.52	7.72	7.41	7.41	6636234	49704384
2009/11/26	7.98	8.35	7.71	7.8	13519176	109498808
2009/11/25	7.56	8.06	7.38	7.95	8612774	66437472
2009/11/24	8.08	8.24	7.68	7.68	8839989	70016008
2009/11/23	8.02	8.23	7.92	8.08	9136661	73555888
2009/11/20	7.8	8.12	7.7	8.05	11120639	87992512
2009/11/19	7.41	7.76	7.39	7.76	9897464	74843016
2009/11/18	7.49	7.54	7.33	7.39	7112556	52709904
2009/11/17	7.3	7.59	7.27	7.5	13742029	101696656
2009/11/16	7.27	7.36	7.24	7.3	8617953	62805392
2009/11/13	7.3	7.3	7.12	7.27	3391573	24457162
2009/11/12	7.2	7.37	7.2	7.28	5870086	42793752
2009/11/11	7.11	7.23	7.03	7.21	2834148	20233476
2009/11/10	7.25	7.25	7.14	7.14	3341444	23961680
2009/11/9	7.17	7.38	7.13	7.23	4584525	33178874
2009/11/6	7.07	7.27	7.01	7.14	4530794	32383802
2009/11/5	7.1	7.12	6.98	7.04	3815775	26869678
2009/11/4	6.98	7.18	6.94	7.1	4341815	30811718
2009/11/3	6.84	7.06	6.83	6.98	2480269	17286580
2009/11/2	6.6	6.88	6.52	6.83	2246982	15091362
2009/10/30	6.82	6.88	6.74	6.74	1930813	13150526
2009/10/29	6.64	6.84	6.62	6.74	2380309	16121857
2009/10/28	6.62	6.77	6.6	6.73	1466153	9785481
2009/10/27	6.94	6.95	6.62	6.62	3273700	22028486
2009/10/26	7.09	7.12	6.92	6.97	2096251	14641421
2009/10/23	6.95	7.06	6.92	7.06	3442574	24162024
2009/10/22	6.92	7.03	6.9	6.97	2625042	18249116
2009/10/21	6.99	7.11	6.96	6.97	3198403	22512844
2009/10/20	7.08	7.08	6.9	7	3932641	27465072
2009/10/19	7	7.12	7	7.06	2945776	20786428
2009/10/16	6.88	6.99	6.81	6.97	2246601	15501843
2009/10/15	6.9	6.96	6.8	6.85	1641029	11274816
2009/10/14	6.88	6.97	6.83	6.88	1657150	11449069
2009/10/13	6.7	6.9	6.61	6.9	2600054	17681942
2009/10/12	6.8	6.8	6.65	6.69	1350312	9089658
2009/10/9	6.57	6.75	6.57	6.75	1326864	8896025
2009/9/30	6.28	6.56	6.28	6.55	2500597	16207991
2009/9/29	6.52	6.64	6.19	6.26	2102052	13230130
2009/9/28	6.69	6.85	6.51	6.52	1778697	11913629
2009/9/25	7	7	6.64	6.64	2559015	17361638
2009/9/24	6.6	6.95	6.6	6.84	3090330	21071882
2009/9/23	6.78	6.91	6.51	6.65	2659800	17795434
2009/9/22	7.15	7.24	6.83	6.83	3216579	22535040
2009/9/21	7.15	7.28	7.03	7.19	5000461	35384060
2009/9/17	7.38	7.5	7.33	7.4	4098121	30250530
2009/9/16	7.37	7.58	7.2	7.4	5120868	37898436
2009/9/15	7.19	7.43	7.13	7.38	5394188	39461508
2009/9/14	7.18	7.47	7.05	7.19	4756685	34520632
2009/9/11	7.2	7.28	7.05	7.17	5054988	36283492
2009/9/10	6.8	7.16	6.65	7.16	6575284	46364588
2009/9/9	6.71	6.89	6.63	6.82	3244142	22014904
2009/9/8	6.66	6.74	6.58	6.71	2829506	18920374
2009/9/7	6.75	6.89	6.61	6.68	3309397	22370020
2009/9/4	6.65	6.81	6.55	6.71	2676721	17941082
2009/9/3	6.37	6.76	6.37	6.66	2899835	19161858
2009/9/2	6.72	6.72	6.25	6.5	2583910	16638965
2009/9/1	6.6	6.82	6.46	6.58	2246974	14912624
2009/8/31	6.99	6.99	6.68	6.68	2993800	20195408
2009/8/28	6.91	7.15	6.71	7.03	4974127	34442704
2009/8/27	6.73	7.06	6.65	7.06	6090507	42066072
2009/8/26	6.44	6.78	6.32	6.72	4580478	30426072
2009/8/25	6.76	6.84	6.47	6.47	5003735	32679840
2009/8/24	6.88	6.97	6.63	6.81	4874804	33150586
2009/8/21	6.49	6.81	6.41	6.81	5951622	40274524
2009/8/20	6.2	6.5	6.16	6.49	3735489	23743772
2009/8/19	6.32	6.5	6.13	6.2	3849776	24239036
2009/8/18	6.03	6.45	5.94	6.38	5080821	30916118
2009/8/17	6.5	6.5	6.25	6.25	2960288	18647604
2009/8/14	6.83	6.92	6.58	6.58	3569323	24023126
2009/8/13	6.98	7	6.7	6.85	6030253	41005984
2009/8/12	7.39	7.41	7.05	7.05	5441551	38942900
2009/8/11	7.35	7.45	7.2	7.42	4701156	34503052
2009/8/10	7.38	7.43	7.12	7.38	5105522	37189416
2009/8/7	7.31	7.61	7.22	7.32	7130384	52974764
2009/8/6	7.14	7.49	6.82	7.36	9327545	67013960
2009/8/5	7.3	7.4	7	7.18	5549249	39682992
2009/8/4	7.11	7.43	7.03	7.28	7252676	52865460
2009/8/3	6.89	7.18	6.76	7.1	5544776	38433456
2009/7/31	6.67	6.89	6.63	6.85	5382101	36376976
2009/7/30	6.81	7	6.49	6.64	9511018	63132860
2009/7/29	7.06	7.44	6.74	6.83	12272448	87430920
2009/7/28	6.73	7.09	6.7	7.09	8571439	60158584
2009/7/27	6.56	6.85	6.54	6.75	7374970	49417176
2009/7/24	6.67	6.72	6.43	6.53	7849994	51599052
2009/7/23	6.7	6.77	6.59	6.65	6315041	42020876
2009/7/22	6.46	6.76	6.45	6.65	8808977	58041148
2009/7/21	6.36	6.64	6.28	6.52	12082425	77986328
2009/7/20	6.23	6.48	6.23	6.36	8398464	53031344
2009/7/17	6.1	6.31	6.08	6.26	8114192	50355692
2009/7/16	6.29	6.39	6.12	6.14	7610608	47745376
2009/7/15	6.3	6.4	6.22	6.29	7620175	47990608
2009/7/14	6.24	6.56	6.15	6.29	10374321	65979300
2009/7/13	6.09	6.26	6.03	6.25	8850218	54495092
2009/7/10	6.16	6.2	6.03	6.11	7480965	45724268
2009/7/9	6.3	6.33	6.03	6.16	17217007	106169672
2009/7/8	5.85	6.11	5.84	6.11	9399698	57024684
2009/7/7	5.75	5.94	5.73	5.82	9845441	57603016
2009/7/6	5.75	5.8	5.62	5.75	8378616	47750712
2009/7/3	5.54	5.78	5.51	5.72	11461816	65251320
2009/7/2	5.56	5.58	5.44	5.58	8539900	46962968
2009/7/1	5.48	5.63	5.45	5.55	6023823	33486372
2009/6/30	5.68	5.68	5.47	5.5	6949543	38614328
2009/6/29	5.58	5.75	5.56	5.66	7946158	44860324
2009/6/26	5.49	5.62	5.47	5.57	5140019	28481314
2009/6/25	5.58	5.6	5.44	5.49	8426059	46374176
2009/6/24	5.65	5.76	5.56	5.6	7512223	42323088
2009/6/23	5.46	5.82	5.44	5.65	12846172	72725144
2009/6/22	5.48	5.6	5.35	5.54	7733999	42260568
2009/6/19	5.5	5.58	5.37	5.41	6158443	33518142
2009/6/18	5.51	5.62	5.45	5.54	7210076	39737080
2009/6/17	5.35	5.61	5.29	5.57	7450196	40738484
2009/6/16	5.49	5.59	5.3	5.34	7479000	40595280
2009/6/15	5.45	5.63	5.4	5.53	7277059	40022380
2009/6/12	5.68	5.96	5.44	5.44	17797603	101374016
2009/6/11	5.43	5.73	5.33	5.73	21410555	120315568
2009/6/10	5.47	5.59	5.38	5.46	11236825	61435780
2009/6/9	5.25	5.49	5.24	5.49	16440000	89090824
2009/6/8	5.2	5.32	5.14	5.23	7744130	40542776
2009/6/5	5.2	5.39	5.16	5.25	11788400	62117816
2009/6/4	5.13	5.18	4.98	5.18	9326516	47345932
2009/6/3	5.04	5.18	5.04	5.15	8150980	41728176
2009/6/2	5.01	5.08	4.93	5.04	7101096	35549492
2009/6/1	4.93	5.05	4.86	5	8517622	42230432
2009/5/27	4.88	4.99	4.83	4.91	14501716	71149504
2009/5/26	5.05	5.21	5.05	5.08	5001338	25576464
2009/5/25	4.93	5.11	4.89	5.05	4930844	24507668
2009/5/22	5.01	5.19	4.98	5.15	7265463	36734240
2009/5/21	5.52	5.54	5.24	5.24	8895300	47149828
2009/5/19	5.44	5.71	5.39	5.52	9777000	54295980
2009/5/18	5.59	5.59	5.3	5.45	13245900	72206832
2009/5/15	5.3	5.58	5.29	5.58	11441100	63104676
2009/5/14	5.19	5.43	5.18	5.31	9424200	50205312
2009/5/13	5	5.28	4.95	5.24	9489400	49333680
2009/5/12	4.83	5.06	4.71	5.03	3751500	18549446
2009/5/11	5.13	5.24	4.93	4.93	6540800	33506958
2009/5/8	5.23	5.3	5.09	5.19	7872500	40951140
2009/5/7	5.01	5.24	4.9	5.23	8674000	43843640
2009/5/6	4.95	5.05	4.94	4.99	3879500	19449650
2009/5/5	5.04	5.08	4.9	4.93	4828400	23973822
2009/5/4	4.93	5.07	4.8	5.03	5918500	29169474
2009/4/30	4.73	4.88	4.7	4.83	3718400	17789374
2009/4/29	4.61	4.82	4.6	4.75	3753400	17614876
2009/4/28	4.52	4.65	4.42	4.65	2892400	13149724
2009/4/27	4.83	4.87	4.56	4.56	5236300	24221542
2009/4/24	4.93	5.07	4.8	4.8	4207000	20687086
2009/4/23	5.05	5.15	4.92	5	6833800	34142024
2009/4/22	5.37	5.63	5.15	5.18	10979600	59963136
2009/4/21	5.18	5.48	5.05	5.36	8952600	47119932
2009/4/20	5.18	5.25	5.12	5.23	6224300	32334430
2009/4/17	5.15	5.28	5.08	5.18	4959400	25799724
2009/4/16	5.2	5.25	5.07	5.15	5908200	30366374
2009/4/15	5.3	5.3	5.09	5.2	8438900	43610528
2009/4/14	5.5	5.55	5.29	5.36	6913100	37211828
2009/4/13	5.22	5.45	5.17	5.45	11177600	59528152
2009/4/10	5.23	5.23	5.05	5.19	9150900	47094252
2009/4/9	5.22	5.47	5.12	5.2	10662100	56123368
2009/4/8	5.22	5.22	5	5.22	19870700	102806080
2009/4/7	4.96	4.97	4.96	4.97	2950000	14657070
2009/4/3	4.64	4.79	4.49	4.73	7299700	34030416
2009/4/2	4.66	4.79	4.63	4.63	4773400	22387930
2009/4/1	4.57	4.76	4.56	4.65	5576300	26050848
2009/3/31	4.57	4.59	4.42	4.56	4344500	19517824
2009/3/30	4.56	4.74	4.53	4.65	4625600	21426846
2009/3/27	4.5	4.64	4.5	4.55	4422800	20155844
2009/3/26	4.38	4.5	4.34	4.48	3770400	16649460
2009/3/25	4.63	4.68	4.4	4.4	4343700	19807792
2009/3/24	4.52	4.66	4.45	4.63	5251900	23880928
2009/3/23	4.48	4.63	4.38	4.51	6128100	27545138
2009/3/20	4.31	4.55	4.27	4.51	7142300	31607422
2009/3/19	4.28	4.34	4.16	4.33	4696500	20042638
2009/3/18	4.27	4.32	4.22	4.27	3637300	15527639
2009/3/17	4.11	4.27	4.08	4.24	2753300	11594025
2009/3/16	4	4.15	4	4.13	1561700	6365025
2009/3/13	4.2	4.23	4.06	4.1	2390500	9910326
2009/3/12	4.08	4.3	3.97	4.2	4824300	19623496
2009/3/11	4.22	4.26	4.13	4.18	3627800	15282895
2009/3/9	4.18	4.25	4.02	4.06	2620500	10854593
2009/3/6	4.22	4.3	4.12	4.2	3458300	14541274
2009/3/5	4.39	4.39	4.2	4.31	6081900	26297906
2009/3/4	4.18	4.18	4.18	4.18	1273800	5324672
2009/3/3	4	4.07	3.9	3.98	2697900	10681294
2009/3/2	4.04	4.23	4.04	4.09	4397400	17885532
2009/2/27	4.25	4.35	4.25	4.25	2831900	12060100
2009/2/26	4.79	4.89	4.47	4.47	8346300	39181860
2009/2/25	4.53	4.7	4.5	4.7	7581900	35552568
2009/2/24	4.85	4.85	4.41	4.48	10430300	48848948
2009/2/23	4.55	4.64	4.4	4.64	3329400	15289126
2009/2/20	4.17	4.42	4.14	4.42	4331700	18828440
2009/2/19	4.27	4.41	4.16	4.21	5255200	22097682
2009/2/18	4.48	4.55	4.38	4.38	4286400	18938612
2009/2/17	4.69	4.93	4.6	4.61	6878100	32955914
2009/2/16	4.53	4.71	4.42	4.71	8540700	39376304
2009/2/13	4.28	4.49	4.25	4.49	8537100	37482508
2009/2/12	4.3	4.4	4.16	4.28	3946300	16863088
2009/2/11	4.29	4.42	4.24	4.32	4685600	20420206
2009/2/10	4.33	4.35	4.24	4.33	4368700	18728156
2009/2/9	4.46	4.54	4.27	4.38	7924600	34771892
2009/2/6	4.39	4.42	4.2	4.4	9260100	39980824
2009/2/5	3.95	4.21	3.86	4.21	4498300	18499618
2009/2/4	3.9	4.01	3.82	4.01	4993700	19663658
2009/2/3	3.66	3.82	3.64	3.82	2993700	11157485
2009/2/2	3.69	3.72	3.61	3.68	1386300	5083159
2009/1/23	3.46	3.71	3.46	3.6	1698800	6157277
2009/1/21	3.49	3.59	3.42	3.53	1670600	5842618
2009/1/20	3.6	3.77	3.51	3.54	3040500	11046556
2009/1/19	3.46	3.61	3.41	3.61	3126500	11106182
2009/1/16	3.38	3.48	3.38	3.44	2588000	8869745
2009/1/15	3.33	3.43	3.27	3.4	1463000	4897167
2009/1/14	3.28	3.36	3.2	3.35	884800	2931496.75
2009/1/13	3.4	3.43	3.27	3.27	1115100	3727560.5
2009/1/12	3.48	3.54	3.39	3.42	1402700	4824814.5
2009/1/9	3.47	3.64	3.43	3.51	2479600	8795033
2009/1/8	3.34	3.53	3.26	3.51	2543200	8695308
2009/1/7	3.48	3.5	3.35	3.39	1971500	6719244
2009/1/6	3.39	3.55	3.22	3.5	1476600	5033178.5
2009/1/5	3.3	3.4	3.3	3.39	1024500	3465565.5

:						
000007   						
      	    	    	    	    	    	    