2019/9/23	4.22	4.23	4.12	4.15	8765300	36470176
2019/9/20	4.2	4.5	4.19	4.21	27536067	118241272
2019/9/19	4.16	4.2	4.15	4.18	4588968	19159146
2019/9/18	4.13	4.22	4.11	4.15	8786401	36568460
2019/9/17	4.25	4.26	4.14	4.15	9799395	41007820
2019/9/16	4.17	4.29	4.14	4.25	13817200	58258396
2019/9/12	4.21	4.25	4.15	4.16	14279572	59790260
2019/9/11	4.07	4.28	4.05	4.24	24834812	103562112
2019/9/10	4.06	4.11	4.01	4.07	13607301	55277412
2019/9/9	4.03	4.06	4	4.05	10751347	43360864
2019/9/6	4.03	4.03	3.96	4	7167645	28608042
2019/9/5	4.02	4.09	4	4.01	10186006	41149056
2019/9/4	3.99	4.01	3.96	4	6501590	25914094
2019/9/3	4.03	4.03	3.98	4.01	4831944	19314848
2019/9/2	3.95	4.04	3.92	4.03	7903813	31664262
2019/8/30	4	4.02	3.92	3.93	5522200	21952216
2019/8/29	4.04	4.04	3.97	3.99	5851701	23403796
2019/8/28	4.01	4.04	3.98	4.03	6955557	27869874
2019/8/27	4.06	4.06	3.99	4.03	8232410	33144496
2019/8/26	3.9	4.04	3.84	4.03	9705200	38517384
2019/8/23	4.1	4.1	3.97	4.02	11455307	46353456
2019/8/22	4	4.1	3.97	4.08	10139847	40878808
2019/8/21	3.9	4.03	3.9	4.01	7352502	29294766
2019/8/20	3.89	3.99	3.87	3.93	6714600	26465312
2019/8/19	3.8	3.91	3.77	3.91	8745620	33596548
2019/8/16	3.78	3.8	3.74	3.77	5872905	22193888
2019/8/15	3.71	3.81	3.64	3.79	9660205	35948780
2019/8/14	3.83	3.86	3.79	3.81	4514860	17257264
2019/8/13	3.76	3.8	3.73	3.79	4720949	17848284
2019/8/12	3.73	3.79	3.71	3.78	5995350	22514134
2019/8/9	3.81	3.82	3.7	3.71	4199900	15739077
2019/8/8	3.8	3.8	3.74	3.79	3769100	14244194
2019/8/7	3.82	3.85	3.75	3.77	4566600	17380246
2019/8/6	3.86	3.9	3.65	3.8	10777044	40815972
2019/8/5	4.02	4.07	3.95	3.96	7977299	31938734
2019/8/2	4.04	4.08	4	4.04	7701400	31059172
2019/8/1	4.05	4.16	4.05	4.11	6877200	28223772
2019/7/31	4.15	4.16	4.08	4.08	5910600	24289588
2019/7/30	4.15	4.18	4.13	4.15	8194801	34088492
2019/7/29	4.2	4.25	4.16	4.17	11187200	46895764
2019/7/26	4.09	4.3	4.06	4.27	25153752	106063520
2019/7/25	4.04	4.04	3.98	4	6010900	24043150
2019/7/24	4.02	4.05	4	4.03	4938602	19917296
2019/7/23	4	4.03	3.98	4.01	5251200	21027960
2019/7/22	4.1	4.13	4	4.01	6135130	24738096
2019/7/19	4.05	4.15	4.05	4.08	4412130	18138880
2019/7/18	4.13	4.13	4.04	4.05	5508000	22413224
2019/7/17	4.19	4.19	4.13	4.14	7113367	29539322
2019/7/16	4.15	4.26	4.13	4.23	9856756	41190344
2019/7/15	4.14	4.2	4.08	4.19	11221365	46515264
2019/7/12	4.12	4.13	4.07	4.12	4398351	18049086
2019/7/11	4.06	4.13	4.05	4.13	5223800	21382286
2019/7/10	4.08	4.1	4.05	4.05	4724520	19238878
2019/7/9	4.01	4.1	4.01	4.06	6687336	27155132
2019/7/8	4.17	4.2	3.99	4.04	9930905	40482096
2019/7/5	4.12	4.22	4.11	4.17	7816001	32647460
2019/7/4	4.21	4.23	4.12	4.13	7675800	31862644
2019/7/3	4.2	4.25	4.17	4.2	6633947	27884444
2019/7/2	4.33	4.33	4.17	4.21	14388200	60905624
2019/7/1	4.31	4.35	4.29	4.33	9120020	39379676
2019/6/28	4.3	4.3	4.18	4.25	8921290	37711944
2019/6/27	4.27	4.36	4.25	4.28	6766900	29136212
2019/6/26	4.29	4.35	4.25	4.27	6447300	27732200
2019/6/25	4.36	4.39	4.29	4.31	8049300	34831412
2019/6/24	4.46	4.46	4.31	4.35	9813771	42828648
2019/6/21	4.38	4.46	4.36	4.44	13577635	59863996
2019/6/20	4.36	4.45	4.3	4.36	14829425	64789252
2019/6/19	4.46	4.52	4.33	4.41	22176116	97402456
2019/6/18	4.2	4.62	4.16	4.41	27115211	120176176
2019/6/17	4.24	4.31	4.16	4.2	8015400	33870792
2019/6/14	4.42	4.46	4.2	4.22	10755920	46069404
2019/6/13	4.42	4.47	4.35	4.41	7729298	34063872
2019/6/12	4.49	4.52	4.37	4.42	7804101	34679616
2019/6/11	4.34	4.52	4.32	4.48	9361139	41594256
2019/6/10	4.22	4.38	4.19	4.31	8867012	38199160
2019/6/6	4.33	4.37	4.19	4.19	5999770	25741320
2019/6/5	4.36	4.39	4.27	4.33	6058819	26277792
2019/6/4	4.4	4.42	4.25	4.31	8051524	34899832
2019/6/3	4.54	4.54	4.34	4.36	10272024	45390688
2019/5/31	4.56	4.67	4.47	4.48	13984500	63885640
2019/5/30	4.49	4.74	4.38	4.65	17637251	79827920
2019/5/29	4.28	4.54	4.28	4.46	11179801	49530432
2019/5/28	4.26	4.42	4.22	4.33	13194925	57395000
2019/5/27	4.2	4.26	4.14	4.25	8426335	35428216
2019/5/24	4.18	4.24	4.12	4.16	7996000	33308644
2019/5/23	4.1	4.28	4.05	4.16	11606200	48702008
2019/5/22	4.21	4.24	4.08	4.13	6571108	27271652
2019/5/21	4.15	4.27	4.11	4.22	8657501	36409804
2019/5/20	4.18	4.19	4.06	4.1	8016323	33083808
2019/5/17	4.44	4.5	4.08	4.15	17205238	73948376
2019/5/16	4.43	4.55	4.38	4.49	10279638	45929784
2019/5/15	4.37	4.47	4.33	4.43	10491540	46228220
2019/5/14	4.35	4.42	4.31	4.32	8132000	35461256
2019/5/13	4.33	4.41	4.33	4.37	8009210	34998556
2019/5/10	4.35	4.44	4.18	4.4	10891309	47466364
2019/5/9	4.34	4.39	4.27	4.29	8234300	35517548
2019/5/8	4.37	4.46	4.25	4.35	11768800	51432288
2019/5/7	4.33	4.49	4.22	4.42	20230520	88174272
2019/5/6	4.65	4.65	4.29	4.29	18390600	81982968
2019/4/30	4.76	4.89	4.73	4.77	9528020	45746044
2019/4/29	4.84	4.86	4.66	4.72	14026256	66889696
2019/4/26	4.82	4.9	4.71	4.81	13419260	64352880
2019/4/25	5.04	5.07	4.82	4.82	22466299	110685232
2019/4/24	5.1	5.11	4.82	5.05	28986658	143395136
2019/4/23	5.13	5.27	4.93	5.11	26937245	137258864
2019/4/22	5.45	5.46	5.14	5.19	40188889	212542016
2019/4/19	5.03	5.11	4.86	5.03	18756600	92790984
2019/4/18	5.17	5.17	5	5.01	10964143	55472900
2019/4/17	5.11	5.25	5.05	5.15	15688801	80836624
2019/4/16	5.13	5.14	4.92	5.11	13764462	69154760
2019/4/15	5.22	5.33	5.08	5.1	15690299	81209832
2019/4/12	4.97	5.04	4.92	4.97	7640820	38045304
2019/4/11	5.16	5.21	4.99	4.99	11108803	56511460
2019/4/10	5.05	5.21	5.01	5.16	12915527	66033284
2019/4/9	5.12	5.18	5.07	5.12	10727902	55061640
2019/4/8	5.22	5.31	5.09	5.14	16284501	84316648
2019/4/4	5.3	5.32	5.07	5.2	26384863	136744192
2019/4/3	5.04	5.46	5	5.3	29225364	150916448
2019/4/2	4.93	5.09	4.87	5.08	19101980	95941904
2019/4/1	4.77	4.92	4.74	4.87	14086892	68598232
2019/3/29	4.7	4.81	4.57	4.79	9879021	46601384
2019/3/28	4.71	4.8	4.63	4.7	10201519	48091680
2019/3/27	4.78	4.8	4.58	4.71	13638976	63659456
2019/3/26	4.96	5.02	4.69	4.71	19485033	93619440
2019/3/25	5.08	5.13	4.94	4.95	18266523	91924496
2019/3/22	5.18	5.38	5.06	5.18	40274796	209120560
2019/3/21	4.7	5.17	4.67	5.12	53785752	270698848
2019/3/20	4.71	4.78	4.62	4.7	14594619	68624008
2019/3/19	4.71	4.79	4.65	4.73	17369204	81748224
2019/3/18	4.59	4.78	4.51	4.68	16667652	77663584
2019/3/15	4.33	4.66	4.33	4.56	21531574	97340704
2019/3/14	4.41	4.57	4.29	4.34	17019892	75034120
2019/3/13	4.64	4.68	4.5	4.51	15164401	69145304
2019/3/12	4.67	4.74	4.5	4.62	21067337	97770864
2019/3/11	4.47	4.77	4.45	4.66	22250875	101780176
2019/3/8	4.51	4.68	4.38	4.46	24924848	113186904
2019/3/7	4.37	4.74	4.32	4.63	30375380	138949920
2019/3/6	4.2	4.41	4.17	4.37	29666871	128480096
2019/3/5	4.09	4.18	4.03	4.17	15842924	65265604
2019/3/4	4	4.14	4	4.08	20246239	82644912
2019/3/1	4.03	4.04	3.97	4.01	11099567	44513828
2019/2/28	3.98	4.09	3.96	4	15402856	61910240
2019/2/27	3.97	4.04	3.93	3.98	16746353	66708288
2019/2/26	4.06	4.12	3.97	4	20660520	83568032
2019/2/25	4.01	4.08	3.92	4.06	23256814	93375496
2019/2/22	3.9	3.95	3.81	3.93	9325857	36276460
2019/2/21	3.93	3.98	3.88	3.89	9343100	36653160
2019/2/20	3.87	4.05	3.87	3.96	11833043	46920324
2019/2/19	3.87	4	3.84	3.87	12123322	47363496
2019/2/18	3.74	3.93	3.74	3.9	11774766	45251932
2019/2/15	3.73	3.83	3.7	3.74	7177537	26992962
2019/2/14	3.7	3.78	3.69	3.74	5550101	20744060
2019/2/13	3.64	3.76	3.61	3.71	7663536	28289730
2019/2/12	3.59	3.68	3.56	3.64	4344993	15728754
2019/2/11	3.5	3.59	3.5	3.58	4186400	14884262
2019/2/1	3.44	3.51	3.43	3.49	3950910	13761238
2019/1/31	3.5	3.56	3.38	3.42	4530353	15658407
2019/1/30	3.49	3.6	3.48	3.5	5143700	18194700
2019/1/29	3.56	3.59	3.45	3.49	5822569	20387910
2019/1/28	3.66	3.69	3.55	3.55	3887725	14138490
2019/1/25	3.71	3.74	3.64	3.66	3892259	14323793
2019/1/24	3.72	3.82	3.68	3.69	5482706	20391022
2019/1/23	3.65	3.68	3.62	3.67	4215493	15427061
2019/1/22	3.7	3.77	3.66	3.66	5436793	20154512
2019/1/21	3.65	3.72	3.65	3.7	3823060	14069512
2019/1/18	3.61	3.76	3.61	3.68	4929758	18093268
2019/1/17	3.66	3.69	3.62	3.63	2655100	9694139
2019/1/16	3.71	3.74	3.66	3.68	3681500	13600581
2019/1/15	3.67	3.72	3.65	3.7	4672322	17218866
2019/1/14	3.7	3.73	3.64	3.66	3451600	12730272
2019/1/11	3.68	3.74	3.65	3.71	3398900	12582977
2019/1/10	3.65	3.75	3.65	3.68	3567000	13167402
2019/1/9	3.67	3.75	3.65	3.66	3854702	14272583
2019/1/8	3.79	3.79	3.66	3.68	4985525	18426966
2019/1/7	3.72	3.79	3.7	3.76	5138302	19276202
2019/1/4	3.57	3.7	3.55	3.68	4840600	17654910
2019/1/3	3.58	3.62	3.56	3.58	3461100	12427914
2019/1/2	3.6	3.64	3.53	3.57	3260501	11670766
2018/12/28	3.45	3.71	3.41	3.6	7668353	27332128
2018/12/27	3.63	3.67	3.4	3.41	4941534	17483820
2018/12/26	3.59	3.61	3.54	3.56	1929600	6879954
2018/12/25	3.59	3.59	3.46	3.56	5672600	19986860
2018/12/24	3.63	3.66	3.57	3.64	2183900	7932782
2018/12/21	3.67	3.67	3.57	3.63	4151994	14999348
2018/12/20	3.63	3.69	3.61	3.68	2948400	10802152
2018/12/19	3.74	3.76	3.63	3.66	4186401	15468856
2018/12/18	3.75	3.79	3.67	3.76	4630301	17252530
2018/12/17	3.76	3.8	3.73	3.78	3439520	12978668
2018/12/14	3.93	3.93	3.73	3.75	6495400	24802636
2018/12/13	3.94	3.97	3.85	3.92	4908700	19220034
2018/12/12	3.81	4.1	3.81	3.95	11086931	43447884
2018/12/11	3.83	3.86	3.78	3.81	5226200	19962004
2018/12/10	3.93	3.97	3.78	3.8	7785200	30059554
2018/12/7	3.98	4.02	3.93	3.97	3940200	15681575
2018/12/6	4.03	4.05	3.94	3.98	7157400	28588016
2018/12/5	3.98	4.1	3.96	4.03	7798100	31522728
2018/12/4	4.05	4.14	4.01	4.08	10741385	43776524
2018/12/3	4.1	4.11	4.01	4.04	10976580	44504176
2018/11/30	3.93	4.08	3.87	3.98	12176501	48495008
2018/11/29	4.04	4.08	3.88	3.89	10300954	41045156
2018/11/28	3.99	4.04	3.93	3.98	9434700	37597928
2018/11/27	3.77	4.08	3.77	3.96	17815927	70368704
2018/11/26	3.85	3.93	3.72	3.76	11151795	42703976
2018/11/23	4.08	4.1	3.92	3.95	13943800	55801876
2018/11/22	4.1	4.12	4.02	4.06	8106800	32963268
2018/11/21	4.05	4.11	4.01	4.08	8329700	33909172
2018/11/20	4.13	4.21	4.07	4.1	11182100	46273028
2018/11/19	4.17	4.21	4.08	4.15	10786401	44517760
2018/11/16	4.13	4.22	4.11	4.15	12885990	53496868
2018/11/15	4.2	4.28	4.1	4.16	18521800	77192440
2018/11/14	4.1	4.18	4.06	4.11	12632401	52022964
2018/11/13	3.93	4.18	3.93	4.11	16555847	67460528
2018/11/12	3.85	4.01	3.82	3.99	13534982	53315356
2018/11/9	3.81	3.91	3.76	3.85	10147400	39075332
2018/11/8	3.9	3.93	3.8	3.81	9110533	35114860
2018/11/7	3.85	3.99	3.83	3.88	14435816	56388844
2018/11/6	3.75	3.88	3.69	3.88	15328903	57946916
2018/11/5	3.75	3.84	3.71	3.77	11532980	43464052
2018/11/2	3.71	3.78	3.69	3.73	11767928	43917584
2018/11/1	3.72	3.77	3.66	3.66	13734515	50915448
2018/10/31	3.56	3.89	3.51	3.78	21347946	79834968
2018/10/30	3.5	3.65	3.41	3.54	9380117	33055744
2018/10/29	3.51	3.53	3.4	3.42	5613656	19342378
2018/10/26	3.53	3.63	3.5	3.51	6801757	24195002
2018/10/25	3.48	3.56	3.41	3.53	9391565	32731266
2018/10/24	3.56	3.66	3.54	3.56	8318857	29859014
2018/10/23	3.7	3.73	3.58	3.58	13250261	48341648
2018/10/22	3.46	3.75	3.43	3.75	19497856	70142592
2018/10/19	3.28	3.43	3.2	3.41	9384501	31442798
2018/10/18	3.42	3.49	3.28	3.33	11074701	37483432
2018/10/17	3.47	3.5	3.32	3.45	9776966	33508038
2018/10/16	3.47	3.54	3.35	3.42	17045698	58756716
2018/10/15	3.99	4.09	3.58	3.58	27738500	102522520
2018/10/12	4.3	4.42	3.98	3.98	20833422	86455040
2018/10/11	4.6	4.69	4.25	4.37	13934813	62176156
2018/10/10	4.59	4.71	4.55	4.7	7364701	33985428
2018/10/9	4.63	4.67	4.57	4.59	4843101	22341660
2018/10/8	4.7	4.85	4.61	4.62	10127700	47902436
2018/9/28	4.63	4.73	4.62	4.73	4010890	18739198
2018/9/27	4.75	4.8	4.63	4.63	5924100	27964816
2018/9/26	4.78	4.8	4.73	4.74	5931820	28229038
2018/9/25	4.77	4.81	4.73	4.76	5114100	24378578
2018/9/21	4.71	4.85	4.68	4.79	6638600	31663732
2018/9/20	4.73	4.76	4.67	4.69	3531700	16623924
2018/9/19	4.62	4.79	4.6	4.71	7864302	36959992
2018/9/18	4.57	4.64	4.53	4.64	4347200	19988252
2018/9/17	4.6	4.63	4.54	4.57	6166335	28251406
2018/9/14	4.61	4.85	4.58	4.67	10346820	48800248
2018/9/13	4.63	4.67	4.49	4.6	6538221	29888376
2018/9/12	4.57	4.66	4.46	4.62	6680520	30531000
2018/9/11	4.72	4.73	4.55	4.57	5593700	25741120
2018/9/10	4.77	4.81	4.67	4.7	6122200	29018512
2018/9/7	4.8	4.86	4.77	4.81	3201680	15422325
2018/9/6	4.74	4.84	4.73	4.8	3808004	18269848
2018/9/5	4.85	4.87	4.77	4.78	5199609	25079812
2018/9/4	4.84	4.89	4.82	4.87	4808124	23355810
2018/9/3	4.83	4.91	4.78	4.85	3281502	15898786
2018/8/31	4.88	4.91	4.82	4.85	2821700	13695932
2018/8/30	4.93	4.97	4.87	4.87	3493700	17143864
2018/8/29	5.05	5.06	4.95	4.97	5345524	26706878
2018/8/28	4.94	5.05	4.93	5.04	8606476	43069384
2018/8/27	4.83	4.96	4.81	4.96	7825991	38410008
2018/8/24	4.9	5.1	4.87	4.87	14590332	72537752
2018/8/23	4.81	4.83	4.77	4.81	2944661	14148103
2018/8/22	4.83	4.85	4.78	4.79	3328574	15984100
2018/8/21	4.77	4.86	4.75	4.84	5247410	25254268
2018/8/20	4.79	4.81	4.69	4.77	5096801	24193780
2018/8/17	4.87	4.91	4.74	4.77	4195100	20193894
2018/8/16	4.82	4.91	4.7	4.84	5181200	24952820
2018/8/15	5	5.01	4.87	4.88	5523900	27222212
2018/8/14	5.02	5.07	4.95	5	5009700	25071128
2018/8/13	5.05	5.05	4.93	5.02	8418035	42036332
2018/8/10	5.07	5.22	5.02	5.12	12407522	63598560
2018/8/9	4.99	5.1	4.93	5.08	11759697	59418056
2018/8/8	5.05	5.1	4.99	4.99	11591567	58378008
2018/8/7	4.85	5.18	4.85	5.13	17086789	86261888
2018/8/6	5	5.15	4.89	4.91	14669601	73346760
2018/8/3	4.92	4.97	4.87	4.88	8170888	40116096
2018/8/2	5.15	5.15	4.81	4.91	15862703	78565432
2018/8/1	5.29	5.33	5.14	5.16	10634825	55508628
2018/7/31	5.24	5.4	5.22	5.26	12187813	64491772
2018/7/30	5.22	5.31	5.17	5.23	12080800	63219208
2018/7/27	5.37	5.38	5.21	5.22	13311500	70193392
2018/7/26	5.46	5.58	5.33	5.34	28583936	155341088
2018/7/25	5.07	5.54	5.02	5.54	46045624	251446880
2018/7/24	4.92	5.12	4.92	5.04	15117101	76234416
2018/7/23	4.85	4.98	4.84	4.92	8826301	43488616
2018/7/20	4.84	4.9	4.74	4.88	7461710	35999804
2018/7/19	4.98	4.99	4.79	4.81	9570101	46542736
2018/7/18	5.04	5.07	4.97	5	7690400	38538484
2018/7/17	4.95	5.04	4.9	5.03	8946430	44436460
2018/7/16	4.96	4.96	4.8	4.93	11590622	56541108
2018/7/13	5.08	5.1	5.02	5.04	6995322	35409408
2018/7/12	4.97	5.11	4.94	5.09	11881410	60019856
2018/7/11	5.01	5.02	4.86	4.93	8626122	42642584
2018/7/10	5.05	5.14	5	5.09	7853601	39769032
2018/7/9	4.96	5.06	4.92	5.05	9858039	49335544
2018/7/6	4.92	5	4.67	4.94	19305910	94005240
2018/7/5	5.19	5.23	4.9	4.95	14340010	72630736
2018/7/4	5.36	5.4	5.19	5.19	9208700	48518332
2018/7/3	5.4	5.45	5.22	5.4	8602108	46138072
2018/7/2	5.58	5.61	5.31	5.38	12049401	65756244
2018/6/29	5.49	5.68	5.35	5.61	15151901	83926208
2018/6/28	5.59	5.67	5.51	5.55	9699079	54343400
2018/6/27	5.84	5.89	5.54	5.63	12514913	71543768
2018/6/26	5.61	5.75	5.48	5.71	16157340	90357152
2018/6/25	5.84	5.99	5.7	5.72	13206310	76845808
2018/6/22	5.51	5.86	5.51	5.85	15128116	86675360
2018/6/21	6.07	6.08	5.5	5.66	20564083	120041592
2018/6/20	6.06	6.15	5.8	6.07	21267427	127726832
2018/6/19	6.31	6.65	6.04	6.04	33636398	212604832
2018/6/15	7	7.26	6.71	6.71	39201222	272625664
2018/6/13	6.78	6.86	6.62	6.68	8593174	57863908
2018/6/12	6.81	6.86	6.67	6.83	10559900	71691592
2018/6/11	6.85	6.94	6.77	6.79	8963442	61431908
2018/6/8	7.01	7.11	6.8	6.88	14849327	103059856
2018/6/7	6.94	7.14	6.88	7.09	22536249	158681008
2018/6/6	6.7	6.9	6.7	6.88	11680298	79484576
2018/6/5	6.65	6.74	6.62	6.72	6245171	41753200
2018/6/4	6.52	6.72	6.52	6.61	7361941	48840252
2018/6/1	6.5	6.64	6.43	6.56	7033710	45911060
2018/5/31	6.52	6.6	6.47	6.5	9418051	61589084
2018/5/30	6.79	6.8	6.47	6.47	17484674	116185528
2018/5/29	6.8	6.98	6.79	6.85	10970187	75359056
2018/5/28	6.93	6.93	6.76	6.79	10202620	69809560
2018/5/25	6.95	7.02	6.9	6.93	10242850	71212552
2018/5/24	7.1	7.2	6.93	6.96	16796800	118627136
2018/5/23	7.22	7.31	7.13	7.14	15510601	111882680
2018/5/22	7.03	7.48	7	7.21	25049221	181043520
2018/5/21	7.05	7.12	7.02	7.02	13965253	98677208
2018/5/18	7	7.04	6.94	7.03	6367100	44555744
2018/5/17	6.99	7.06	6.92	7.01	8503317	59516152
2018/5/16	7.07	7.14	6.99	7.02	12385100	87578304
2018/5/15	7.16	7.22	6.99	7.1	17815701	126154808
2018/5/14	6.74	7.36	6.74	7.16	36612868	258930416
2018/5/11	6.84	6.86	6.72	6.74	8753303	59260084
2018/5/10	6.84	6.87	6.79	6.84	6535102	44627484
2018/5/9	6.81	6.86	6.73	6.82	7140001	48517760
2018/5/8	6.81	6.9	6.73	6.81	9596900	65396424
2018/5/7	6.68	6.87	6.65	6.79	13953020	94925440
2018/5/4	6.57	6.76	6.52	6.66	11430500	75868688
2018/5/3	6.6	6.61	6.32	6.59	13373322	86438040
2018/5/2	6.72	6.72	6.58	6.6	8965000	59558028
2018/4/27	6.68	6.71	6.57	6.69	8517021	56580392
2018/4/26	6.72	6.8	6.64	6.65	10490100	70190632
2018/4/25	6.74	6.85	6.72	6.77	10079712	68212024
2018/4/24	6.67	6.85	6.63	6.79	10401550	70404840
2018/4/23	6.71	6.77	6.58	6.65	14938363	99405560
2018/4/20	6.97	6.97	6.75	6.79	15240410	103983192
2018/4/19	7	7.05	6.94	6.97	10852521	75769696
2018/4/18	7.08	7.12	6.73	7.03	24048979	166745424
2018/4/17	7.02	7.14	7	7.03	19716606	139347168
2018/4/16	6.89	7.04	6.84	6.99	15470902	107582752
2018/4/13	6.88	6.92	6.83	6.85	9534000	65580368
2018/4/12	6.88	6.93	6.81	6.85	13724401	94190536
2018/4/11	7.07	7.08	6.92	6.96	14991601	105098128
2018/4/10	7	7.08	6.93	7.05	15232175	106731232
2018/4/9	6.98	7.05	6.87	6.98	14694195	102178792
2018/4/4	6.94	7.08	6.9	7.03	18353081	128357872
2018/4/3	7	7	6.83	6.93	24822166	171806288
2018/4/2	7.18	7.43	7.11	7.12	26815631	194683312
2018/3/30	7.15	7.19	7	7.13	18700955	132633808
2018/3/29	6.73	7.14	6.73	7.06	28907000	201986976
2018/3/28	6.72	6.8	6.61	6.73	18850502	126652640
2018/3/27	6.66	6.86	6.66	6.83	27282365	185055344
2018/3/26	6.29	6.6	6.1	6.6	30746334	196104400
2018/3/23	6.65	6.78	6.31	6.33	40923502	267642416
2018/3/22	6.9	6.97	6.72	6.92	26267652	180251984
2018/3/21	7.1	7.12	6.83	6.84	25073913	175090640
2018/3/20	7.19	7.24	6.95	7.02	34965802	246989392
2018/3/19	7.48	7.55	7.17	7.2	40272301	296188384
2018/3/16	7.35	7.55	7.28	7.5	43155951	319441120
2018/3/15	7.3	7.52	7.25	7.38	31798822	234862432
2018/3/14	7.31	7.47	7.19	7.31	29945258	219211600
2018/3/13	7.05	7.67	7.03	7.34	45302027	334350368
2018/3/12	6.88	7.15	6.84	7.04	33119399	233164800
2018/3/9	6.79	6.94	6.71	6.86	24083262	164178016
2018/3/8	6.85	6.89	6.67	6.81	26077830	176165936
2018/3/7	6.85	6.94	6.76	6.85	28403712	194569552
2018/3/6	6.67	6.95	6.66	6.85	44340900	301919072
2018/3/5	6.57	6.91	6.48	6.62	50547305	336958816
2018/3/2	6.4	6.57	6.29	6.32	26970301	173700272
2018/3/1	6.34	6.64	6.33	6.52	34398317	224269280
2018/2/28	6.22	6.76	6.1	6.44	40181607	256359968
2018/2/27	6.27	6.38	6.18	6.24	23644012	148179152
2018/2/26	6.18	6.35	6.11	6.32	32258618	201720736
2018/2/23	6.12	6.14	6	6.14	21987956	133552424
2018/2/22	6.18	6.27	6.1	6.12	26208014	161421840
2018/2/14	6	6.17	5.95	6.13	21005314	127213864
2018/2/13	6.25	6.34	5.98	5.99	40021823	243199232
2018/2/12	5.62	6.16	5.62	6.16	57055939	346838016
2018/2/9	5.74	5.84	5.51	5.6	22456203	127431656
2018/2/8	5.67	5.88	5.63	5.88	21896132	127071600
2018/2/7	5.72	5.75	5.5	5.64	17221751	97299592
2018/2/6	5.54	5.8	5.51	5.55	20050551	113203976
2018/2/5	5.35	5.99	5.31	5.75	20594282	116337200
2018/2/2	5.4	5.52	5.08	5.46	16881769	90328336
2018/2/1	5.7	5.81	5.33	5.42	26840022	149409088
2018/1/31	5.93	5.93	5.7	5.76	20022610	116172512
2018/1/30	5.97	6.02	5.92	5.94	19663737	117248600
2018/1/29	6.21	6.28	5.99	6.02	29002082	176544720
2018/1/26	6.17	6.29	6.11	6.16	21198190	131178384
2018/1/25	6.17	6.45	6.16	6.17	42003509	263747216
2018/1/24	6.29	6.38	6.1	6.19	56818860	354327584
2018/1/23	5.8	6.35	5.77	6.35	69734751	429030208
2018/1/22	5.67	5.87	5.67	5.77	18358048	106278960
2018/1/19	5.82	5.9	5.71	5.73	18379891	106255616
2018/1/18	5.84	5.98	5.8	5.83	24059929	141192688
2018/1/17	5.64	5.89	5.51	5.87	36742216	208642528
2018/1/16	5.61	5.68	5.57	5.64	19017136	106989872
2018/1/15	5.95	5.95	5.55	5.63	41466000	237064880
2018/1/12	6.06	6.08	5.98	6	25472059	153310720
2018/1/11	6.05	6.13	6.01	6.08	26697134	162223232
2018/1/10	6.12	6.17	5.99	6.04	33139793	200687744
2018/1/9	6.3	6.33	6.13	6.14	41638487	258607536
2018/1/8	6.3	6.4	6.25	6.29	40697588	256950160
2018/1/5	6.24	6.49	6.2	6.32	71083327	450246176
2018/1/4	6.2	6.29	6.15	6.17	35604501	220916976
2018/1/3	6.16	6.27	6.12	6.25	49120429	303893792
2018/1/2	6.03	6.2	5.98	6.13	40734991	248363360
2017/12/29	5.97	6.07	5.93	6.03	36023985	216665824
2017/12/28	6.12	6.15	5.98	6.01	62251538	376835840
2017/12/27	6.2	6.34	6.16	6.2	65573612	410379424
2017/12/26	6.28	6.34	6.11	6.16	64387510	399063680
2017/12/25	6.57	6.77	6.26	6.31	82832025	536920576
2017/12/22	6.4	6.94	6.35	6.64	111392362	747492864
2017/12/21	6.55	6.69	6.2	6.52	77270874	497513792
2017/12/20	6.57	6.74	6.38	6.64	110183939	725095232
2017/12/19	6.57	6.87	6.57	6.57	155022630	1026774528
2017/12/18	8	8.56	7.3	7.3	215640541	1722210944
2016/4/25	10	10.27	9.82	10.27	26805265	272182848
2016/4/22	9.78	9.87	9.32	9.78	14643612	140529424
2016/4/21	9.7	9.89	9.58	9.71	12474351	121275704
2016/4/20	9.66	9.85	9.12	9.58	13833131	131344536
2016/4/19	9.82	9.94	9.33	9.6	14192418	135229456
2016/4/18	9.58	10	9.58	9.82	9369531	92137128
2016/4/15	9.66	9.88	9.47	9.58	11581326	111613280
2016/4/14	9.1	9.53	9.05	9.53	17091650	160599424
2016/4/13	9	9.26	8.91	9.08	11172893	101612688
2016/4/12	8.95	9.33	8.87	9.09	14924782	135611136
2016/4/11	8.75	8.95	8.75	8.95	16479502	147107312
2016/4/8	8.46	8.72	8.46	8.52	6763479	57927632
2016/4/7	8.4	8.69	8.26	8.56	12882213	109937832
2016/4/6	8.34	8.39	8.23	8.29	5265283	43674084
2016/4/5	8.3	8.45	8.29	8.31	7187156	60029520
2016/4/1	8.08	8.35	8.08	8.27	5862740	48227800
2016/3/31	8.26	8.29	8.14	8.16	5534685	45377860
2016/3/30	8.21	8.3	8.11	8.25	7500572	61476716
2016/3/29	8.26	8.46	8	8.13	9810575	80958224
2016/3/28	8.26	8.26	8.16	8.26	10297942	84998368
2016/3/24	8	8	7.83	7.87	6367583	50217144
2016/3/23	7.82	8.14	7.65	8.05	9204257	73464800
2016/3/22	8.02	8.15	7.9	7.94	16644998	133011976
2016/3/21	8.64	8.65	8.2	8.32	21893661	182828064
2016/3/18	8.57	8.66	8.51	8.62	7513265	64651136
2016/3/17	8.41	8.68	8.4	8.59	5992694	51309440
2016/3/16	8.75	8.84	8.4	8.48	5952274	51207784
2016/3/15	8.29	8.6	8.18	8.48	6694253	56191484
2016/3/14	8.4	8.4	8.22	8.28	6222151	51630756
2016/3/11	8	8.47	7.87	8.22	7187721	59036696
2016/3/10	8.52	8.69	8.12	8.12	10071639	82890976
2016/3/9	8.52	8.96	8.5	8.55	8085656	70203816
2016/3/8	8.7	8.97	8.27	8.73	15276467	132816272
2016/3/7	8.17	8.54	8.17	8.54	5709071	48547508
2016/3/4	8.1	8.37	7.76	8.13	11427541	91961160
2016/3/3	8.1	8.1	7.77	8.1	16448265	131862480
2016/3/2	7.71	7.71	7.71	7.71	1608320	12400147
2016/3/1	7	7.34	6.92	7.34	4195393	30111238
2016/2/29	7.13	7.3	6.84	6.99	7591349	52989828
2016/2/26	7.46	7.6	7.09	7.2	7124395	51767668
2016/2/25	7.93	8.05	7.46	7.46	8716141	66808616
2016/2/24	7.89	8.05	7.63	7.85	6429130	50573420
2016/2/23	7.88	8.08	7.79	7.95	9192247	72954104
2016/2/22	7.67	8.03	7.52	8.01	12998510	102440344
2016/2/19	7.88	7.88	7.44	7.65	25090161	189894768
2016/2/18	7.83	7.83	7.83	7.83	558102	4369938.5
2016/2/17	7.46	7.46	7.46	7.46	795985	5938048
2016/2/16	7.1	7.1	7	7.1	3481969	24680180
2016/2/3	6.76	6.76	6.76	6.76	568277	3841552.5
2016/2/2	6.35	6.44	6.24	6.44	1462891	9357331
2016/2/1	5.84	6.13	5.82	6.13	6174960	37515308
2016/1/29	5.71	5.92	5.6	5.84	7390695	42718760
2016/1/28	5.87	5.98	5.87	5.87	7496002	44077008
2016/1/27	6.25	6.36	6.18	6.18	7404000	45889644
2016/1/26	6.86	6.86	6.5	6.5	7680800	50583528
2016/1/25	6.97	6.98	6.78	6.84	4739622	32595150
2016/1/22	6.99	7.09	6.62	6.87	6393834	43493492
2016/1/21	7	7.23	6.81	6.97	7691192	54471328
2016/1/20	7.1	7.28	7.02	7.11	9489945	67849456
2016/1/19	6.73	7.1	6.72	7.1	10227181	72046248
2016/1/18	6.51	6.9	6.45	6.76	6577856	44114976
2016/1/15	6.67	7.11	6.67	6.73	8208129	56435668
2016/1/14	6.52	6.88	6.52	6.83	11368670	75483056
2016/1/13	6.79	7.09	6.79	6.86	15295294	107340624
2016/1/12	6.8	6.93	6.75	6.75	9885282	66893276
2016/1/11	7.11	7.2	7.1	7.1	8686446	61851832
2016/1/8	7.2	7.5	7.2	7.47	25559112	185987168
2016/1/7	7.58	7.58	7.58	7.58	2542100	19269118
2016/1/6	7.98	7.98	7.98	7.98	2746300	21915474
2016/1/5	8.4	8.4	8.4	8.4	1003300	8427720
2016/1/4	8.84	8.84	8.84	8.84	2985600	26392704
2015/12/31	9.88	9.88	9.3	9.3	15209563	143367264
2015/12/30	10	10.18	9.76	9.79	9027997	89175856
2015/12/29	10.3	10.4	9.8	10.04	10917055	109038552
2015/12/28	10.63	10.8	10.24	10.24	11216959	117370224
2015/12/25	10.46	10.88	10.27	10.78	10986596	117226760
2015/12/24	10.2	10.48	9.76	10.36	7405640	76517344
2015/12/23	10.49	10.5	10.04	10.23	7632265	78835432
2015/12/22	10.35	10.65	10.35	10.51	6658762	69852472
2015/12/21	10.4	10.53	10.15	10.41	8570738	88793456
2015/12/18	10.5	10.92	10.31	10.4	11852883	125890240
2015/12/17	10.4	10.82	10.1	10.6	16888456	175059824
2015/12/16	9.9	10.37	9.83	10.37	14454182	148288048
2015/12/15	9.75	10.11	9.65	9.88	6856692	68034328
2015/12/14	9.9	9.9	9.48	9.69	10908568	105564408
2015/12/11	9.85	10.12	9.72	9.98	20122545	202382192
2015/12/10	9.2	9.64	9.1	9.64	9376068	87295160
2015/12/9	8.96	9.45	8.96	9.18	8094581	74621944
2015/12/8	9.48	9.58	9.02	9.09	17841310	165298256
2015/12/7	9.2	9.48	9.11	9.48	22553798	212616352
2015/12/4	8.6	9.03	8.46	9.03	8282870	73031856
2015/12/3	8.29	8.71	8.28	8.6	6301267	53551712
2015/12/2	8.43	8.48	8.09	8.31	4621450	38457204
2015/12/1	8.26	8.46	8.23	8.35	5384340	44933192
2015/11/30	8.42	8.5	7.99	8.23	7372819	60490816
2015/11/27	8.73	8.96	8.31	8.38	8700848	75782608
2015/11/26	8.98	8.98	8.69	8.72	10128029	89151824
2015/11/25	8.55	8.98	8.51	8.97	12731194	113868184
2015/11/24	8.35	8.64	8.32	8.55	6543328	55489116
2015/11/23	8.24	8.58	8.23	8.31	7662932	64459884
2015/11/20	8.51	8.6	8.43	8.56	5493530	46765124
2015/11/19	8.25	8.43	8.17	8.42	7940605	66265780
2015/11/18	8.54	8.64	8.14	8.15	14067724	116686016
2015/11/17	9.1	9.15	8.55	8.57	14383040	127454808
2015/11/16	8.76	9.13	8.55	9	7903362	70460120
2015/11/13	8.91	9.15	8.78	8.89	7313334	65297468
2015/11/12	8.98	9.39	8.97	9.05	10067986	91964120
2015/11/11	8.76	9.1	8.67	9.02	9784600	87756880
2015/11/10	8.6	8.92	8.53	8.77	8183095	71602720
2015/11/9	8.66	8.85	8.46	8.63	15059802	129775224
2015/11/6	8.5	8.91	8.43	8.91	14765789	130244200
2015/11/5	8.49	8.75	8.42	8.49	10582845	90411208
2015/11/4	8.3	8.66	8.25	8.49	9267553	78060392
2015/11/3	8.33	8.6	8.16	8.25	8210927	68519896
2015/11/2	8.45	8.89	8.26	8.32	18514089	158224544
2015/10/30	8.55	8.73	7.99	8.69	32085672	273729472
2015/10/29	8.31	8.31	8.31	8.31	355701	2955875.25
2015/10/28	7.91	7.91	7.91	7.91	103505	818724.56
2015/10/27	7.53	7.53	7.53	7.53	380094	2862107.75
2015/10/12	7	7.2	6.99	7.17	3160630	22528738
2015/10/9	7.05	7.05	6.87	6.97	4065280	28343440
2015/10/8	7.09	7.28	7	7.01	5804755	41151900
2015/9/30	7	7.12	6.81	7	4690881	32741348
2015/9/29	6.77	7.2	6.67	7	8914128	62207040
2015/9/28	6.42	6.97	6.31	6.87	8559700	56789264
2015/9/25	6.68	6.74	6.39	6.64	9168234	60314408
2015/9/24	6.26	6.56	6.25	6.56	7380908	47850644
2015/9/23	6.3	6.35	6.21	6.25	4791573	30046622
2015/9/22	6.5	6.52	6.34	6.4	6451801	41529516
2015/9/21	6.21	6.5	6.13	6.46	4790062	30605204
2015/9/18	6.25	6.41	6.09	6.28	4913248	30572274
2015/9/17	6.53	6.58	6.25	6.25	7405899	47620224
2015/9/16	6.05	6.55	5.94	6.55	8716730	54132092
2015/9/15	6.25	6.4	6.24	6.24	3899853	24414634
2015/9/14	7.05	7.17	6.57	6.57	7226253	49146620
2015/9/11	7.09	7.09	6.72	6.92	11564342	79866048
2015/9/10	6.78	7	6.64	7	14719818	101337472
2015/9/9	6.45	6.67	6.36	6.67	10593509	70079728
2015/9/8	6.1	6.43	5.85	6.35	8435341	51170192
2015/9/7	6.23	6.43	6.07	6.16	6821600	42950080
2015/9/2	6.2	6.48	6.2	6.2	13834748	86297720
2015/9/1	6.77	7.06	6.53	6.53	14194804	95715776
2015/8/31	6.88	7.12	6.78	6.87	12766148	88794208
2015/8/28	6.67	6.88	6.67	6.88	15906504	108777360
2015/8/27	6.68	6.87	6.43	6.55	22787552	148518192
2015/8/26	6.77	6.97	6.77	6.77	11595200	78782984
2015/8/25	7.13	7.13	7.13	7.13	642900	4583877
2015/8/24	7.5	7.56	7.5	7.5	2323918	17430518
2015/8/21	7.9	8.12	7.89	7.89	9593252	76180048
2015/8/20	8.55	8.73	8.31	8.31	9028692	76713480
2015/8/19	8.29	8.86	8.29	8.75	17507517	147206992
2015/8/18	9.28	9.6	8.73	8.73	24188745	220189712
2015/8/17	8.58	9.19	8.55	9.19	15939140	142327152
2015/8/14	8.77	9.09	8.61	8.75	15091059	133141888
2015/8/13	8.49	8.87	8.35	8.7	17994518	155185056
2015/8/12	8.02	8.47	7.91	8.47	15632440	130334880
2015/8/11	8.14	8.27	7.95	8.07	12458367	100849512
2015/8/10	7.8	8.11	7.75	8.11	11614125	92791512
2015/8/7	7.4	7.72	7.34	7.72	12038917	91810536
2015/8/6	7.15	7.35	7.01	7.35	7074140	51286596
2015/8/5	7.59	7.68	7.26	7.35	11046953	82644648
2015/8/4	6.95	7.41	6.95	7.41	11276290	82522016
2015/8/3	7.33	7.33	7.06	7.06	9080289	64395932
2015/7/31	7.5	7.65	7.43	7.43	12231712	91667152
2015/7/30	8.08	8.27	7.81	7.82	11053833	89437368
2015/7/29	8.34	8.38	7.78	8.22	15568648	123874200
2015/7/28	8.19	8.38	8.19	8.19	11497872	94338896
2015/7/27	8.75	9.14	8.62	8.62	19886025	173964064
2015/7/24	9.55	9.9	9.07	9.07	23778390	224931056
2015/7/23	9.5	9.73	9.28	9.55	21016961	199887856
2015/7/22	8.81	9.31	8.7	9.31	22511261	206994144
2015/7/21	8.5	8.92	8.34	8.87	16421779	143023616
2015/7/20	8.46	8.87	8.36	8.64	21001307	181632224
2015/7/17	8.04	8.69	8.04	8.45	24651791	206700528
2015/7/16	8.35	8.64	8.35	8.35	16947800	142172400
2015/7/15	8.8	8.99	8.79	8.79	5962600	52529396
2015/7/14	9.49	9.76	9.25	9.25	31351632	295128128
2015/7/13	9.69	10.19	9.37	9.74	48771398	472671936
2015/7/10	9.12	10.05	9.12	9.86	52899507	516311424
2015/7/9	8.74	9.66	8.74	9.6	48982351	445018112
2015/7/8	9.2	9.2	9.2	9.2	37400	344080
2015/7/7	9.68	9.68	9.68	9.68	137000	1326160
2015/7/6	11.19	11.19	10.19	10.19	8065228	83608128
2015/7/3	10.73	10.73	10.73	10.73	1358800	14579924
2015/7/2	11.81	12	11.29	11.29	9396192	106651320
2015/7/1	12.47	13.06	11.88	11.88	14681709	182649408
2015/6/30	12.21	12.9	12.19	12.51	18105013	225194192
2015/6/29	13.82	14.1	12.83	12.83	19057466	250959232
2015/6/26	13.81	14.5	13.39	13.51	35224820	488177344
2015/6/25	13.5	14.09	13.11	14.09	15008236	205706896
2015/6/24	13.2	13.45	12.9	13.42	17751966	235843984
2015/6/23	13.46	13.8	12.75	12.89	17819267	230361472
2015/6/19	13.43	13.82	13.42	13.42	20313799	273889696
2015/6/18	14.07	15.55	14.07	14.13	51761099	765424448
2015/6/17	14.81	14.81	14.81	14.81	2209400	32721214
2015/6/16	15.59	15.59	15.59	15.59	1269100	19785268
2015/6/15	18	18.01	16.41	16.41	9266400	157561376
2015/6/12	17.27	17.27	17.27	17.27	2329977	40238704
2015/6/11	16.45	16.45	16.45	16.45	2131534	35063736
2015/6/10	15.66	15.67	15.38	15.67	6514496	101852960
2015/6/9	14.84	14.92	14.47	14.92	16067227	239050800
2015/6/8	13.99	14.21	13.7	14.21	20488787	290177440
2015/6/5	13.17	13.53	13.11	13.53	28088085	377758880
2015/6/4	13.25	13.25	12.61	12.89	18174891	233724448
2015/6/3	13.35	13.68	13.01	13.27	19172623	255824800
2015/6/2	13.25	13.49	12.82	13.4	21552982	281599264
2015/6/1	12.97	13.73	12.75	13.21	18839060	250938752
2015/5/29	13.79	14.15	13.27	13.27	28505516	384714048
2015/5/28	14.51	14.58	13.89	13.97	30758882	444585216
2015/5/27	13.69	13.89	13	13.89	29998113	411341952
2015/5/26	13.01	13.23	13.01	13.23	21373292	282339904
2015/5/25	12.3	12.6	12.1	12.6	18698265	233474528
2015/5/22	11.51	12	11.43	12	19130671	228190288
2015/5/21	11.53	11.56	11.3	11.43	9614592	109665592
2015/5/20	11.45	11.57	11.21	11.46	9945048	113850616
2015/5/19	11.03	11.42	11.02	11.34	7677854	86629184
2015/5/18	10.98	11.17	10.81	11.02	7877814	86981400
2015/5/15	11.51	11.66	11.12	11.2	9023285	102128688
2015/5/14	11.66	11.87	11.41	11.52	9165397	106788096
2015/5/13	11.3	11.68	11.03	11.66	13811383	156950144
2015/5/12	10.96	11.36	10.6	11.3	11478959	127334128
2015/5/11	10.99	10.99	10.8	10.95	11797287	128713904
2015/5/8	10.75	10.98	10.5	10.8	8175006	88035888
2015/5/7	11.1	11.14	10.6	10.64	9904374	106685640
2015/5/6	11.74	12	11.14	11.16	10590801	121795160
2015/5/5	12.34	12.34	11.73	11.73	15233499	180480208
2015/5/4	12.75	12.78	11.93	12.35	14538885	180825760
2015/4/29	11.82	12.58	11.7	12.56	20309783	252405872
2015/4/28	12.2	12.2	11.51	11.98	26584706	312127168
2015/4/27	11.77	12.13	11.77	12.12	30317773	365661664
2015/4/24	10.84	11.55	10.8	11.55	25966841	293349952
2015/4/23	10.81	11.23	10.81	11	18461364	204095776
2015/4/22	11	11	10.71	10.81	11769802	127330432
2015/4/21	10.35	10.68	10.35	10.62	9666369	102054976
2015/4/20	10.42	10.67	10.29	10.31	13402700	140219264
2015/4/17	10.69	10.98	10.42	10.57	10694382	113720968
2015/4/16	10.32	11	10.21	10.66	15759919	168628752
2015/4/15	10.3	10.82	10.2	10.58	19617904	202989648
2015/4/14	11	11.17	10.68	10.74	13616184	147940864
2015/4/13	11	11.3	10.8	11	17304466	191449248
2015/4/10	10.42	10.94	10.39	10.81	16523449	176576480
2015/4/9	10.13	10.59	9.91	10.59	25166919	260682944
2015/4/8	10.4	10.48	9.94	10.09	27322553	278001760
2015/4/7	9.66	10.46	9.66	10.46	37069729	377486016
2015/4/3	9.96	9.96	9.96	9.96	4966500	49466340
2015/4/2	10.48	10.48	10.48	10.48	4050700	42451336
2015/3/31	11.09	11.1	10.75	11.03	12209715	133363144
2015/3/30	11.27	11.51	10.77	11.1	33798390	374913344
2015/3/27	10.24	11.25	10.22	11.25	48665842	534937920
2015/3/26	10.4	10.44	10.05	10.23	17192870	176295632
2015/3/25	10.61	10.65	10.14	10.37	25826508	265770272
2015/3/24	10.84	10.87	10.47	10.7	15471396	165050976
2015/3/23	11	11.3	10.88	10.95	19646896	216160800
2015/3/20	10.6	11.2	10.51	10.97	21805223	238390432
2015/3/19	10.73	10.85	10.4	10.64	20699890	219565056
2015/3/18	11.03	11.55	10.6	10.79	32836151	357832544
2015/3/17	11.2	11.3	10.94	11.06	14258765	158145904
2015/3/16	10.94	11.25	10.82	11.19	14709615	162357520
2015/3/13	10.95	11.2	10.53	11	16477161	178581120
2015/3/12	11.02	11.49	10.7	10.94	23042173	254276016
2015/3/11	10.3	11.22	9.88	11.02	31923516	337709696
2015/3/10	9.28	10.23	9.28	10.23	23193540	232799632
2015/3/9	9.12	9.48	8.82	9.3	16862984	155031296
2015/3/6	9.2	9.28	8.74	9.04	17981661	162107776
2015/3/5	8.98	9.62	8.83	9.3	26325762	243369872
2015/3/4	8.12	8.88	8.09	8.88	35303222	303192352
2015/3/3	8	8.15	7.97	8.07	9761458	78774048
2015/3/2	8.24	8.24	7.96	8.07	12273421	99113688
2015/2/27	8.39	8.39	8.09	8.15	8913772	73165752
2015/2/26	8.1	8.39	8.07	8.28	6364985	52064912
2015/2/25	8.12	8.2	8.05	8.1	4726970	38361440
2015/2/17	8.11	8.15	7.91	8.1	8389814	67554536
2015/2/16	8.03	8.42	8.03	8.1	14354189	118380432
2015/2/13	7.61	8.1	7.54	8.03	13096609	102605464
2015/2/12	7.79	7.79	7.51	7.55	6336327	48110764
2015/2/11	7.36	7.75	7.34	7.65	5981117	45233156
2015/2/10	7.18	7.33	7.18	7.28	3975893	28990494
2015/2/9	7.02	7.44	7.02	7.27	3271701	24073374
2015/2/6	7.6	7.6	7.28	7.34	5899445	43692032
2015/2/5	7.96	7.96	7.52	7.55	7306780	55780816
2015/2/4	7.69	7.88	7.69	7.78	4501943	34963996
2015/2/3	7.91	8.03	7.64	7.72	6968897	53849396
2015/2/2	7.61	8.05	7.61	7.9	3879980	30528490
2015/1/30	8.04	8.2	7.69	7.83	5314833	42267260
2015/1/29	8.16	8.32	8.01	8.07	5354895	43424536
2015/1/28	8.19	8.73	8.16	8.24	9694394	81171440
2015/1/27	7.99	8.31	7.82	8.19	13169858	107706632
2015/1/26	7.6	8.07	7.54	8	11244657	88782096
2015/1/23	7.78	8.09	7.58	7.73	11853438	92033560
2015/1/22	7.3	7.48	7.25	7.4	5887795	43273828
2015/1/21	7.09	7.34	7.01	7.3	6240783	44822204
2015/1/20	7	7.09	6.97	7.05	2584104	18161714
2015/1/19	7	7.16	6.8	6.93	4097759	28730918
2015/1/16	7.1	7.21	7.03	7.11	3571609	25367602
2015/1/15	7.13	7.18	6.96	7.1	2411703	17038528
2015/1/14	6.82	7.26	6.82	7.13	3776440	26598566
2015/1/13	6.83	6.96	6.78	6.87	1834089	12592274
2015/1/12	6.98	6.98	6.8	6.86	1705488	11709589
2015/1/9	7.01	7.11	6.98	6.99	1764240	12412113
2015/1/8	7.15	7.15	6.98	7.04	3133510	22065526
2015/1/7	7.14	7.27	7.09	7.15	2327369	16618882
2015/1/6	6.97	7.28	6.91	7.2	4434597	31614974
2015/1/5	6.9	7	6.87	6.96	3315014	23019986
2014/12/31	6.92	7	6.82	6.94	2137298	14752073
2014/12/30	6.66	7	6.64	6.98	4769084	32661712
2014/12/29	7.06	7.06	6.65	6.79	3755561	25626348
2014/12/26	7.07	7.14	6.98	7.05	2665713	18782288
2014/12/25	6.87	7.11	6.79	7.07	2677478	18716934
2014/12/24	6.74	6.91	6.63	6.87	2969807	20160272
2014/12/23	6.75	6.95	6.7	6.74	2684633	18428096
2014/12/22	7.2	7.2	6.57	6.82	6496996	44969868
2014/12/19	7.46	7.46	7.1	7.3	5609877	40607492
2014/12/18	7.58	7.7	7.45	7.47	4045617	30479210
2014/12/17	7.85	7.85	7.55	7.61	5239576	40034140
2014/12/16	7.8	7.92	7.72	7.85	4883278	38155284
2014/12/15	7.9	7.95	7.57	7.83	6445585	50278496
2014/12/12	7.63	8.25	7.52	7.9	9790937	78020928
2014/12/11	7.5	7.71	7.45	7.63	5278832	40018852
2014/12/10	7.46	7.8	7.12	7.63	8687286	64766608
2014/12/9	8.28	8.3	7.54	7.54	15379729	121093176
2014/12/8	8	8.62	7.89	8.38	28753910	238832048
2014/12/5	7.26	7.93	7.25	7.93	29205655	228470864
2014/12/4	7.15	7.29	7.08	7.21	6685421	47975936
2014/12/3	7.21	7.24	7.04	7.11	6894494	48921332
2014/12/2	7.12	7.26	7.09	7.21	3816315	27555372
2014/12/1	7.28	7.32	7.09	7.1	6566109	47045796
2014/11/28	7.51	7.51	7.34	7.35	5089221	37748820
2014/11/27	7.38	7.58	7.36	7.46	6760002	50554364
2014/11/26	7.46	7.48	7.33	7.39	4471615	33062774
2014/11/25	7.49	7.57	7.3	7.46	4492895	33266844
2014/11/24	7.6	7.66	7.48	7.49	4572013	34430788
2014/11/21	7.65	7.69	7.43	7.51	3083278	23161924
2014/11/20	7.54	7.64	7.42	7.58	2390793	17925562
2014/11/19	7.68	7.72	7.5	7.6	2886456	21950352
2014/11/18	7.31	7.66	7.31	7.6	3424400	25962682
2014/11/17	7.21	7.4	7.2	7.4	3111181	22726578
2014/11/14	7.57	7.6	7.19	7.28	5323300	39028636
2014/11/13	7.57	7.67	7.54	7.61	3332421	25253034
2014/11/12	7.48	7.69	7.42	7.65	2926549	22229984
2014/11/11	7.79	7.79	7.46	7.52	7383842	56159728
2014/11/10	7.7	7.8	7.58	7.79	6407029	49207908
2014/11/7	8.2	8.28	7.78	7.8	11333271	90157104
2014/11/6	8.7	8.7	8.15	8.23	7490329	62641128
2014/11/5	8.31	8.43	8.2	8.36	4305175	35982544
2014/11/4	8.48	8.51	8.18	8.35	6646996	55236784
2014/11/3	8.15	8.65	8.13	8.44	11213063	94975768
2014/10/31	8.11	8.43	8.08	8.18	9467199	78136136
2014/10/30	8.26	8.26	7.98	8.18	11179155	90509360
2014/10/29	7.76	8.35	7.6	8.33	14064225	111826600
2014/10/28	7.63	7.87	7.58	7.76	8954648	69691472
2014/10/27	7.8	7.81	7.56	7.62	4626221	35412308
2014/10/24	7.8	7.8	7.52	7.59	6314902	47998048
2014/10/23	7.6	8.15	7.53	7.8	13000622	101856504
2014/10/22	7.26	7.94	7.22	7.75	17752361	136406080
2014/10/21	7.32	7.35	7.1	7.24	6993710	50303600
2014/10/20	7.29	7.42	7.1	7.32	5782342	42129068
2014/10/17	7.21	7.39	7.08	7.28	5769434	41738620
2014/10/16	7.53	7.65	7.18	7.22	11717955	86562824
2014/10/15	7.8	7.8	7.46	7.66	10915193	83341568
2014/10/14	7.16	7.9	7.08	7.82	18890292	145027440
2014/10/13	7.59	7.59	7.01	7.22	16729572	121277976
2014/10/10	7.18	7.67	7	7.59	26743928	200528976
2014/10/9	6.56	7.2	6.56	6.97	20960749	144992864
2014/10/8	6.37	6.59	6.32	6.55	10588759	68829152
2014/9/30	6.4	6.44	6.27	6.33	6736713	42616576
2014/9/29	6.22	6.37	6.16	6.36	10517235	66078356
2014/9/26	6.09	6.35	6.01	6.22	7312409	45341460
2014/9/25	6.16	6.42	6.1	6.2	12726258	79508208
2014/9/24	6.2	6.23	6.11	6.18	7561451	46610820
2014/9/23	6.2	6.33	6.15	6.24	8366556	52081996
2014/9/22	6.08	6.3	6	6.23	12668801	78323864
2014/9/19	6.08	6.2	5.98	6.09	9784176	59548176
2014/9/18	5.99	6.37	5.9	6.15	18158867	111252120
2014/9/17	6	6.1	5.84	6.03	18520329	110146392
2014/9/16	6.48	6.54	6.15	6.15	16461060	103489672
2014/9/15	6.68	6.78	6.3	6.44	27310607	176976848
2014/9/12	6	6.44	5.96	6.44	26162724	165601536
2014/9/11	5.85	5.85	5.78	5.85	7452150	43572464
2014/7/25	5.37	5.37	5.24	5.32	2440371	12973293
2014/7/24	5.45	5.51	5.22	5.29	4781127	25468934
2014/7/23	5.56	5.59	5.45	5.45	3338971	18355866
2014/7/22	5.52	5.6	5.45	5.56	5121794	28300460
2014/7/21	5.62	5.63	5.43	5.52	4374084	24228984
2014/7/18	5.53	5.63	5.48	5.58	4228074	23517838
2014/7/17	5.51	5.6	5.46	5.53	5014214	27713286
2014/7/16	5.37	5.51	5.35	5.51	5479118	29873652
2014/7/15	5.48	5.56	5.31	5.37	5444911	29499198
2014/7/14	5.5	5.64	5.41	5.51	5078210	27910206
2014/7/11	5.49	5.74	5.32	5.53	6815465	37811676
2014/7/10	5.58	5.7	5.45	5.51	5947405	33073104
2014/7/9	5.55	5.64	5.39	5.42	7519171	41292680
2014/7/8	5.39	5.68	5.32	5.57	8516894	47323032
2014/7/7	5.31	5.49	5.25	5.41	10203229	54964456
2014/7/4	5.17	5.45	5.15	5.27	12242970	65282896
2014/7/3	5.23	5.24	5.12	5.13	5882186	30325464
2014/7/2	5.21	5.37	5.1	5.2	12251817	63853496
2014/7/1	4.75	5.21	4.71	5.21	18018517	92507720
2014/6/30	4.63	4.74	4.57	4.74	4298177	20001030
2014/6/27	4.66	4.68	4.55	4.63	4674707	21648184
2014/6/26	4.58	4.69	4.57	4.62	2923258	13538915
2014/6/25	4.67	4.67	4.61	4.61	2102961	9751145
2014/6/24	4.67	4.71	4.64	4.69	2249441	10532451
2014/6/23	4.66	4.77	4.64	4.7	2299060	10868653
2014/6/20	4.55	4.73	4.55	4.66	3285966	15303080
2014/6/19	4.8	4.8	4.5	4.55	7386054	34374756
2014/6/18	5.04	5.04	4.82	4.85	4746090	23425324
2014/6/17	5.16	5.17	4.94	5	7461232	37686952
2014/6/16	5.08	5.2	5.04	5.11	6838040	35094600
2014/6/13	4.96	5.08	4.91	5.07	5897183	29426720
2014/6/12	5	5.05	4.95	4.96	4309194	21539004
2014/6/11	4.93	5.01	4.92	5	3940118	19655310
2014/6/10	4.91	4.97	4.86	4.96	4429322	21799602
2014/6/9	4.89	5.01	4.81	4.91	7105663	35145492
2014/6/6	5.03	5.03	4.85	4.87	8421671	41359496
2014/6/5	5.01	5.1	4.93	5.05	5975756	30015576
2014/6/4	5.12	5.17	4.96	5.02	7020464	35320732
2014/6/3	5.21	5.31	5.12	5.15	6301790	32908872
2014/5/30	5.07	5.22	5.07	5.19	7978189	41035748
2014/5/29	5.46	5.46	5.15	5.16	16808034	88718656
2014/5/28	5.68	5.69	5.49	5.51	11244521	62712900
2014/5/27	5.66	5.72	5.55	5.69	7690632	43293436
2014/5/26	5.69	5.77	5.51	5.67	10797645	60916176
2014/5/23	5.77	5.93	5.68	5.73	10662123	61471728
2014/5/22	5.63	5.88	5.56	5.83	16862756	97297656
2014/5/21	5.7	5.98	5.65	5.66	17763736	102757808
2014/5/20	5.59	5.84	5.44	5.8	20277455	115316136
2014/5/19	5.4	5.74	5.09	5.63	14646966	79615520
2014/5/16	5.48	5.8	5.43	5.58	18871714	106234376
2014/5/15	5.59	5.63	5.29	5.43	13473903	72920176
2014/5/14	5.69	5.84	5.41	5.59	21398646	120747432
2014/5/13	5.29	5.75	5.19	5.75	27418636	151767376
2014/5/12	5.13	5.35	5.13	5.23	15514106	81316672
2014/5/9	5.45	5.47	5.01	5.13	19572153	102109064
2014/5/8	5.68	5.69	5.38	5.44	17643183	96729072
2014/5/7	5.8	5.8	5.4	5.59	24133986	134353296
2014/5/6	5.98	6	5.63	5.87	20254098	117674248
2014/5/5	5.23	5.86	5.14	5.62	25674795	141454112
2014/4/30	4.85	5.34	4.82	5.34	24626931	129801464
2014/4/29	4.55	4.9	4.55	4.85	12488113	59338436
2014/4/28	5.26	5.34	4.76	4.77	23815169	115867136
2014/4/25	5.22	5.53	5.18	5.29	17337607	92787976
2014/4/24	5.41	5.56	5.16	5.17	20858957	111577704
2014/4/23	5.46	5.6	5.23	5.59	26869174	144932064
2014/4/22	4.85	5.35	4.75	5.35	34732090	181429072
2014/4/21	4.63	4.98	4.62	4.86	14936665	72417584
2014/4/18	4.58	4.76	4.56	4.7	7155986	33312540
2014/4/17	4.61	4.66	4.49	4.63	7439284	34047212
2014/4/16	4.56	4.84	4.56	4.62	8956549	41976308
2014/4/15	4.56	4.6	4.45	4.6	10416680	47024128
2014/4/14	4.54	4.62	4.48	4.62	8174012	37193648
2014/4/11	4.49	4.68	4.39	4.59	12506168	56944224
2014/4/10	4.54	4.65	4.39	4.49	15424369	69382760
2014/4/9	4.66	4.79	4.46	4.55	15037036	69160944
2014/4/8	4.65	4.85	4.52	4.74	11025616	51439724
2014/4/4	4.58	4.89	4.53	4.69	16804570	80191584
2014/4/3	4.4	4.8	4.34	4.67	18060416	82527544
2014/4/2	4.4	4.49	4.35	4.42	9585424	42211676
2014/4/1	4.51	4.57	4.33	4.46	14701698	65238292
2014/3/31	4.27	4.66	4.27	4.62	25981267	119305920
2014/3/28	4.33	4.46	4.23	4.24	8823045	38520868
2014/3/27	4.5	4.53	4.38	4.38	9354822	41561068
2014/3/26	4.56	4.62	4.45	4.56	11721669	53179628
2014/3/25	4.46	4.8	4.35	4.65	21871512	101313520
2014/3/24	4.5	4.63	4.32	4.52	21408227	95754640
2014/3/21	4.36	4.66	4.36	4.45	29666151	133009136
2014/3/20	3.9	4.29	3.87	4.29	18137362	74949208
2014/3/19	3.95	3.95	3.81	3.9	9244863	35919244
2014/3/18	4.14	4.2	3.94	3.99	13061071	52789108
2014/3/17	4.18	4.29	4.14	4.15	9442795	39648308
2014/3/14	4.05	4.26	3.97	4.25	13273517	54580920
2014/3/13	4.23	4.28	4	4.12	11981779	50134040
2014/3/12	4.03	4.34	3.9	4.3	19717361	82497360
2014/3/11	3.88	4.3	3.76	4.12	18705870	75357024
2014/3/10	3.6	3.97	3.52	3.97	9081285	34572800
2014/3/7	3.62	3.65	3.59	3.61	1755229	6351757
2014/3/6	3.67	3.67	3.57	3.63	2260772	8169308
2014/3/5	3.7	3.7	3.62	3.67	3052740	11158792
2014/3/4	3.55	3.7	3.52	3.69	4893979	17871318
2014/3/3	3.57	3.65	3.55	3.57	2450453	8801250
2014/2/28	3.49	3.56	3.4	3.56	2193931	7631444
2014/2/27	3.47	3.55	3.45	3.49	2796952	9821442
2014/2/26	3.4	3.48	3.32	3.47	2405502	8141077
2014/2/25	3.47	3.55	3.36	3.39	2921783	10114780
2014/2/24	3.55	3.55	3.43	3.47	2925615	10140622
2014/2/21	3.62	3.68	3.54	3.56	5265889	18967834
2014/2/20	3.56	3.77	3.5	3.68	10701057	39139144
2014/2/19	3.48	3.58	3.46	3.55	6089618	21529298
2014/2/18	3.48	3.48	3.42	3.45	3352500	11568777
2014/2/17	3.44	3.48	3.42	3.48	3378849	11669749
2014/2/14	3.37	3.44	3.35	3.43	2981773	10122453
2014/2/13	3.38	3.43	3.35	3.37	3055511	10378003
2014/2/12	3.38	3.42	3.36	3.41	2509128	8513428
2014/2/11	3.38	3.4	3.35	3.39	3530180	11936088
2014/2/10	3.34	3.4	3.33	3.38	3739513	12587433
2014/2/7	3.24	3.33	3.24	3.33	1823881	6017866.5
2014/1/30	3.26	3.29	3.24	3.28	1513049	4947322.5
2014/1/29	3.26	3.31	3.25	3.29	1173090	3850744.25
2014/1/28	3.29	3.3	3.23	3.27	1579110	5153065.5
2014/1/27	3.33	3.33	3.25	3.26	2446768	8041443
2014/1/24	3.32	3.37	3.3	3.33	3689795	12295592
2014/1/23	3.27	3.43	3.25	3.34	5815468	19436196
2014/1/22	3.2	3.28	3.2	3.27	2501045	8148747.5
2014/1/21	3.24	3.24	3.18	3.22	1572375	5042538
2014/1/20	3.17	3.25	3.15	3.21	2040509	6512797.5
2014/1/17	3.24	3.24	3.16	3.17	1433502	4573994.5
2014/1/16	3.23	3.28	3.2	3.22	2692000	8712811
2014/1/15	3.28	3.29	3.22	3.26	1854068	6016540.5
2014/1/14	3.19	3.29	3.19	3.28	3170962	10314331
2014/1/13	3.25	3.25	3.16	3.2	2039976	6535408.5
2014/1/10	3.17	3.23	3.13	3.21	2579398	8233547
2014/1/9	3.17	3.27	3.15	3.19	4673636	15009679
2014/1/8	3.13	3.18	3.12	3.13	1741122	5482626
2014/1/7	3.19	3.2	3.11	3.13	3192361	10074268
2014/1/6	3.23	3.26	3.17	3.18	3550080	11433766
2014/1/3	3.2	3.23	3.19	3.23	2502380	8032383.5
2014/1/2	3.18	3.24	3.18	3.23	5027804	16135922
2013/12/31	3.2	3.22	3.15	3.17	10253999	32597268
2013/12/30	3.31	3.31	3.18	3.21	7985081	25812690
2013/12/27	3.26	3.33	3.25	3.3	3037106	10011622
2013/12/26	3.44	3.44	3.24	3.29	9336066	31035156
2013/12/25	3.41	3.51	3.4	3.46	2663685	9201379
2013/12/24	3.4	3.47	3.38	3.43	2152401	7388629
2013/12/23	3.39	3.44	3.35	3.4	2080999	7069969
2013/12/20	3.6	3.6	3.38	3.42	6779648	23501910
2013/12/19	3.63	3.64	3.55	3.62	3616700	13001746
2013/12/18	3.63	3.67	3.6	3.61	1572825	5694718
2013/12/17	3.7	3.7	3.61	3.61	1857588	6764636.5
2013/12/16	3.75	3.78	3.65	3.66	1624681	6008861
2013/12/13	3.73	3.78	3.72	3.77	1566209	5871332
2013/12/12	3.74	3.77	3.71	3.73	1559378	5831996.5
2013/12/11	3.77	3.81	3.71	3.74	2427923	9094183
2013/12/10	3.85	3.86	3.77	3.79	2928347	11149459
2013/12/9	3.77	3.92	3.74	3.86	4514467	17360240
2013/12/6	3.73	3.8	3.7	3.76	3201205	12022296
2013/12/5	3.71	3.75	3.68	3.73	2496170	9273392
2013/12/4	3.65	3.75	3.62	3.7	3000220	11066935
2013/12/3	3.59	3.67	3.57	3.66	2613069	9458050
2013/12/2	3.7	3.82	3.56	3.59	6655272	24502182
2013/11/29	3.97	4.02	3.88	3.95	4585778	18094202
2013/11/28	4.03	4.05	3.96	3.99	4186840	16728394
2013/11/27	4.05	4.09	3.97	4.03	4765854	19131604
2013/11/26	3.9	4.09	3.88	4.09	5844046	23490414
2013/11/25	3.84	3.99	3.79	3.93	5628421	21866852
2013/11/22	3.79	3.92	3.74	3.87	5958282	22965682
2013/11/21	3.75	3.92	3.72	3.77	5600764	21409526
2013/11/20	3.78	3.8	3.7	3.76	4566157	17176446
2013/11/19	3.67	3.83	3.62	3.81	7226990	26828310
2013/11/18	3.6	3.79	3.56	3.73	9850457	36258952
2013/8/12	3.76	3.78	3.68	3.77	2275873	8534560
2013/8/9	3.63	3.83	3.6	3.74	3741055	13981236
2013/8/8	3.63	3.67	3.6	3.63	1146598	4166181.5
2013/8/7	3.7	3.7	3.62	3.63	2126400	7774562.5
2013/8/6	3.67	3.78	3.64	3.74	5760400	21358992
2013/8/5	3.47	3.78	3.43	3.67	4644368	16662411
2013/8/2	3.49	3.51	3.42	3.46	1584328	5480530
2013/8/1	3.37	3.48	3.37	3.46	2008675	6913822
2013/7/31	3.38	3.41	3.36	3.39	1808154	6131106.5
2013/7/30	3.35	3.4	3.31	3.39	1316292	4423528
2013/7/29	3.44	3.44	3.37	3.37	1416709	4823809
2013/7/26	3.38	3.43	3.36	3.4	1009789	3434979.75
2013/7/25	3.45	3.48	3.4	3.44	1587496	5443374
2013/7/24	3.49	3.51	3.38	3.45	1721523	5938738.5
2013/7/23	3.42	3.52	3.4	3.48	2242933	7788167.5
2013/7/22	3.33	3.45	3.31	3.42	1557262	5266272.5
2013/7/19	3.59	3.6	3.39	3.41	2982309	10438448
2013/7/18	3.61	3.65	3.57	3.58	2340331	8438115
2013/7/17	3.66	3.71	3.6	3.61	2236202	8154328
2013/7/16	3.66	3.66	3.57	3.66	3127288	11276687
2013/7/15	3.6	3.68	3.59	3.66	3120905	11336794
2013/7/12	3.71	3.74	3.63	3.64	2397419	8827765
2013/7/11	3.56	3.74	3.56	3.71	3554387	13031343
2013/7/10	3.5	3.6	3.47	3.58	2176609	7714873
2013/7/9	3.51	3.56	3.4	3.51	1760599	6104352
2013/7/8	3.68	3.69	3.49	3.51	2821152	10058075
2013/7/5	3.64	3.81	3.63	3.73	4510681	16821510
2013/7/4	3.63	3.71	3.58	3.66	3021157	11006970
2013/7/3	3.7	3.71	3.58	3.65	2876269	10411188
2013/7/2	3.68	3.71	3.57	3.7	2484677	9030524
2013/7/1	3.63	3.68	3.58	3.66	1976838	7166191
2013/6/28	3.6	3.71	3.55	3.6	2902268	10491277
2013/6/27	3.75	3.82	3.61	3.65	2990669	11167817
2013/6/26	3.75	3.81	3.63	3.75	2647686	9833560
2013/6/25	3.8	3.85	3.48	3.75	3548714	12998885
2013/6/24	4.18	4.22	3.81	3.82	4301453	17265050
2013/6/21	4.3	4.3	4.11	4.22	2707595	11377940
2013/6/20	4.46	4.53	4.28	4.34	4887715	21541100
2013/6/19	4.4	4.53	4.18	4.46	6251448	27368748
2013/6/18	4.35	4.42	4.3	4.4	2820647	12273975
2013/6/17	4.42	4.45	4.32	4.35	4573718	20000624
2013/6/14	4.44	4.6	4.4	4.49	4396993	19826138
2013/6/13	4.65	4.67	4.32	4.41	6239962	27858770
2013/6/7	4.91	5.07	4.68	4.78	12289158	59273064
2013/6/6	5.52	5.82	5.09	5.2	24486994	134885904
2013/6/4	5.38	5.41	5.14	5.29	5567811	29304410
2013/6/3	5.26	5.49	5.21	5.41	5203547	27808700
2013/5/31	5.1	5.4	4.95	5.3	9351783	48695272
2013/5/30	5.18	5.28	5.07	5.14	6670759	34341148
2013/5/29	5.02	5.21	4.95	5.21	8838922	45074340
2013/5/28	4.76	4.98	4.71	4.96	7396708	36449932
2013/5/27	4.67	4.77	4.66	4.74	3660752	17255014
2013/5/24	4.56	4.67	4.55	4.66	2868598	13300071
2013/5/23	4.61	4.61	4.53	4.57	1690604	7742272.5
2013/5/22	4.64	4.64	4.57	4.59	1836145	8446753
2013/5/21	4.68	4.68	4.57	4.62	2777864	12792740
2013/5/20	4.63	4.8	4.63	4.68	2436591	11462204
2013/5/17	4.54	4.66	4.53	4.64	2627337	12143400
2013/5/16	4.6	4.63	4.51	4.57	1928592	8813633
2013/5/15	4.59	4.67	4.5	4.59	3486875	16001870
2013/5/14	4.4	4.63	4.39	4.63	8178834	37743104
2013/5/13	4.37	4.44	4.37	4.41	649181	2856539.25
2013/5/10	4.37	4.4	4.33	4.4	1008404	4404627
2013/5/9	4.48	4.48	4.37	4.39	1464525	6443502
2013/5/8	4.44	4.46	4.42	4.46	996677	4427642.5
2013/5/7	4.43	4.46	4.41	4.43	1025775	4542142.5
2013/5/6	4.4	4.45	4.39	4.43	773989	3417932.25
2013/5/3	4.4	4.44	4.38	4.41	1300515	5736200
2013/5/2	4.32	4.4	4.32	4.39	728877	3187639.25
2013/4/26	4.38	4.39	4.32	4.37	1054013	4588371.5
2013/4/25	4.38	4.46	4.3	4.33	1492880	6545730
2013/4/24	4.36	4.39	4.3	4.38	1124049	4885491
2013/4/23	4.39	4.44	4.3	4.32	1216261	5326774
2013/4/22	4.45	4.5	4.34	4.41	2030868	8989523
2013/4/19	4.42	4.48	4.41	4.45	1432784	6354291
2013/4/18	4.33	4.42	4.33	4.4	1178963	5171532.5
2013/4/17	4.36	4.36	4.25	4.33	555600	2396862.75
2013/4/16	4.26	4.38	4.21	4.34	592451	2552831
2013/4/15	4.38	4.38	4.28	4.31	691831	2991262.25
2013/4/12	4.33	4.39	4.28	4.33	795300	3453639
2013/4/11	4.32	4.33	4.29	4.29	742900	3204405
2013/4/10	4.35	4.42	4.31	4.31	1248611	5417472
2013/4/9	4.26	4.39	4.25	4.36	1095142	4769597.5
2013/4/8	4.36	4.36	4.19	4.29	970543	4133347.25
2013/4/3	4.47	4.5	4.33	4.39	1753090	7707831.5
2013/4/2	4.51	4.53	4.47	4.47	1210147	5447472
2013/4/1	4.56	4.56	4.48	4.53	1107999	5006729.5
2013/3/29	4.45	4.57	4.43	4.52	2252986	10178373
2013/3/28	4.53	4.54	4.44	4.45	2076571	9301506
2013/3/27	4.54	4.58	4.53	4.57	1282017	5833969.5
2013/3/26	4.61	4.63	4.47	4.55	2102340	9535496
2013/3/25	4.62	4.68	4.54	4.63	2010080	9289394
2013/3/22	4.58	4.63	4.54	4.58	1849501	8480883
2013/3/21	4.55	4.65	4.5	4.58	3818161	17481198
2013/3/20	4.48	4.59	4.44	4.54	4271391	19365846
2013/3/19	4.32	4.57	4.32	4.5	7878039	35523440
2013/3/18	4.3	4.35	4.27	4.35	1093412	4719826
2013/3/15	4.29	4.36	4.28	4.29	723599	3127133.75
2013/3/14	4.26	4.44	4.25	4.32	1508772	6536144.5
2013/3/13	4.3	4.3	4.24	4.28	1139141	4857034
2013/3/12	4.36	4.38	4.22	4.31	2266529	9753806
2013/3/11	4.41	4.41	4.33	4.38	1080460	4714976.5
2013/3/8	4.42	4.45	4.37	4.4	1244564	5481292.5
2013/3/7	4.42	4.49	4.36	4.41	2933199	12972121
2013/3/6	4.39	4.45	4.36	4.41	1769950	7797913.5
2013/3/5	4.27	4.45	4.23	4.4	2054826	9006262
2013/3/4	4.4	4.4	4.26	4.27	1919900	8265283
2013/3/1	4.41	4.41	4.35	4.39	1308655	5726000.5
2013/2/28	4.24	4.43	4.23	4.4	3769984	16452472
2013/2/27	4.23	4.27	4.18	4.22	1419101	5984447
2013/2/26	4.33	4.36	4.2	4.21	2020344	8648071
2013/2/25	4.3	4.36	4.25	4.33	1587950	6843164
2013/2/22	4.26	4.36	4.25	4.28	2024481	8725500
2013/2/21	4.43	4.43	4.25	4.28	1913207	8288488.5
2013/2/20	4.39	4.46	4.36	4.45	1400918	6176122
2013/2/19	4.52	4.52	4.36	4.39	2680096	11854424
2013/2/18	4.57	4.62	4.51	4.52	2427200	11054516
2013/2/8	4.52	4.64	4.52	4.59	3940021	18068304
2013/2/7	4.57	4.62	4.51	4.58	4214704	19297776
2013/2/6	4.56	4.61	4.43	4.59	5560506	25259142
2013/2/5	4.38	4.62	4.32	4.6	6610793	29949416
2013/2/4	4.5	4.55	4.4	4.42	2672771	11928422
2013/2/1	4.43	4.56	4.41	4.49	2709256	12227801
2013/1/31	4.48	4.5	4.36	4.45	2173031	9614311
2013/1/30	4.52	4.53	4.42	4.48	1852314	8289694
2013/1/29	4.55	4.55	4.45	4.51	2339485	10505810
2013/1/28	4.54	4.57	4.49	4.55	3363650	15231168
2013/1/25	4.38	4.56	4.3	4.53	4734230	21102732
2013/1/24	4.41	4.48	4.28	4.34	2653268	11664185
2013/1/23	4.51	4.53	4.29	4.41	2859600	12601265
2013/1/22	4.53	4.59	4.46	4.51	3255730	14676427
2013/1/21	4.31	4.53	4.31	4.52	4489630	20087938
2013/1/18	4.32	4.37	4.26	4.31	2563108	11047936
2013/1/17	4.3	4.47	4.3	4.31	3942983	17227094
2013/1/16	4.16	4.38	4.16	4.34	6926598	29698024
2013/1/15	4.1	4.19	4.1	4.17	4572177	18938978
2013/1/14	4.02	4.16	4	4.13	4266095	17408432
2013/1/11	4.06	4.08	3.95	4.02	4898266	19683574
2013/1/10	4.19	4.2	4.04	4.07	5057765	20838504
2013/1/9	4.19	4.3	4.15	4.17	6610442	27858902
2013/1/8	4.06	4.25	4.05	4.25	7148531	29875566
2013/1/7	4.03	4.1	3.94	4.05	4123142	16615129
2013/1/4	4.02	4.14	3.98	4.02	6726694	27200028
2012/12/31	3.98	3.98	3.94	3.98	9662394	38446900
2012/12/28	3.8	3.87	3.79	3.79	3112615	11863464
2012/12/27	3.9	4.07	3.79	3.83	5031740	19733110
2012/12/26	3.75	3.92	3.72	3.88	2283909	8768784
2012/12/25	3.8	3.92	3.76	3.83	2883054	11057224
2012/12/24	3.71	3.83	3.68	3.8	1548702	5809055.5
2012/12/21	3.71	3.76	3.68	3.71	1255859	4678501.5
2012/12/20	3.69	3.71	3.65	3.71	1112634	4094402.75
2012/12/19	3.62	3.71	3.62	3.69	1138926	4192651.75
2012/12/18	3.69	3.75	3.63	3.65	1794111	6631757.5
2012/12/17	3.69	3.73	3.67	3.69	1449051	5354870
2012/12/14	3.59	3.72	3.58	3.7	1744012	6413680.5
2012/12/13	3.54	3.72	3.54	3.62	1320569	4797136.5
2012/12/12	3.61	3.69	3.55	3.63	790218	2852758.5
2012/12/11	3.62	3.65	3.58	3.61	801053	2894457.25
2012/12/10	3.56	3.65	3.54	3.6	865745	3116774.5
2012/12/7	3.5	3.58	3.48	3.58	834434	2962340.25
2012/12/6	3.48	3.55	3.48	3.51	648258	2277207.5
2012/12/5	3.34	3.54	3.34	3.48	1364329	4730750
2012/12/4	3.41	3.43	3.27	3.37	1338868	4470827
2012/12/3	3.41	3.52	3.41	3.43	1205513	4147793.5
2012/11/30	3.5	3.63	3.5	3.59	395894	1411332.63
2012/11/29	3.55	3.62	3.54	3.54	392450	1404918
2012/11/28	3.6	3.64	3.48	3.59	971813	3445233.75
2012/11/27	3.8	3.85	3.64	3.64	1518443	5576134
2012/11/26	3.92	3.92	3.82	3.83	678960	2631599
2012/11/23	3.96	3.96	3.89	3.93	644657	2531376.75
2012/11/22	3.91	3.98	3.88	3.95	1118768	4412759
2012/11/21	3.87	3.99	3.83	3.93	957651	3732171.75
2012/11/20	3.91	3.97	3.85	3.87	1380075	5412425.5
2012/11/19	3.77	3.96	3.74	3.91	1640192	6338749.5
2012/11/16	3.75	3.85	3.69	3.81	1044362	3934903.25
2012/11/15	3.7	3.93	3.63	3.81	1352529	5096942
2012/11/14	3.7	3.76	3.69	3.75	955642	3568238.5
2012/11/13	3.9	3.91	3.72	3.73	3331331	12575310
2012/11/12	3.97	4	3.88	3.92	3116007	12247580
2012/11/9	3.74	3.98	3.74	3.98	4343849	17271708
2012/11/8	3.96	3.96	3.78	3.79	1113522	4296371
2012/11/7	3.95	4.01	3.89	3.96	1357527	5361745.5
2012/11/6	4.1	4.1	3.89	3.94	2192207	8719081
2012/11/5	4.01	4.12	4.01	4.09	2254656	9178698
2012/11/2	3.94	4.04	3.91	4.01	1511550	6029244
2012/11/1	3.87	3.95	3.87	3.92	1338504	5230131
2012/10/31	3.83	3.96	3.83	3.87	909345	3548211.25
2012/10/30	3.85	3.89	3.8	3.83	798005	3068489.5
2012/10/29	3.77	3.92	3.77	3.85	990272	3826943.5
2012/10/26	3.91	3.93	3.74	3.79	1680730	6444458.5
2012/10/25	4.03	4.05	3.91	3.92	4319637	17237812
2012/10/24	3.9	4.05	3.9	4.03	2836393	11331049
2012/10/23	3.95	4	3.87	3.91	1280937	5009698
2012/10/22	3.82	4.01	3.82	3.95	2230564	8815326
2012/10/19	3.8	3.88	3.77	3.86	2066027	7936849
2012/10/18	3.69	3.87	3.69	3.77	1925439	7285060.5
2012/10/17	3.7	3.73	3.65	3.7	655065	2415125
2012/10/16	3.66	3.72	3.63	3.7	876345	3225437.5
2012/10/15	3.7	3.71	3.59	3.63	991320	3608769.75
2012/10/12	3.72	3.8	3.65	3.7	1306330	4836818.5
2012/10/11	3.65	3.84	3.6	3.74	2709455	10211736
2012/10/10	3.55	3.71	3.54	3.66	1582609	5800619.5
2012/10/9	3.49	3.6	3.49	3.6	1210564	4298408.5
2012/10/8	3.45	3.52	3.45	3.49	838836	2931259
2012/9/28	3.39	3.47	3.37	3.46	974481	3339111
2012/9/27	3.34	3.43	3.34	3.39	857497	2899364
2012/9/26	3.45	3.45	3.33	3.34	713200	2430059
2012/9/25	3.46	3.5	3.41	3.42	255000	877664
2012/9/24	3.4	3.44	3.35	3.43	451265	1530658
2012/9/21	3.44	3.52	3.4	3.41	659802	2278840.75
2012/9/20	3.61	3.61	3.42	3.44	740698	2583582.75
2012/9/19	3.54	3.61	3.54	3.57	279945	1000982.63
2012/9/18	3.56	3.6	3.52	3.57	443829	1574266.88
2012/9/17	3.67	3.7	3.55	3.6	970229	3521959.75
2012/9/14	3.68	3.76	3.64	3.68	1120698	4133478.5
2012/9/13	3.7	3.74	3.68	3.69	1005644	3725036.5
2012/9/12	3.7	3.74	3.69	3.71	1062574	3942485.25
2012/9/11	3.7	3.73	3.66	3.72	819159	3031807.25
2012/9/10	3.75	3.76	3.68	3.71	1823201	6773082
2012/9/7	3.72	3.83	3.72	3.76	3252299	12264790
2012/9/6	3.76	3.78	3.7	3.73	954929	3566196
2012/9/5	3.7	3.8	3.65	3.76	1765718	6602163.5
2012/9/4	3.66	3.71	3.61	3.67	1234614	4512096
2012/9/3	3.62	3.8	3.58	3.66	2030160	7541620.5
2012/8/31	3.49	3.65	3.49	3.64	1397111	5011691
2012/8/30	3.5	3.59	3.33	3.56	1799076	6243704.5
2012/8/29	3.51	3.6	3.5	3.5	1086518	3865905
2012/8/28	3.61	3.62	3.51	3.55	1401942	5002876.5
2012/8/27	3.43	3.63	3.42	3.62	2216393	7913430.5
2012/8/24	3.61	3.62	3.47	3.49	2701871	9499398
2012/8/23	3.69	3.69	3.55	3.65	4461384	16189394
2012/8/22	3.41	3.58	3.37	3.52	3463730	12206656
2012/8/21	3.3	3.46	3.27	3.41	2223670	7565398.5
2012/8/20	3.37	3.37	3.25	3.3	1000690	3278133
2012/8/17	3.35	3.37	3.31	3.35	569702	1904043.25
2012/8/16	3.41	3.41	3.32	3.33	1261830	4245610.5
2012/8/15	3.38	3.51	3.36	3.43	1600908	5529000
2012/8/14	3.39	3.4	3.32	3.38	1187136	3985760
2012/8/13	3.32	3.49	3.29	3.37	3417650	11717360
2012/8/10	3.36	3.41	3.27	3.32	2679550	8920722
2012/8/9	3.37	3.39	3.32	3.37	2881836	9708659
2012/8/8	3.33	3.37	3.31	3.36	2249525	7534628
2012/8/7	3.39	3.39	3.3	3.33	2726604	9081865
2012/8/6	3.35	3.39	3.31	3.39	1289092	4317344
2012/8/3	3.23	3.37	3.18	3.37	4420558	14649142
2012/8/2	3.19	3.29	3.16	3.21	2513156	8076860.5
2012/8/1	3.12	3.25	3.09	3.19	2616762	8292420.5
2012/7/31	3.3	3.35	3.18	3.18	3678277	11779837
2012/7/30	3.35	3.5	3.35	3.35	7182384	24244818
2012/7/27	3.52	3.57	3.47	3.53	1293431	4555925.5
2012/7/26	3.56	3.59	3.41	3.49	1062834	3731080.25
2012/7/25	3.56	3.59	3.52	3.55	933623	3313456.5
2012/7/24	3.54	3.59	3.53	3.58	918900	3266553.5
2012/7/23	3.54	3.57	3.49	3.54	586030	2069303
2012/7/20	3.57	3.6	3.53	3.57	1131851	4042486
2012/7/19	3.56	3.64	3.53	3.58	1942297	6950742.5
2012/7/18	3.58	3.58	3.5	3.56	1111800	3933155.25
2012/7/17	3.55	3.58	3.47	3.56	919592	3255657.5
2012/7/16	3.75	3.75	3.53	3.55	2710395	9696111
2012/7/13	3.73	3.79	3.7	3.72	949900	3546292.25
2012/7/12	3.7	3.78	3.7	3.75	1172219	4390131
2012/7/11	3.69	3.8	3.68	3.72	760048	2831382.75
2012/7/10	3.69	3.76	3.67	3.69	1309309	4853034.5
2012/7/9	3.82	3.9	3.68	3.74	2140195	8100902
2012/7/6	3.72	3.91	3.72	3.87	3099763	11995067
2012/7/5	3.85	3.85	3.7	3.72	1763918	6621396.5
2012/7/4	3.92	4.01	3.81	3.87	2201775	8541991
2012/7/3	3.99	4.02	3.88	3.93	2028269	7955959
2012/7/2	3.81	3.9	3.73	3.89	2122712	8159263
2012/6/29	3.71	3.8	3.64	3.8	2381348	8940691
2012/6/28	3.87	3.9	3.75	3.78	2383465	9076749
2012/6/27	3.83	3.9	3.78	3.87	2869975	11059048
2012/6/26	3.8	3.88	3.75	3.81	1549180	5917737.5
2012/6/25	3.93	3.93	3.75	3.81	2265763	8693997
2012/6/21	3.98	4.03	3.9	3.92	2258250	8877503
2012/6/20	3.98	4.03	3.95	3.97	2046115	8160594
2012/6/19	3.99	4.01	3.95	3.98	2194271	8731898
2012/6/18	4.03	4.07	3.98	4	2515215	10104934
2012/6/15	4	4.05	3.96	4.03	2774159	11136814
2012/6/14	3.96	4.01	3.93	3.99	1893310	7519826
2012/6/13	3.97	4.02	3.95	3.97	3035932	12100574
2012/6/12	3.85	4.05	3.85	3.99	4869278	19314112
2012/6/11	3.84	3.89	3.81	3.88	1926788	7426075
2012/6/8	3.86	3.94	3.82	3.85	2848415	11052770
2012/6/7	3.88	3.92	3.83	3.84	3546209	13737607
2012/6/6	3.85	3.87	3.81	3.85	1545739	5937936.5
2012/6/5	3.75	3.87	3.75	3.84	1910106	7301866
2012/6/4	3.77	3.88	3.73	3.74	2431076	9196921
2012/6/1	3.8	3.88	3.79	3.84	2538795	9755686
2012/5/31	3.81	3.88	3.77	3.81	2324098	8893283
2012/5/30	3.78	3.85	3.75	3.81	2539918	9663604
2012/5/29	3.66	3.88	3.64	3.79	4208265	15846546
2012/5/28	3.61	3.7	3.55	3.7	3154325	11434493
2012/5/25	3.72	3.73	3.58	3.61	4534230	16434123
2012/5/24	3.91	3.92	3.71	3.73	7469228	28057818
2012/5/23	3.92	3.95	3.88	3.91	2011856	7856059
2012/5/21	3.99	4.01	3.87	3.88	3183340	12508618
2012/5/18	3.95	4.02	3.92	4	2475491	9817519
2012/5/17	3.91	3.99	3.9	3.97	2386228	9397483
2012/5/16	3.96	4	3.9	3.92	1991656	7861171
2012/5/15	4	4	3.91	3.96	3298077	12999464
2012/5/14	4.12	4.15	4.01	4.01	3715382	15086449
2012/5/11	4.08	4.14	4.04	4.11	2661475	10927020
2012/5/10	4	4.16	3.99	4.09	3766431	15395205
2012/5/9	4	4.14	3.99	4.02	3928670	15905232
2012/5/8	3.97	4.04	3.95	4.02	4084620	16364976
2012/5/7	3.92	4.03	3.92	3.98	4269602	16977786
2012/5/4	3.93	4	3.89	3.95	9016701	35650200
2012/5/3	3.91	3.91	3.91	3.91	1622100	6342411
2012/5/2	4.12	4.12	4.12	4.12	634000	2612080
2012/4/27	4.34	4.34	4.34	4.34	757300	3286682
2012/4/25	4.5	4.63	4.44	4.57	2715958	12372150
2012/4/24	4.65	4.65	4.38	4.53	3510756	15787967
2012/4/23	4.88	4.89	4.67	4.67	4315404	20469764
2012/4/20	4.9	4.96	4.8	4.9	5678777	27674906
2012/4/19	4.7	5.15	4.66	4.98	9127874	45364272
2012/4/18	4.65	4.72	4.6	4.72	2433226	11378244
2012/4/17	4.6	4.74	4.57	4.64	2958624	13803018
2012/4/16	4.56	4.61	4.52	4.57	1396275	6368704
2012/4/13	4.5	4.65	4.5	4.6	2318087	10601181
2012/4/12	4.45	4.54	4.44	4.53	2253405	10123018
2012/4/11	4.4	4.47	4.35	4.45	1331057	5892331
2012/4/10	4.43	4.43	4.26	4.43	1094912	4770064.5
2012/4/9	4.35	4.5	4.31	4.4	1922660	8506034
2012/4/6	4.33	4.4	4.31	4.34	1928969	8412394
2012/4/5	4.27	4.35	4.25	4.33	1923454	8294710
2012/3/30	4.3	4.32	4.2	4.25	1200499	5110197.5
2012/3/29	4.29	4.34	4.24	4.3	1846666	7914840.5
2012/3/28	4.56	4.56	4.27	4.32	2735380	12002824
2012/3/27	4.65	4.69	4.58	4.58	1531549	7106496.5
2012/3/26	4.71	4.72	4.6	4.65	979526	4572076.5
2012/3/23	4.79	4.79	4.65	4.68	1798710	8484204
2012/3/22	4.75	4.82	4.75	4.78	1603052	7660851
2012/3/21	4.79	4.84	4.72	4.79	2049673	9803888
2012/3/20	4.87	4.87	4.78	4.78	2054876	9900320
2012/3/19	4.82	4.91	4.8	4.91	2528750	12288686
2012/3/16	4.71	4.84	4.71	4.84	2412205	11558793
2012/3/15	4.91	4.95	4.68	4.72	4175277	19895610
2012/3/14	5.24	5.26	4.88	4.92	6796717	34707904
2012/3/13	5.18	5.27	5.12	5.24	5068024	26376962
2012/3/12	5.16	5.18	5.1	5.17	3841907	19776030
2012/3/9	5.1	5.18	5.03	5.16	4753596	24336974
2012/3/8	5.03	5.15	5.01	5.1	2726001	13860437
2012/3/7	5	5.09	5	5.05	3984545	20126832
2012/3/6	5.28	5.3	5.07	5.13	7625217	39552676
2012/3/5	5.05	5.28	5.05	5.28	9081625	47294060
2012/3/2	4.99	5.07	4.98	5.06	2220234	11172903
2012/3/1	4.93	5.04	4.9	4.99	2351783	11703920
2012/2/29	5.01	5.08	4.97	4.97	2074601	10427440
2012/2/28	5.08	5.09	4.98	5.03	3149199	15856702
2012/2/27	5.07	5.18	5.07	5.11	4836448	24819960
2012/2/24	5.02	5.1	5	5.09	3400435	17163382
2012/2/23	5.07	5.12	4.98	5.05	3070956	15509124
2012/2/22	5.01	5.09	4.97	5.09	3275179	16546400
2012/2/21	5.08	5.12	4.88	5.04	3256155	16203537
2012/2/20	5.15	5.2	5.07	5.08	2393299	12260946
2012/2/17	5.13	5.14	5.03	5.09	2497509	12678784
2012/2/16	5	5.19	4.96	5.13	6183105	31519198
2012/2/15	4.92	5	4.85	5	3013784	14878682
2012/2/14	4.87	5.11	4.82	4.94	4441472	22108290
2012/2/13	4.79	4.9	4.73	4.87	2723128	13180097
2012/2/10	4.75	4.99	4.72	4.87	3805987	18511062
2012/2/9	4.75	4.82	4.7	4.76	2677963	12769832
2012/2/8	4.61	4.72	4.6	4.72	1931078	9023869
2012/2/7	4.75	4.75	4.59	4.65	2003098	9301644
2012/2/6	4.73	4.79	4.68	4.75	1902759	9017135
2012/2/3	4.6	4.74	4.6	4.74	2461959	11598084
2012/2/2	4.57	4.64	4.55	4.63	885903	4077183.75
2012/2/1	4.59	4.62	4.52	4.55	689744	3153481.25
2012/1/31	4.6	4.61	4.51	4.59	711985	3253381
2012/1/30	4.65	4.69	4.55	4.6	950915	4371351
2012/1/20	4.63	4.69	4.54	4.65	2238223	10318915
2012/1/19	4.55	5.03	4.5	4.7	2130313	10083719
2012/1/18	4.65	4.73	4.49	4.57	1768591	8121483.5
2012/1/17	4.4	4.67	4.4	4.67	1879210	8592483
2012/1/16	4.36	4.49	4.36	4.42	881360	3907675.25
2012/1/13	4.58	4.58	4.4	4.43	1376281	6162004.5
2012/1/12	4.5	4.73	4.46	4.58	2372480	10958957
2012/1/11	4.52	4.55	4.43	4.49	1565059	7021764
2012/1/10	4.33	4.55	4.27	4.52	2041897	9119662
2012/1/9	4.18	4.35	4.1	4.34	1038851	4416604.5
2012/1/6	4.11	4.16	4.05	4.14	829874	3399734.75
2012/1/5	4.24	4.29	4.13	4.15	830437	3498537.25
2012/1/4	4.31	4.4	4.28	4.29	1429000	6190572
2011/12/30	4.24	4.33	4.24	4.29	860038	3693727.75
2011/12/29	4.23	4.29	4.21	4.25	845155	3596677
2011/12/28	4.35	4.39	4.22	4.29	1415515	6055832
2011/12/27	4.44	4.46	4.38	4.39	1192707	5264810
2011/12/26	4.45	4.53	4.45	4.48	493190	2215751.75
2011/12/23	4.4	4.56	4.4	4.5	816867	3674445.75
2011/12/22	4.67	4.67	4.29	4.49	1808855	8070870.5
2011/12/20	4.71	4.85	4.71	4.77	829988	3979334
2011/12/19	4.8	4.8	4.66	4.78	1130839	5329159
2011/12/16	4.74	4.83	4.66	4.83	1336933	6341964.5
2011/12/15	4.86	4.9	4.73	4.74	1498206	7182342.5
2011/12/14	4.94	5.06	4.85	4.86	1509310	7472643.5
2011/12/13	5.21	5.25	4.91	4.93	1959340	9906025
2011/12/12	5.31	5.38	5.28	5.28	916706	4878025
2011/12/9	5.38	5.42	5.33	5.35	862836	4627701
2011/12/8	5.42	5.45	5.34	5.4	1011316	5448412
2011/12/7	5.38	5.44	5.35	5.4	865637	4665268
2011/12/6	5.39	5.45	5.33	5.39	964816	5197278
2011/12/5	5.46	5.54	5.38	5.39	1486497	8097267.5
2011/12/2	5.6	5.62	5.43	5.51	1939281	10670008
2011/12/1	5.64	5.73	5.6	5.64	3396495	19257804
2011/11/30	5.65	5.66	5.3	5.53	3879274	21220410
2011/11/29	5.7	5.7	5.59	5.65	2004877	11312495
2011/11/28	5.58	5.67	5.52	5.63	2130373	11912737
2011/11/25	5.63	5.73	5.49	5.6	2783255	15560095
2011/11/24	5.72	5.74	5.58	5.63	2301099	13005900
2011/11/23	5.86	5.9	5.72	5.76	2255690	13104281
2011/11/22	5.99	5.99	5.7	5.88	3476402	20354372
2011/11/21	5.92	6.15	5.87	6.04	6252509	37409776
2011/11/18	6	6.04	5.81	5.87	5057342	29956884
2011/11/17	5.97	6.07	5.89	6.02	5593643	33550316
2011/11/16	6.12	6.17	5.91	6	6986341	41908436
2011/11/15	5.89	6.1	5.84	6.08	5792138	34722292
2011/11/14	5.7	5.93	5.7	5.91	3896196	22718316
2011/11/11	5.71	5.73	5.62	5.67	3002297	17034210
2011/11/10	5.85	5.9	5.67	5.7	4720177	27223200
2011/11/9	5.92	5.98	5.8	5.94	3019526	17802480
2011/11/8	5.97	6.13	5.91	5.94	4962838	29813760
2011/11/7	5.93	5.97	5.87	5.94	2992203	17753728
2011/11/4	5.83	5.92	5.82	5.92	3377023	19859152
2011/11/3	5.78	5.92	5.77	5.82	4570217	26731688
2011/11/2	5.64	5.78	5.53	5.78	2975238	16855574
2011/11/1	5.73	5.8	5.7	5.75	2337106	13417146
2011/10/31	5.8	5.81	5.7	5.77	2277397	13093065
2011/10/28	5.8	5.85	5.73	5.8	2388219	13813957
2011/10/27	5.67	5.75	5.66	5.73	1985442	11337467
2011/10/26	5.65	5.78	5.61	5.7	2549733	14580762
2011/10/25	5.6	5.73	5.53	5.7	2451904	13875527
2011/10/24	5.4	5.63	5.38	5.58	2027670	11177261
2011/10/21	5.57	5.58	5.4	5.43	1775688	9732358
2011/10/20	5.77	5.78	5.5	5.55	3613538	20265660
2011/10/19	5.86	5.94	5.73	5.8	2603890	15173217
2011/10/18	6.13	6.19	5.79	5.82	3697102	22107956
2011/10/17	6.27	6.35	6.2	6.22	2439838	15265883
2011/10/14	6.18	6.29	6.13	6.27	2736705	17044918
2011/10/13	6.2	6.26	6.13	6.2	3999478	24788902
2011/10/12	5.96	6.25	5.89	6.22	4299753	26378056
2011/10/11	6	6.12	5.88	6	3419383	20633882
2011/10/10	5.94	5.96	5.84	5.89	1746691	10308972
2011/9/30	5.92	6.01	5.68	5.91	3313412	19436320
2011/9/29	6.19	6.27	5.91	5.91	4152913	25279234
2011/9/28	6.54	6.62	6.23	6.23	4231685	27133892
2011/9/27	6.58	6.61	6.42	6.53	3425466	22318850
2011/9/26	6.63	6.78	6.42	6.46	5133000	33784532
2011/9/23	6.75	6.9	6.58	6.71	8174018	54849240
2011/9/22	7.1	7.47	6.93	6.97	14279616	103308584
2011/9/21	7.01	7.2	6.89	7.18	11777143	83148576
2011/9/20	6.97	7.09	6.74	7.09	9275849	64454324
2011/9/19	6.85	7.09	6.76	6.96	8744812	60927140
2011/9/16	6.8	7.02	6.77	6.9	8765377	60722488
2011/9/15	6.79	6.98	6.72	6.76	8220292	56392892
2011/9/14	6.48	6.79	6.39	6.79	5879473	38638940
2011/9/13	6.53	6.59	6.35	6.44	5857113	37864180
2011/9/9	6.64	6.82	6.59	6.67	6026168	40438412
2011/9/8	6.64	6.99	6.6	6.73	13044923	88692136
2011/9/7	6.24	6.79	6.24	6.69	11545827	76070448
2011/9/6	6.37	6.44	6.17	6.21	4664948	29191852
2011/9/5	6.33	6.63	6.33	6.5	6345762	41281640
2011/9/2	6.62	6.62	6.32	6.46	7218027	46525144
2011/9/1	6.8	6.95	6.63	6.65	7901957	53430940
2011/8/31	6.8	6.93	6.68	6.88	10756544	73445400
2011/8/30	6.86	7.15	6.8	6.91	21407316	148794704
2011/8/26	6.52	7.13	6.5	7.13	22638883	158774448
2011/8/25	6.33	6.52	6.26	6.48	4364222	27999126
2011/8/24	6.42	6.46	6.3	6.3	3292248	21035320
2011/8/23	6.42	6.45	6.29	6.42	4213158	26783128
2011/8/22	6.48	6.57	6.38	6.42	6342548	41156224
2011/8/19	6.5	6.57	6.35	6.49	4889065	31596514
2011/8/18	6.2	6.57	6.2	6.54	8418994	54108608
2011/8/17	6.41	6.48	6.26	6.34	4327886	27520512
2011/8/16	6.45	6.63	6.4	6.48	3904214	25402864
2011/8/15	6.39	6.55	6.39	6.52	4672678	30274850
2011/8/12	6.32	6.48	6.26	6.37	4325004	27624760
2011/8/11	6.05	6.27	5.94	6.26	3246928	19990780
2011/8/10	6.21	6.31	6.13	6.18	3892738	24239476
2011/8/9	6.05	6.21	5.76	6.12	5446752	32586762
2011/8/8	6.75	6.75	6.14	6.24	6372916	40682116
2011/8/5	6.99	6.99	6.76	6.81	4524466	31092154
2011/8/4	7.11	7.24	7.11	7.16	2301480	16518718
2011/8/3	7.07	7.17	7.02	7.1	2983231	21180876
2011/8/2	7.25	7.28	7.03	7.13	4065862	28916172
2011/8/1	7.31	7.37	7.22	7.33	2689014	19647320
2011/7/29	7.35	7.36	7.21	7.31	3044839	22207198
2011/7/28	7.33	7.38	7.18	7.29	4141756	30123818
2011/7/27	7.32	7.48	7.23	7.44	3709754	27418370
2011/7/26	7.27	7.51	7.17	7.33	3121972	22793870
2011/7/25	7.69	7.78	7.23	7.28	5469351	41135808
2011/7/22	7.69	7.78	7.63	7.68	3940571	30349964
2011/7/21	8	8.04	7.7	7.7	5997183	46924852
2011/7/20	7.88	8.02	7.84	7.99	8317264	66125512
2011/7/19	7.8	7.86	7.71	7.84	5316667	41346988
2011/7/18	7.78	7.93	7.78	7.86	7235424	56777244
2011/7/15	7.89	7.89	7.71	7.83	11810102	91879136
2011/7/14	8.11	8.23	7.88	7.97	24778382	199728192
2011/7/13	8.21	8.45	8.21	8.43	9440000	78787952
2011/7/12	8.45	8.45	8.23	8.26	9802608	81476768
2011/7/11	8.33	8.54	8.3	8.5	14565627	123098688
2011/7/8	8.03	8.5	8.03	8.39	18481397	154356880
2011/7/7	8.18	8.28	8.08	8.11	9622534	78578792
2011/7/6	8.25	8.29	8.08	8.19	9286379	75712088
2011/7/5	8.21	8.42	8.15	8.31	12286177	101879520
2011/7/4	8.3	8.35	8.15	8.28	13486678	111313856
2011/7/1	8.1	8.23	8	8.18	11384907	92744272
2011/6/30	7.9	8.25	7.9	8.08	10505804	85085184
2011/6/29	8.03	8.35	7.85	8.01	13926028	113063848
2011/6/28	7.96	8.07	7.85	8.02	10046521	80146512
2011/6/27	7.74	7.98	7.72	7.94	13969036	109496312
2011/6/23	7.45	7.7	7.35	7.56	8148910	61245196
2011/6/22	7.6	7.87	7.48	7.6	8075210	62120580
2011/6/21	7.36	7.63	7.28	7.6	7471637	55744628
2011/6/20	7.56	7.56	7.04	7.36	9126164	66625776
2011/6/17	8.18	8.2	7.65	7.65	11833152	93647408
2011/6/16	8.25	8.6	8.17	8.27	13338241	111363464
2011/6/15	8.2	8.74	8.1	8.42	21026780	178285264
2011/6/14	8	8.27	7.94	8.2	10745612	87543448
2011/6/13	7.68	8.05	7.66	8.04	9281369	73374568
2011/6/10	8.03	8.17	7.58	7.85	12771401	100262056
2011/6/9	8.11	8.57	8.11	8.11	15716110	131250536
2011/6/8	8.19	8.44	7.96	8.28	15926742	130570200
2011/6/7	8.1	8.45	7.96	8.29	15832553	129619448
2011/6/3	8.01	8.25	7.9	8.09	14803816	119436760
2011/6/2	8	8.33	7.85	8.07	28882413	233815888
2011/6/1	7.13	7.84	7.01	7.84	20134277	153331456
2011/5/31	6.88	7.14	6.83	7.13	9453412	66235304
2011/5/30	7.2	7.36	6.75	6.84	9729299	68551312
2011/5/27	8.12	8.23	7.45	7.45	16144491	122797808
2011/5/26	8.57	8.74	8.21	8.28	14733018	125507200
2011/5/25	8.38	8.66	8.05	8.58	15323645	128184696
2011/5/24	8.17	8.58	8.03	8.39	11926110	99497872
2011/5/23	9.06	9.24	8.22	8.32	18307237	159380896
2011/5/20	8.88	9.3	8.64	9.12	21602418	194550688
2011/5/19	8.78	9.27	8.65	9	21338399	191844672
2011/5/18	8.65	8.88	8.51	8.78	17933259	156645232
2011/5/17	9.02	9.25	8.67	8.78	30088831	270388416
2011/5/16	9.02	9.59	8.86	9.5	39853616	368250432
2011/5/13	8.76	9.38	8.75	9.15	50973739	460010720
2011/5/12	7.96	8.65	7.88	8.65	22568896	193246048
2011/5/11	7.88	8.1	7.85	7.86	7322673	58222256
2011/5/10	7.74	8.07	7.64	7.89	11644337	92233136
2011/5/9	7.61	7.76	7.53	7.74	5206779	39934340
2011/5/6	7.3	7.72	7.23	7.64	4601858	34919392
2011/5/5	7.35	7.5	7.3	7.39	2305550	17039546
2011/5/4	7.57	7.77	7.42	7.44	5004276	37938060
2011/5/3	7.47	7.66	7.37	7.6	4087593	30923202
2011/4/29	7.27	7.48	7.15	7.44	3140077	23118300
2011/4/28	7.23	7.46	7.23	7.28	3843325	28232658
2011/4/27	7.27	7.38	7.17	7.23	2490279	18167846
2011/4/26	7.28	7.34	7.15	7.27	2118468	15378793
2011/4/25	7.6	7.6	7.2	7.28	4307421	31822596
2011/4/22	7.65	7.73	7.53	7.69	3483496	26549314
2011/4/21	7.6	7.69	7.53	7.68	4534955	34480064
2011/4/20	7.88	7.91	7.58	7.6	7551268	58229396
2011/4/19	7.76	8.06	7.64	7.92	11323469	89362232
2011/4/18	7.7	7.97	7.66	7.84	9187311	71773968
2011/4/15	7.46	7.77	7.4	7.72	10366730	79198112
2011/4/14	7.53	7.65	7.46	7.46	6479403	48874024
2011/4/13	7.49	7.57	7.32	7.46	5839837	43521856
2011/4/12	7.2	7.46	7.13	7.45	7801882	57505820
2011/4/11	7.12	7.33	7.11	7.22	5689768	41242588
2011/4/8	7.18	7.22	7.07	7.12	2887713	20566200
2011/4/7	7.11	7.28	7.11	7.17	3418900	24565274
2011/4/6	7.1	7.25	7.05	7.14	3330207	23843002
2011/4/1	7.04	7.13	6.95	7.1	3005577	21144054
2011/3/31	7.19	7.25	7.06	7.08	3553364	25337810
2011/3/30	7.09	7.5	6.95	7.24	8317165	60280728
2011/3/29	7.12	7.35	6.93	7.15	6479366	46330560
2011/3/28	7.06	7.18	7.01	7.1	4909022	34840536
2011/3/25	6.91	7.03	6.91	7.03	3494007	24361812
2011/3/24	7.08	7.08	6.93	6.95	3714391	25926220
2011/3/23	7.14	7.15	6.99	7.06	4634911	32696582
2011/3/22	6.96	7.14	6.82	7.13	8939348	62788680
2011/3/21	6.75	7.02	6.6	7	11151076	77174136
2011/3/18	6.82	6.9	6.74	6.75	2232376	15124541
2011/3/17	6.67	6.85	6.61	6.7	4454565	30035632
2011/3/16	6.57	6.7	6.53	6.65	2122736	14076846
2011/3/15	6.69	6.73	6.49	6.56	2747297	18049936
2011/3/14	6.66	6.74	6.62	6.72	2339712	15639590
2011/3/11	6.69	6.76	6.66	6.66	2120920	14241138
2011/3/10	6.8	6.81	6.72	6.72	1827197	12354615
2011/3/9	6.82	6.86	6.72	6.82	2990069	20272840
2011/3/8	6.88	6.89	6.76	6.83	2539041	17323678
2011/3/7	6.75	6.9	6.71	6.9	4998285	33978672
2011/3/4	6.73	6.78	6.6	6.77	2954454	19818568
2011/3/3	6.73	6.95	6.58	6.78	6476672	44101476
2011/3/2	6.72	6.73	6.61	6.71	2129466	14200871
2011/3/1	6.76	6.79	6.68	6.75	2772254	18655638
2011/2/28	6.66	6.75	6.66	6.73	2372330	15924852
2011/2/25	6.75	6.76	6.58	6.65	2087275	13876873
2011/2/24	6.53	6.8	6.49	6.74	4388147	29376844
2011/2/23	6.47	6.59	6.42	6.55	2281316	14852148
2011/2/22	6.71	6.71	6.47	6.49	2983800	19590792
2011/2/21	6.65	6.75	6.58	6.68	3569332	23800988
2011/2/18	6.51	6.75	6.42	6.71	3659184	24138486
2011/2/17	6.53	6.55	6.4	6.5	2025205	13135417
2011/2/16	6.48	6.53	6.39	6.53	2731124	17666386
2011/2/15	6.46	6.52	6.45	6.47	1964470	12751400
2011/2/14	6.44	6.48	6.39	6.46	2565658	16559658
2011/2/11	6.4	6.48	6.35	6.43	1542497	9888631
2011/2/10	6.29	6.46	6.25	6.41	1926786	12329207
2011/2/9	6.33	6.33	6.2	6.28	1061261	6665633
2011/2/1	6.18	6.36	6.15	6.27	1088569	6774608.5
2011/1/31	6.04	6.18	6.03	6.16	986614	6038973.5
2011/1/28	6.03	6.05	5.98	6.04	799076	4804131.5
2011/1/27	5.98	6.06	5.95	6.02	931863	5605335.5
2011/1/26	5.91	6.03	5.91	5.98	710098	4251526
2011/1/25	6.19	6.19	5.81	5.9	1605084	9645139
2011/1/24	6.34	6.4	6.25	6.25	858935	5433303
2011/1/21	6.3	6.42	6.27	6.3	951482	6033923
2011/1/20	6.51	6.53	6.33	6.33	843806	5412599.5
2011/1/19	6.38	6.53	6.38	6.52	756724	4894946.5
2011/1/18	6.39	6.43	6.33	6.4	608785	3883173.25
2011/1/17	6.71	6.76	6.35	6.38	1611175	10420568
2011/1/14	6.97	6.97	6.7	6.71	1841250	12573897
2011/1/13	7.02	7.05	6.91	6.96	1384748	9693760
2011/1/12	7.05	7.1	6.93	7.02	2062712	14452136
2011/1/11	6.9	7.05	6.9	7.05	2923789	20450222
2011/1/10	6.92	7.05	6.87	6.93	2213955	15388903
2011/1/7	6.88	6.95	6.8	6.92	2231536	15341564
2011/1/6	6.97	7.03	6.81	6.87	2036105	14045692
2011/1/5	7.02	7.06	6.93	6.98	1867089	13046543
2011/1/4	7.03	7.05	6.9	7.05	2485083	17355868
2010/12/31	6.93	6.99	6.85	6.98	1607764	11160830
2010/12/30	7.01	7.03	6.8	6.92	2105996	14451295
2010/12/29	7.15	7.16	6.98	7.01	1520780	10677527
2010/12/28	7.14	7.17	6.98	7.02	1671421	11809060
2010/12/27	7.26	7.34	7.08	7.14	2138938	15419136
2010/12/24	7.3	7.32	7.08	7.26	1970486	14192924
2010/12/23	7.25	7.47	7.25	7.34	2116823	15545590
2010/12/22	7.61	7.61	7.38	7.39	2655830	19814710
2010/12/21	7.66	7.68	7.52	7.61	2579331	19618496
2010/12/20	7.76	7.76	7.28	7.66	4944236	37390656
2010/12/17	7.59	7.65	7.52	7.64	3569403	27129810
2010/12/16	7.74	7.75	7.57	7.62	3838997	29397622
2010/12/15	7.64	7.75	7.58	7.71	5397998	41515404
2010/12/14	7.64	7.77	7.55	7.64	5417949	41546428
2010/12/13	7.38	7.74	7.38	7.64	6837849	51723980
2010/12/10	7.2	7.36	7.19	7.34	1993488	14556192
2010/12/9	7.23	7.33	7.16	7.22	1741924	12625758
2010/12/8	7.37	7.37	7.18	7.23	2098539	15253653
2010/12/7	7.3	7.38	7.1	7.37	2792673	20282454
2010/12/6	7.46	7.52	7.17	7.3	3296312	24023782
2010/12/3	7.72	7.72	7.31	7.46	5436508	40690472
2010/12/2	7.74	7.88	7.57	7.66	7716364	59504532
2010/12/1	7.57	7.87	7.56	7.77	14369849	111396328
2010/11/30	7.3	7.51	7.11	7.51	9361739	69259992
2010/11/29	7.19	7.36	7.18	7.28	2729229	19914460
2010/11/26	7.39	7.39	7.16	7.21	2826158	20492876
2010/11/25	7.27	7.45	7.23	7.35	3581180	26386162
2010/11/24	7.14	7.28	7.14	7.28	2351931	16988332
2010/11/23	7.4	7.43	7.02	7.21	4399040	31627190
2010/11/22	7.38	7.5	7.32	7.44	4018631	29798478
2010/11/19	7.41	7.46	7.2	7.44	6186836	45622912
2010/11/18	7.25	7.39	7.1	7.35	5198918	37691476
2010/11/17	7.24	7.35	7.1	7.24	2868861	20737802
2010/11/16	7.28	7.48	7.06	7.28	6300737	46017984
2010/11/15	6.94	7.59	6.92	7.35	7816933	56855688
2010/11/12	7.6	7.64	6.9	6.92	8380495	60895032
2010/11/11	7.61	7.84	7.6	7.6	6887107	53382420
2010/11/10	7.84	7.87	7.63	7.68	5967417	46224048
2010/11/9	7.88	7.95	7.73	7.89	6546212	51178852
2010/11/8	7.88	7.99	7.75	7.87	10410348	81786720
2010/11/5	7.84	8.1	7.68	7.95	16928272	133381512
2010/11/4	7.65	7.84	7.52	7.82	11088577	85290568
2010/11/3	7.48	7.71	7.34	7.62	10602726	80612144
2010/11/2	7.27	7.57	7.23	7.46	9942553	73498280
2010/11/1	7.12	7.35	7.1	7.26	6921440	49929780
2010/10/29	7.25	7.28	7	7.12	6176396	43922580
2010/10/28	7.19	7.38	7.18	7.25	6060398	43973384
2010/10/27	7.35	7.5	7.18	7.19	12296995	90130232
2010/10/26	7.11	7.53	6.95	7.35	14979422	108171392
2010/10/25	6.91	7.11	6.8	7.07	8726161	61053724
2010/10/22	6.84	7.03	6.75	6.9	9826422	68422560
2010/10/21	6.68	6.96	6.65	6.84	8066748	55182708
2010/10/20	6.64	6.76	6.59	6.67	4711132	31436030
2010/10/19	6.6	6.79	6.52	6.78	5953632	39902220
2010/10/18	6.52	6.69	6.26	6.65	7154367	46470640
2010/10/15	6.54	6.6	6.43	6.48	3709166	24167140
2010/10/14	6.76	6.78	6.48	6.57	4960998	32943088
2010/10/13	6.8	6.82	6.63	6.76	4717500	31729648
2010/10/12	6.86	6.86	6.75	6.8	4217843	28691528
2010/10/11	6.76	6.96	6.71	6.9	6503674	44611020
2010/10/8	6.62	6.83	6.55	6.78	4043097	27057724
2010/9/30	6.5	6.58	6.42	6.55	1895929	12383605
2010/9/29	6.45	6.54	6.38	6.5	1979216	12805082
2010/9/28	6.57	6.6	6.38	6.43	1892110	12314170
2010/9/27	6.49	6.59	6.44	6.57	1651838	10792579
2010/9/21	6.38	6.48	6.35	6.43	1389840	8915839
2010/9/20	6.59	6.64	6.33	6.36	2532923	16347984
2010/9/17	6.69	6.73	6.55	6.57	2441947	16192822
2010/9/16	6.86	6.9	6.56	6.7	3905361	26115882
2010/9/15	7.03	7.07	6.8	6.86	4262385	29618916
2010/9/14	7	7.07	6.87	7.06	5748691	40023844
2010/9/13	6.9	7.03	6.86	7.01	6747002	46922116
2010/9/10	6.75	6.9	6.6	6.9	5526659	37452308
2010/9/9	6.88	7.06	6.66	6.71	7783607	53451524
2010/9/8	6.75	6.88	6.69	6.87	4735391	32364270
2010/9/7	6.77	6.79	6.62	6.78	4474399	30071364
2010/9/6	6.7	6.8	6.65	6.75	5485280	36938472
2010/9/3	6.82	6.82	6.59	6.68	6135685	41064292
2010/9/2	6.74	6.9	6.69	6.82	8075116	55155268
2010/9/1	6.56	6.78	6.54	6.73	9354692	62480120
2010/8/31	6.58	6.64	6.5	6.58	3869901	25403850
2010/8/30	6.55	6.66	6.48	6.63	5800612	38239812
2010/8/27	6.38	6.53	6.34	6.51	3678342	23769562
2010/8/26	6.36	6.41	6.31	6.37	2479726	15769508
2010/8/25	6.5	6.53	6.33	6.35	3542402	22741798
2010/8/24	6.41	6.57	6.35	6.54	3986704	25868766
2010/8/23	6.37	6.47	6.37	6.4	2863000	18406198
2010/8/20	6.46	6.52	6.35	6.38	3904181	25086262
2010/8/19	6.5	6.55	6.42	6.46	5211528	33787932
2010/8/18	6.56	6.59	6.44	6.51	5898062	38317804
2010/8/17	6.46	6.62	6.41	6.58	6934680	45039184
2010/8/16	6.39	6.49	6.32	6.45	7335981	47120724
2010/8/13	6.34	6.42	6.27	6.41	6311299	40007668
2010/8/12	6.17	6.4	6.13	6.36	10233655	64466376
2010/8/11	6.01	6.25	6.01	6.24	4944830	30479050
2010/8/10	6.31	6.34	6.04	6.05	5165123	32010068
2010/8/9	6.28	6.32	6.24	6.31	5364960	33718364
2010/8/6	6.01	6.3	6.01	6.27	6411817	39694404
2010/8/5	6.12	6.15	6.03	6.07	3595570	21897664
2010/8/4	6.1	6.13	5.95	6.12	4587193	27688094
2010/8/3	6.3	6.31	6.11	6.11	5269278	32746232
2010/8/2	6.15	6.3	6.15	6.27	5820315	36354136
2010/7/30	6.12	6.24	6.05	6.19	6083104	37513564
2010/7/29	6.25	6.49	6.13	6.16	12768816	79584736
2010/7/28	5.95	6.18	5.85	6.13	6439649	38901772
2010/7/27	5.98	6.02	5.9	5.91	3350693	19944950
2010/7/26	5.89	6.02	5.87	5.98	3924735	23391720
2010/7/23	5.93	5.93	5.81	5.9	3702440	21710510
2010/7/22	5.82	5.95	5.77	5.91	3856965	22660680
2010/7/21	5.82	5.94	5.77	5.84	6479117	38021300
2010/7/20	5.64	5.82	5.61	5.81	4683051	26921806
2010/7/19	5.44	5.75	5.4	5.67	3011494	16819202
2010/7/16	5.45	5.55	5.35	5.45	1387228	7522215
2010/7/15	5.6	5.67	5.48	5.49	2076926	11585263
2010/7/14	5.57	5.75	5.56	5.64	2700202	15266512
2010/7/13	5.7	5.7	5.54	5.58	2603561	14580509
2010/7/12	5.78	5.8	5.67	5.75	5301097	30425280
2010/7/9	5.78	5.96	5.64	5.81	9997508	57622212
2010/7/8	5.6	5.84	5.53	5.81	3525033	19958054
2010/7/7	5.61	5.61	5.5	5.59	1456059	8098447.5
2010/7/6	5.48	5.62	5.43	5.61	2140929	11900441
2010/7/5	5.38	5.49	5.25	5.48	1565348	8429815
2010/7/2	5.37	5.47	5.16	5.42	2361227	12606440
2010/7/1	5.5	5.54	5.33	5.36	1603896	8749257
2010/6/30	5.57	5.58	5.48	5.51	1593006	8790734
2010/6/29	5.98	6.03	5.6	5.61	2452110	14212047
2010/6/28	6.05	6.12	5.97	5.97	922495	5556576.5
2010/6/25	6.15	6.15	5.99	6.08	1702472	10331321
2010/6/24	6.19	6.21	6.13	6.17	1197205	7376809
2010/6/23	6.18	6.25	6.12	6.2	1507117	9325709
2010/6/22	6.13	6.27	6.13	6.21	1874877	11661726
2010/6/21	6.09	6.21	6	6.19	1626760	9976835
2010/6/18	6.24	6.25	5.97	6.04	1635284	10005109
2010/6/17	6.29	6.31	6.22	6.24	1299277	8131973.5
2010/6/11	6.29	6.31	6.22	6.26	1828840	11435594
2010/6/10	6.21	6.36	6.2	6.27	2758314	17338240
2010/6/9	6.17	6.3	6.13	6.28	3196027	19864202
2010/6/8	6.05	6.14	6.03	6.12	1506576	9166864
2010/6/7	6.18	6.18	6.03	6.06	1626325	9898427
2010/6/4	6.08	6.27	6.07	6.2	1629320	10023255
2010/6/3	6.27	6.32	6.14	6.16	2025268	12670699
2010/6/2	6.1	6.37	6.08	6.27	1844171	11426770
2010/6/1	6.27	6.32	6.03	6.12	2553558	15788051
2010/5/31	6.47	6.58	6.36	6.37	3350609	21767616
2010/5/28	6.59	6.63	6.47	6.55	4036327	26457604
2010/5/27	6.41	6.55	6.34	6.53	3168747	20481098
2010/5/26	6.46	6.54	6.4	6.46	2193912	14195129
2010/5/25	6.6	6.66	6.36	6.45	4884018	31819780
2010/5/24	6.2	6.84	6.2	6.77	6564309	42628328
2010/5/21	6	6.23	5.9	6.22	2985406	18151650
2010/5/20	6.28	6.45	6.12	6.18	1943388	12278387
2010/5/19	6.32	6.47	6.32	6.37	2139284	13673021
2010/5/18	6.51	6.57	6.22	6.43	2689432	17222272
2010/5/17	6.85	6.95	6.5	6.53	3072317	20578052
2010/5/14	7.02	7.08	6.96	6.99	2536810	17810804
2010/5/13	6.96	7.09	6.82	7.09	3104165	21673998
2010/5/12	6.93	7.04	6.79	7	1764642	12233891
2010/5/11	7.22	7.24	6.95	6.97	2169604	15363567
2010/5/10	7.04	7.16	6.89	7.1	3696285	26017896
2010/5/7	7.1	7.19	7	7.03	2674688	18945102
2010/5/6	7.39	7.45	7.15	7.22	2622513	19097390
2010/5/5	7.2	7.47	7.05	7.45	3970253	28849312
2010/5/4	7.09	7.34	7.06	7.22	2034660	14683654
2010/4/30	7.57	7.61	7.15	7.24	3598390	26367928
2010/4/29	7.89	7.94	7.55	7.59	2820765	21943878
2010/4/28	7.78	7.95	7.77	7.86	2408699	18891878
2010/4/27	8.26	8.26	7.89	7.98	3945888	31559242
2010/4/26	8.23	8.35	8.22	8.25	3034317	25113974
2010/4/23	8.2	8.29	8.18	8.21	3345838	27570672
2010/4/22	8.25	8.28	8.13	8.19	3800378	31130818
2010/4/21	8.08	8.29	8.07	8.28	4038080	33107778
2010/4/20	7.98	8.09	7.9	8.08	3316995	26643100
2010/4/19	8.33	8.33	7.98	7.99	4626704	37876084
2010/4/16	8.35	8.41	8.23	8.36	2864516	23852162
2010/4/15	8.45	8.47	8.26	8.35	4072711	34084432
2010/4/14	8.25	8.44	8.22	8.44	5188088	43391332
2010/4/13	8.4	8.45	8.12	8.26	8407550	69706456
2010/4/12	8.71	8.71	8.4	8.42	14551014	123713120
2010/4/9	8.74	8.82	8.73	8.81	4187966	36759856
2010/4/8	8.81	8.85	8.71	8.74	6012675	52647144
2010/4/7	9	9.03	8.83	8.84	5545823	49323024
2010/4/6	8.93	9.01	8.87	9	6813549	60948012
2010/4/2	8.95	8.99	8.83	8.91	5559894	49485056
2010/4/1	8.79	8.99	8.77	8.95	7085302	63133068
2010/3/31	8.77	8.84	8.72	8.8	4385388	38496508
2010/3/30	8.9	8.93	8.73	8.81	4932204	43499716
2010/3/29	8.79	8.9	8.74	8.9	5754275	50762588
2010/3/26	8.7	8.8	8.55	8.79	7453252	64824024
2010/3/24	8.89	8.99	8.8	8.82	6408729	57094000
2010/3/23	8.86	9	8.85	8.89	5481195	48880620
2010/3/22	9.05	9.09	8.86	8.9	6068433	54124336
2010/3/19	8.94	9.09	8.91	9.04	8979876	80787136
2010/3/18	9.12	9.12	8.91	8.95	9750061	87685816
2010/3/17	9.15	9.36	9.02	9.17	23235638	212144672
2010/3/16	8.83	9.15	8.83	9.13	8348876	75340344
2010/3/15	8.89	9	8.71	8.94	6503399	57711664
2010/3/12	9	9.03	8.8	8.89	12671628	112865728
2010/3/11	9.31	9.7	9.08	9.09	26982751	251874000
2010/3/10	9.2	9.38	9.08	9.36	13034843	120337160
2010/3/9	9.4	9.78	9.15	9.23	27574457	260472224
2010/3/8	9	9.57	8.85	9.53	22571462	209401312
2010/3/5	8.84	9.08	8.6	9	12289132	109402264
2010/3/4	8.93	8.94	8.62	8.79	11492949	100829712
2010/3/3	8.7	9.14	8.7	8.88	19103600	170730208
2010/3/2	8.51	8.68	8.49	8.66	9028199	77692352
2010/3/1	8.31	8.54	8.28	8.48	5838049	49569328
2010/2/26	8.28	8.39	8.22	8.31	4305079	35853516
2010/2/25	8.26	8.31	8.22	8.29	4188324	34621040
2010/2/24	8.01	8.23	8	8.23	4106918	33483790
2010/2/23	8.02	8.08	7.85	8.05	2429862	19405544
2010/2/22	7.99	8.15	7.99	8.08	2912889	23521480
2010/2/12	7.93	8.07	7.91	8.05	2510746	20091088
2010/2/11	7.9	7.96	7.87	7.92	2279811	18037594
2010/2/10	7.87	7.92	7.82	7.9	2449991	19272406
2010/2/9	7.85	7.92	7.76	7.84	2291002	17952350
2010/2/8	7.83	7.93	7.83	7.85	1992443	15690589
2010/2/5	7.95	8.02	7.81	7.83	3332271	26348006
2010/2/4	8	8.19	7.98	8.11	4239943	34361596
2010/2/3	7.99	8.13	7.71	8.11	3935000	31154334
2010/2/2	8.1	8.22	7.98	8	2628532	21264562
2010/2/1	8.28	8.28	8	8.06	3043234	24644854
2010/1/29	8.21	8.38	8.14	8.26	3139430	26013658
2010/1/28	8.19	8.28	8	8.28	2899145	23738962
2010/1/27	8.28	8.34	8.02	8.18	2148267	17622550
2010/1/26	8.61	8.66	8.21	8.25	3286300	27504814
2010/1/25	8.72	8.74	8.54	8.56	2522960	21849610
2010/1/22	8.72	8.83	8.45	8.7	6274274	54582024
2010/1/21	8.77	8.89	8.73	8.82	3254034	28660978
2010/1/20	9.09	9.09	8.73	8.76	6305351	56226840
2010/1/19	9.19	9.19	9	9.09	7380332	66957796
2010/1/18	9.03	9.23	8.96	9.2	8510581	77617632
2010/1/15	9.08	9.12	8.98	9.03	6674970	60332828
2010/1/14	8.96	9.13	8.89	9.11	9687050	87791968
2010/1/13	8.8	9.05	8.73	8.93	7510975	67100476
2010/1/12	8.69	8.92	8.61	8.92	5057612	44663160
2010/1/11	8.73	8.82	8.65	8.65	3290646	28618998
2010/1/8	8.59	8.69	8.55	8.66	3436929	29667588
2010/1/7	8.93	8.95	8.54	8.59	6313583	55214072
2010/1/6	8.98	9.04	8.9	8.93	4770620	42827692
2010/1/5	8.97	9.01	8.85	8.98	4849689	43358448
2010/1/4	9.04	9.07	8.93	9	4981633	44799796
2009/12/31	8.93	8.99	8.87	8.96	4349743	38839980
2009/12/30	8.9	9.09	8.84	8.93	9412856	84332616
2009/12/29	8.79	8.85	8.65	8.83	4468488	39186828
2009/12/28	8.58	8.78	8.58	8.78	4771032	41492300
2009/12/25	8.63	8.71	8.52	8.57	3386593	29152900
2009/12/24	8.49	8.66	8.46	8.62	4790583	41153492
2009/12/23	8.25	8.48	8.2	8.48	3138174	26200862
2009/12/22	8.68	8.7	8.2	8.3	4023536	34112820
2009/12/21	8.4	8.66	8.4	8.66	3088989	26292574
2009/12/18	8.59	8.75	8.38	8.41	3849405	32857996
2009/12/17	9.09	9.12	8.67	8.7	4754582	42045504
2009/12/16	8.97	9.1	8.94	9.06	4342993	39237476
2009/12/15	8.9	9.14	8.84	8.99	5277511	47738236
2009/12/14	9.02	9.03	8.7	8.95	4686514	41426812
2009/12/11	9.08	9.16	8.98	9	4182139	37843340
2009/12/10	9.02	9.13	8.9	9.03	5122177	46201500
2009/12/9	9.28	9.28	8.9	9.01	6852176	62399500
2009/12/8	9.29	9.41	9.13	9.3	9593321	88980832
2009/12/7	9.09	9.35	9	9.31	8125802	74665392
2009/12/4	9.33	9.46	8.81	9.1	13400462	122480072
2009/12/3	9.15	9.39	9.02	9.33	14160702	131426528
2009/12/2	9.14	9.26	9.1	9.14	9362860	85849440
2009/12/1	8.8	9.15	8.75	9.12	9999173	90118616
2009/11/30	8.37	8.85	8.37	8.85	7221771	62218592
2009/11/27	8.58	8.73	8.29	8.31	6988467	59336176
2009/11/26	9.13	9.33	8.69	8.69	12207032	110680288
2009/11/25	8.79	9.18	8.7	9.12	8578124	76610120
2009/11/24	9.33	9.37	8.66	8.78	12045776	109459256
2009/11/23	9.07	9.3	9.07	9.28	9876260	90737776
2009/11/20	9.14	9.25	9.04	9.11	8737007	79824000
2009/11/19	9.09	9.22	9.04	9.2	10438054	95477656
2009/11/18	9.02	9.09	8.81	9.09	8200941	73563584
2009/11/17	9.06	9.11	8.95	9.02	8231395	74414416
2009/11/16	8.75	9.07	8.75	9.06	13085971	117136480
2009/11/13	8.66	8.78	8.51	8.71	5324276	46026876
2009/11/12	8.66	8.81	8.65	8.66	6153768	53727380
2009/11/11	8.73	8.81	8.6	8.65	5874810	51071896
2009/11/10	8.88	8.91	8.7	8.73	7756682	68014776
2009/11/9	8.74	8.93	8.69	8.87	8447717	74460616
2009/11/6	8.75	8.87	8.65	8.74	10383191	90986480
2009/11/5	8.7	8.75	8.55	8.68	8153133	70453920
2009/11/4	8.72	8.92	8.57	8.72	11349681	99259456
2009/11/3	8.57	8.84	8.47	8.75	14576037	126594616
2009/11/2	8.19	8.63	7.96	8.61	13764813	115045376
2009/10/30	8.36	8.45	8.2	8.3	12262885	102229864
2009/10/29	8.04	8.43	7.98	8.31	22863891	188406432
2009/10/28	8.01	8.07	7.85	8.07	4963635	39519384
2009/10/27	8.1	8.1	7.88	7.97	6761570	53761828
2009/10/26	8.2	8.3	8.11	8.18	3518404	28827906
2009/10/23	8.03	8.23	8	8.18	6481041	52757020
2009/10/22	8.13	8.14	7.9	8.03	6623678	53064536
2009/10/21	8.13	8.28	8.05	8.16	5496167	44831312
2009/10/20	8.07	8.18	8.01	8.17	7028261	56990928
2009/10/19	7.92	8.05	7.86	8.03	5591908	44721488
2009/10/16	8	8.05	7.77	7.95	2969420	23446918
2009/10/15	8.05	8.19	7.9	7.98	2881448	23042988
2009/10/14	8.1	8.18	7.93	7.97	5442569	43660676
2009/10/13	7.78	8.08	7.7	8.02	4215498	33485816
2009/10/12	7.75	7.84	7.55	7.79	2530387	19586228
2009/10/9	7.46	7.8	7.46	7.75	2527642	19377514
2009/9/30	7.39	7.43	7.3	7.39	2284791	16831754
2009/9/29	7.53	7.53	7.2	7.3	2263731	16570771
2009/9/28	7.65	7.78	7.41	7.44	1753453	13353588
2009/9/25	7.71	7.78	7.61	7.65	2026322	15594076
2009/9/24	7.68	7.9	7.45	7.79	3684334	28275884
2009/9/23	7.87	7.97	7.65	7.7	3131129	24512324
2009/9/22	8.11	8.2	7.85	7.87	3214959	25848314
2009/9/21	7.91	8.19	7.7	8.18	4375177	34669456
2009/9/18	8.4	8.49	8	8.07	7254581	60129008
2009/9/17	8.22	8.49	8.22	8.4	7023861	58993180
2009/9/16	8.26	8.36	8.13	8.23	5583216	45970920
2009/9/15	8.32	8.48	8.24	8.27	8310638	69383240
2009/9/14	8.02	8.23	7.98	8.2	6976096	56756708
2009/9/11	7.8	8.05	7.77	8.05	6725104	53533184
2009/9/10	7.87	7.98	7.77	7.86	5145323	40523640
2009/9/9	7.89	7.96	7.76	7.88	4981264	39155612
2009/9/8	7.8	7.98	7.7	7.95	6350372	49720340
2009/9/7	7.84	7.93	7.77	7.85	5031432	39518860
2009/9/4	7.64	7.9	7.59	7.8	5075240	39259300
2009/9/3	7.34	7.7	7.33	7.66	4639136	35021708
2009/9/2	7.33	7.42	7.2	7.32	2461365	18020266
2009/9/1	7.3	7.46	7.25	7.32	3492466	25661802
2009/8/31	7.71	7.78	7.3	7.3	3927651	29303492
2009/8/28	8.06	8.13	7.79	7.85	4094566	32410224
2009/8/27	7.97	8.19	7.9	8.08	6526865	52672792
2009/8/26	7.61	8.13	7.53	8.03	6026305	47645576
2009/8/25	7.91	7.93	7.36	7.68	4904763	37413980
2009/8/24	7.92	8.09	7.78	7.96	4772455	37923848
2009/8/21	7.63	7.92	7.58	7.91	5317798	41530240
2009/8/20	7.33	7.65	7.33	7.63	4460966	33652064
2009/8/19	7.89	7.91	7.3	7.34	5471170	41642896
2009/8/18	7.58	7.94	7.55	7.88	4528625	35112972
2009/8/17	8.38	8.38	7.6	7.61	5721788	45714584
2009/8/14	8.88	8.9	8.39	8.4	5747990	49440984
2009/8/13	8.96	9.06	8.77	8.89	6233438	55381724
2009/8/12	9.5	9.53	8.9	8.95	5893667	53922292
2009/8/11	9.58	9.59	9.37	9.5	3416349	32388902
2009/8/10	9.59	9.67	9.31	9.52	5674574	53937060
2009/8/7	9.47	9.73	9.32	9.39	9634275	92420304
2009/8/6	9.85	9.85	9.38	9.47	8402347	80334888
2009/8/5	10.1	10.1	9.68	9.83	11694206	115399976
2009/8/4	10.07	10.5	10.04	10.18	20029598	204982832
2009/8/3	9.59	10.11	9.47	10.06	19257987	190290896
2009/7/31	9.29	9.6	9.22	9.59	14388147	135398608
2009/7/30	9.32	9.55	8.92	9.29	12966913	119444168
2009/7/29	10.22	10.25	9.3	9.41	16425132	161517680
2009/7/28	10.45	10.58	10.09	10.33	15217013	155953824
2009/7/27	10.36	10.55	10.2	10.38	14752475	153107520
2009/7/24	10.35	10.64	10.02	10.33	20554060	211912416
2009/7/23	10.32	10.59	10.14	10.51	33728752	349542720
2009/7/22	9.4	10.37	9.38	10.37	40543193	411453344
2009/7/21	9.55	9.85	9.4	9.43	18404783	177586160
2009/7/20	9.35	9.66	9.27	9.55	13574606	128928976
2009/7/17	9.45	9.76	9.22	9.34	15397018	145697344
2009/7/16	9.21	9.68	9.15	9.51	22006439	207495616
2009/7/15	9.15	9.21	9.09	9.17	10583730	96775672
2009/7/14	9.1	9.19	9.05	9.15	10281863	93700632
2009/7/13	9.1	9.33	9.02	9.1	13867791	127363296
2009/7/10	9.01	9.29	9.01	9.08	14990705	136901248
2009/7/9	8.93	9.02	8.8	8.98	11295134	100800992
2009/7/8	8.71	8.99	8.71	8.94	15162861	134558912
2009/7/7	8.78	8.85	8.68	8.76	9949211	87209840
2009/7/6	8.6	8.79	8.49	8.78	12308595	106556264
2009/7/3	8.51	8.62	8.47	8.6	6800878	58168080
2009/7/2	8.49	8.59	8.46	8.56	5884800	50195012
2009/7/1	8.44	8.56	8.41	8.45	5753563	48734260
2009/6/30	8.61	8.62	8.45	8.49	5692825	48477616
2009/6/29	8.58	8.65	8.5	8.59	5306957	45422624
2009/6/26	8.61	8.63	8.49	8.6	4824248	41245696
2009/6/25	8.78	8.84	8.54	8.57	8208992	71074064
2009/6/24	8.77	8.97	8.74	8.8	8432847	74275016
2009/6/23	8.7	8.83	8.61	8.77	8198981	71609424
2009/6/22	8.82	8.98	8.67	8.81	11696494	103489552
2009/6/19	8.8	8.87	8.63	8.8	11002621	96228016
2009/6/18	8.55	8.79	8.51	8.77	12949219	112501904
2009/6/17	8.45	8.58	8.36	8.55	5744261	48696412
2009/6/16	8.5	8.55	8.38	8.45	4033373	34068968
2009/6/15	8.41	8.57	8.29	8.57	5035756	42481280
2009/6/12	8.55	8.68	8.4	8.45	12514941	107528896
2009/6/11	8.54	8.62	8.43	8.54	7628768	65012428
2009/6/10	8.43	8.54	8.37	8.54	7614864	64491200
2009/6/9	8.35	8.44	8.17	8.44	6404089	53012608
2009/6/8	8.43	8.48	8.25	8.3	5470357	45723508
2009/6/5	8.48	8.55	8.42	8.43	6679788	56666628
2009/6/4	8.68	8.68	8.33	8.47	10576682	89543464
2009/6/3	8.7	8.78	8.61	8.7	7570913	65646884
2009/6/2	8.64	8.84	8.56	8.74	10316599	90082784
2009/6/1	8.53	8.62	8.48	8.59	7000011	59917588
2009/5/27	8.47	8.59	8.4	8.48	7959492	67343696
2009/5/26	8.51	8.62	8.45	8.46	7168940	61301372
2009/5/25	8.25	8.59	8.09	8.56	12623610	104109264
2009/5/22	8.55	8.65	8.35	8.46	10347644	87953224
2009/5/21	8.76	8.84	8.47	8.52	12212900	105106240
2009/5/20	8.9	9.04	8.79	8.8	10311900	91799640
2009/5/19	9	9.02	8.8	8.92	7488900	66679244
2009/5/18	8.89	8.95	8.7	8.9	9380400	82444440
2009/5/15	8.89	8.99	8.78	8.96	7791600	69294128
2009/5/14	9.06	9.06	8.86	8.95	10464600	93583672
2009/5/13	9.76	9.76	9.2	9.22	22304600	209236064
2009/5/12	8.97	9.3	8.71	9.3	15440900	139913056
2009/5/11	9.26	9.57	8.88	9.02	22118900	204216480
2009/5/8	9.12	9.35	8.91	9.18	22340600	204902752
2009/5/7	8.65	9.07	8.6	9.03	23111900	204332320
2009/5/6	8.53	8.68	8.46	8.63	8902800	76406272
2009/5/5	8.5	8.59	8.35	8.59	10019900	84898912
2009/5/4	8.13	8.45	8.08	8.45	8572000	71271952
2009/4/30	8.2	8.22	8.03	8.11	6544600	53082300
2009/4/29	7.99	8.18	7.91	8.16	6808700	54958620
2009/4/28	7.74	7.98	7.66	7.94	5144100	40477084
2009/4/27	7.97	8.04	7.59	7.75	6571200	51032500
2009/4/24	8.33	8.35	7.97	7.99	7748700	62934036
2009/4/23	8.15	8.37	8.06	8.27	8010700	65572888
2009/4/22	8.74	8.86	8.08	8.11	12705300	107719640
2009/4/21	8.62	8.96	8.58	8.87	13469100	118034616
2009/4/20	8.16	8.77	8.16	8.66	15101000	128832480
2009/4/17	8.39	8.39	8.11	8.15	7073500	58125780
2009/4/16	8.4	8.45	8.2	8.39	11072900	92162024
2009/4/15	8.25	8.54	8.18	8.4	16902100	140777664
2009/4/14	8.09	8.16	7.87	8.1	9861600	79234080
2009/4/13	8.06	8.21	8	8.09	10671200	86239920
2009/4/10	7.9	8.07	7.72	8	11481600	91056480
2009/4/9	7.8	7.9	7.6	7.84	8989300	69798456
2009/4/8	8.05	8.07	7.77	7.8	17736300	140189568
2009/4/7	8.17	8.48	8.1	8.25	10289600	85174696
2009/4/3	8.4	8.47	8.07	8.16	17186900	141963664
2009/4/2	8.07	8.67	7.93	8.45	43632100	360773664
2009/4/1	7.35	8.05	7.35	8.05	41208700	326323488
2009/3/31	7.05	7.34	6.98	7.32	7433600	53056996
2009/3/30	7.3	7.35	7.2	7.23	8105100	58991808
2009/3/27	7.39	7.51	7.37	7.38	9501400	70654736
2009/3/26	7.33	7.56	7.19	7.44	8256900	60725536
2009/3/25	7.26	7.58	7.11	7.42	12817100	93910408
2009/3/24	7.48	7.55	7.32	7.38	10101300	74883400
2009/3/23	7.25	7.4	7.19	7.36	9402300	68922312
2009/3/20	7.3	7.33	7.1	7.2	8292600	59867896
2009/3/19	7.1	7.35	7.04	7.32	10245500	73841592
2009/3/18	7	7.21	6.95	7.08	8885300	63134264
2009/3/17	6.72	7.03	6.65	6.98	6243700	42966740
2009/3/16	6.79	6.79	6.57	6.74	3358800	22417096
2009/3/12	6.79	6.86	6.52	6.8	4011700	26889352
2009/3/11	6.95	6.99	6.73	6.86	4790900	32941146
2009/3/10	6.62	6.83	6.6	6.82	4430500	29700820
2009/3/9	7.21	7.31	6.7	6.71	7019000	49060876
2009/3/6	7.14	7.38	7.14	7.21	6307200	45730084
2009/3/5	7.35	7.45	7.16	7.28	13514600	98832760
2009/3/4	6.76	7.2	6.73	7.16	10665700	74491632
2009/3/3	6.56	6.8	6.45	6.74	7691900	51389068
2009/3/2	6.45	6.68	6.3	6.6	4300600	28260970
2009/2/27	6.83	7	6.28	6.5	9110300	60074264
2009/2/26	7.31	7.42	6.6	6.89	10222300	73944816
2009/2/25	7.3	7.45	7.11	7.33	9278200	67490336
2009/2/24	7.59	7.7	7.16	7.18	13103400	97322560
2009/2/23	7.43	7.8	7.3	7.7	12710000	95958240
2009/2/20	7.4	7.54	7.29	7.51	10776400	80107496
2009/2/19	7.25	7.4	7.05	7.37	12572800	90627648
2009/2/18	7.52	7.77	7.25	7.25	10175700	76165184
2009/2/17	8.15	8.19	7.75	7.8	11781900	93589376
2009/2/16	8.26	8.29	8.01	8.21	12909300	105253560
2009/2/13	7.87	8.27	7.82	8.13	12884300	103942248
2009/2/12	7.9	8.05	7.45	7.87	11710800	90679936
2009/2/11	8	8.3	7.65	7.88	25218000	203736224
2009/2/10	7.34	8.14	7.23	8.14	20123300	153691664
2009/2/9	7.25	7.41	7.12	7.4	14453000	105210184
2009/2/6	6.97	7.26	6.97	7.15	13883500	99446768
2009/2/5	7.24	7.27	6.85	6.93	11300000	80002848
2009/2/4	7.07	7.27	6.93	7.24	11707300	82906432
2009/2/3	6.9	7.13	6.88	7.04	11775100	82673552
2009/2/2	6.61	7	6.56	6.96	9188600	62534956
2009/1/23	6.7	6.7	6.48	6.5	6722600	44010024
2009/1/22	6.75	6.78	6.55	6.67	6725400	44703824
2009/1/21	6.51	6.85	6.5	6.68	7632100	51203804
2009/1/20	6.64	6.67	6.48	6.63	6594900	43300160
2009/1/19	6.54	6.7	6.45	6.61	9588600	63245108
2009/1/16	6.58	6.58	6.36	6.46	10936600	70653736
2009/1/15	6.26	6.47	6.23	6.35	9848600	62482884
2009/1/14	6.13	6.36	6.05	6.35	9112100	56945820
2009/1/13	6.1	6.34	6.08	6.16	7533500	46869960
2009/1/12	5.95	6.34	5.9	6.18	9567000	59467288
2009/1/9	5.79	6.06	5.76	5.98	6886800	40821620
2009/1/8	6.04	6.06	5.56	5.8	12256000	70999464
2009/1/7	6.24	6.28	6.09	6.18	8688900	53822844
2009/1/6	6	6.25	5.9	6.24	10942800	66980648
2009/1/5	5.82	6.05	5.76	6.03	7608300	45297348

:						
000155   						
      	    	    	    	    	    	    