2019/9/23	10.07	10.07	9.72	9.85	5960499	58510204
2019/9/20	10.15	10.2	9.99	10.14	5357513	54090236
2019/9/19	10.14	10.19	10.06	10.14	4140136	41887744
2019/9/18	10.15	10.22	10.04	10.09	4360982	44086748
2019/9/17	10.4	10.45	10.12	10.16	6969146	71312336
2019/9/16	10.33	10.54	10.26	10.49	7189737	74874360
2019/9/12	10.24	10.35	10.18	10.31	4683470	48059512
2019/9/11	10.5	10.5	10.17	10.19	6087450	62664848
2019/9/10	10.5	10.58	10.29	10.39	8665360	90163128
2019/9/9	10.35	10.57	10.25	10.5	11974907	125386312
2019/9/6	10.22	10.32	10.1	10.23	4898039	50074320
2019/9/5	10.08	10.31	10.07	10.15	8002290	81730160
2019/9/4	10.1	10.11	9.93	10.03	5974827	59907824
2019/9/3	9.89	10.17	9.85	10.14	7987531	79992688
2019/9/2	9.71	9.94	9.65	9.93	6624551	65169360
2019/8/30	9.93	9.96	9.66	9.8	5590400	54910112
2019/8/29	9.74	9.93	9.73	9.86	5451806	53671688
2019/8/28	9.8	9.91	9.6	9.77	5019800	48993412
2019/8/27	9.8	10	9.71	9.87	4536301	44861212
2019/8/26	9.6	9.72	9.46	9.65	4531756	43592356
2019/8/23	9.82	9.93	9.68	9.79	4475240	43796180
2019/8/22	10.15	10.2	9.85	9.99	8549268	85202192
2019/8/21	10.31	10.39	10.04	10.1	9562241	97316256
2019/8/20	10.26	10.52	10.25	10.45	7091759	74018616
2019/8/19	9.93	10.16	9.87	10.12	4845153	48655044
2019/8/16	9.68	9.85	9.62	9.76	3739299	36459468
2019/8/15	9.37	9.74	9.27	9.68	4345300	41335060
2019/8/14	9.57	9.65	9.47	9.5	3602183	34397440
2019/8/13	9.35	9.55	9.25	9.48	4169886	39438456
2019/8/12	9.21	9.36	9.12	9.35	3614544	33421392
2019/8/9	9.39	9.45	9.18	9.23	3196836	29748684
2019/8/8	9.44	9.45	9.3	9.35	3896201	36488580
2019/8/7	9.55	9.61	9.34	9.35	4340450	40962300
2019/8/6	9.9	9.9	9.4	9.47	6377275	60980612
2019/8/5	9.99	10.09	9.88	9.95	4613292	46209268
2019/8/2	10.19	10.19	9.9	9.97	6097480	61096172
2019/8/1	10.38	10.47	10.29	10.32	3004422	31101602
2019/7/31	10.5	10.56	10.41	10.47	2762300	28932376
2019/7/30	10.54	10.64	10.48	10.5	2981935	31469690
2019/7/29	10.51	10.62	10.46	10.49	3887242	40931432
2019/7/26	10.4	10.51	10.35	10.39	1932309	20140064
2019/7/25	10.32	10.48	10.32	10.4	2603400	27096000
2019/7/24	10.27	10.43	10.27	10.32	2610600	27057676
2019/7/23	10.2	10.27	10.14	10.24	2153931	21987116
2019/7/22	10.34	10.47	10.14	10.22	2772908	28439106
2019/7/19	10.21	10.47	10.21	10.33	1930295	20015888
2019/7/18	10.38	10.39	10.23	10.25	2544425	26160546
2019/7/17	10.52	10.54	10.4	10.44	1925000	20153738
2019/7/16	10.56	10.6	10.46	10.52	2004978	21106940
2019/7/15	10.31	10.64	10.12	10.51	5007750	52164500
2019/7/12	10.24	10.41	10.17	10.37	3055849	31558710
2019/7/11	10.31	10.4	10.18	10.24	3273520	33708580
2019/7/10	10.47	10.47	10.22	10.26	3227204	33255604
2019/7/9	10.3	10.46	10.29	10.39	3015707	31287072
2019/7/8	10.73	10.73	10.29	10.3	6634353	69321976
2019/7/5	10.73	10.75	10.61	10.75	3587805	38365228
2019/7/4	10.85	10.88	10.6	10.67	5527542	59313000
2019/7/3	11.07	11.1	10.75	10.85	5835294	63458716
2019/7/2	11.21	11.22	11	11.07	6867642	76230768
2019/7/1	11.19	11.26	11.08	11.21	10340294	115538688
2019/6/28	11.08	11.19	10.99	11.01	5327804	58934880
2019/6/27	11.24	11.38	11	11.11	9421611	105143704
2019/6/26	11.16	11.4	11.14	11.24	5690678	64190952
2019/6/25	11.23	11.36	11.1	11.2	7063037	79231248
2019/6/24	11.16	11.32	11.01	11.22	7070347	79120000
2019/6/21	11	11.35	10.93	11.22	9891347	110633728
2019/6/20	10.7	10.97	10.6	10.88	7953841	86281808
2019/6/19	10.8	10.88	10.63	10.65	6399455	68963472
2019/6/18	10.55	10.8	10.5	10.58	4518000	48031988
2019/6/17	10.53	10.75	10.46	10.65	6598018	70044856
2019/6/14	11.08	11.09	10.46	10.53	9881331	106248424
2019/6/13	11	11.17	10.93	11.1	5877160	64987596
2019/6/12	11.15	11.38	11.05	11.08	5885663	65815204
2019/6/11	11.03	11.3	10.6	11.23	8377599	92241184
2019/6/10	11.07	11.22	10.93	10.96	5544410	61453196
2019/6/6	11.32	11.47	10.96	11.08	8214188	92076000
2019/6/5	11.22	11.54	11.07	11.32	8537480	96702640
2019/6/4	11.39	11.43	11.03	11.08	6919038	77788904
2019/6/3	11.73	11.75	10.88	11.26	16667435	188670848
2019/5/31	11.85	12	11.65	11.8	12564776	148795792
2019/5/30	11.66	11.82	11.49	11.81	8373417	97658416
2019/5/29	11.6	11.85	11.54	11.66	8113508	94784104
2019/5/28	11.46	11.94	11.36	11.71	12582283	147825280
2019/5/27	11.23	11.4	11.07	11.33	4567541	51525172
2019/5/24	11.25	11.44	11.05	11.06	4686114	52631188
2019/5/23	11.65	11.75	11.04	11.24	8428351	95897192
2019/5/22	11.42	11.99	11.42	11.84	11229363	131804824
2019/5/21	11.56	11.76	11.38	11.42	7755747	89567592
2019/5/20	11.28	11.62	11	11.53	8316941	94578832
2019/5/17	11.7	11.82	11.19	11.19	8450910	96855656
2019/5/16	11.65	11.79	11.61	11.71	5738713	67049964
2019/5/15	11.58	11.86	11.41	11.69	9797216	114437448
2019/5/14	11.14	12.08	11.14	11.47	13033266	151427152
2019/5/13	11.09	11.38	10.94	11.37	8396625	93685968
2019/5/10	10.86	11.2	10.56	11.16	8201566	89833592
2019/5/9	10.76	10.88	10.51	10.76	6958357	74912872
2019/5/8	10.43	10.91	10.4	10.65	7089663	75995792
2019/5/7	10.6	10.78	10.31	10.66	7998704	85105560
2019/5/6	11.19	11.28	10.24	10.5	14026333	151692080
2019/4/30	11	11.5	11	11.37	8400214	95393016
2019/4/29	11.36	11.46	10.89	10.92	10470359	116352840
2019/4/26	11.65	11.75	11.38	11.42	10439808	120556456
2019/4/25	12.09	12.26	11.45	11.71	12432038	148993360
2019/4/24	12.21	12.29	11.85	12.09	13941982	167847568
2019/4/23	12	12.87	11.78	12.35	24066273	300823776
2019/4/22	12.06	12.18	11.88	12.09	9304600	111996768
2019/4/19	12.07	12.19	11.85	12.02	6417851	76889784
2019/4/18	12.07	12.33	11.95	12.05	10085331	122343144
2019/4/17	11.85	12.15	11.7	12	13200112	158534608
2019/4/16	11.56	11.91	11.25	11.87	11972727	138664512
2019/4/15	11.9	12.08	11.55	11.58	10065121	119023224
2019/4/12	11.63	11.85	11.61	11.71	8971900	105153368
2019/4/11	12.06	12.19	11.7	11.71	13556153	161419328
2019/4/10	12.2	12.25	11.96	12.12	13346286	161305232
2019/4/9	12.36	12.66	12.13	12.35	14519645	180415056
2019/4/8	12.33	12.74	12.25	12.35	19750152	245426976
2019/4/4	12.28	12.55	12.02	12.22	17488660	214272176
2019/4/3	12.32	12.37	11.96	12.35	21107352	256042048
2019/4/2	12.69	12.89	12.24	12.39	24347620	306273184
2019/4/1	12.25	12.88	12.2	12.69	26390068	331432096
2019/3/29	11.65	12.26	11.65	12.19	19003048	228559456
2019/3/28	12.03	12.48	11.66	11.74	24398035	293854880
2019/3/27	12.2	12.3	11.81	12.24	24953696	301525248
2019/3/26	12.83	13.04	11.91	12	36900278	458176352
2019/3/25	13.53	13.78	12.83	12.94	47001854	625820672
2019/3/22	13.89	13.89	13.06	13.89	74457791	1010375872
2019/3/21	11.84	12.63	11.8	12.63	23798723	292002176
2019/3/20	10.96	11.53	10.92	11.48	24929013	280990592
2019/3/19	10.65	11.12	10.64	10.94	18668268	203343104
2019/3/18	10.58	10.7	10.48	10.66	11012389	116859040
2019/3/15	10.57	10.69	10.36	10.37	12883864	135865296
2019/3/14	10.9	11.05	10.32	10.47	22101330	233761664
2019/3/13	11.33	11.88	10.97	11.1	31211467	357923328
2019/3/12	11.05	11.79	11	11.27	32029812	363223360
2019/3/11	10.61	10.95	10.61	10.92	17645688	190378352
2019/3/8	10.91	11.24	10.6	10.61	19520305	213243200
2019/3/7	11.18	11.3	10.94	11.2	20809744	231234064
2019/3/6	11.41	11.42	10.97	11.2	27443297	305543200
2019/3/5	10.75	11.45	10.61	11.45	29543052	329317376
2019/3/4	10.7	11	10.55	10.67	25028237	268807840
2019/3/1	10.13	10.16	9.95	10.07	8016861	80551920
2019/2/28	10.02	10.23	10	10.05	8830399	89202272
2019/2/27	10	10.3	9.93	10.02	14477801	146321744
2019/2/26	9.82	10.25	9.71	10	18931827	189371136
2019/2/25	9.45	9.93	9.45	9.9	15062249	145767280
2019/2/22	9.06	9.34	9.05	9.32	9403499	86809152
2019/2/21	9.2	9.31	9.07	9.08	9738591	89630992
2019/2/20	9.11	9.35	9.02	9.22	7527220	69045744
2019/2/19	9.15	9.29	8.99	9.12	7517012	68578352
2019/2/18	8.89	9.18	8.87	9.18	7110766	64364876
2019/2/15	8.82	8.95	8.82	8.85	4172168	37010556
2019/2/14	8.88	8.98	8.77	8.89	6322152	56041764
2019/2/13	8.75	8.89	8.71	8.88	7189636	63463708
2019/2/12	8.69	8.84	8.65	8.74	5936201	51880132
2019/2/11	8.55	8.71	8.51	8.69	5536972	47813924
2019/2/1	8.25	8.55	8.25	8.53	3927533	33037066
2019/1/31	8.38	8.38	8.13	8.24	4924589	40781160
2019/1/30	8.25	8.44	8.21	8.35	4047704	33850616
2019/1/29	8.51	8.55	8.18	8.27	4760561	39580852
2019/1/28	8.57	8.6	8.5	8.5	3546823	30325096
2019/1/25	8.57	8.64	8.5	8.51	4168569	35674168
2019/1/24	8.54	8.64	8.44	8.6	4766143	40819868
2019/1/23	8.49	8.59	8.45	8.51	3417790	29087980
2019/1/22	8.6	8.68	8.46	8.55	4449583	38102376
2019/1/21	8.55	8.69	8.5	8.59	5349929	46115772
2019/1/18	8.46	8.53	8.4	8.5	3703519	31354514
2019/1/17	8.57	8.6	8.45	8.47	3912073	33339050
2019/1/16	8.61	8.66	8.53	8.55	4278361	36773216
2019/1/15	8.49	8.63	8.43	8.61	6051036	51636508
2019/1/14	8.51	8.61	8.46	8.54	5193117	44253552
2019/1/11	8.47	8.59	8.45	8.49	3636917	30902874
2019/1/10	8.45	8.58	8.42	8.46	4074286	34622152
2019/1/9	8.61	8.73	8.47	8.5	7273596	62655712
2019/1/8	8.52	8.65	8.48	8.59	4429476	38028112
2019/1/7	8.3	8.68	8.29	8.54	9361847	79540768
2019/1/4	7.98	8.31	7.93	8.29	6395641	52509080
2019/1/3	7.98	8.15	7.97	8.04	3150726	25447716
2019/1/2	7.96	8.06	7.93	7.98	3003921	24018766
2018/12/28	8.03	8.11	7.9	7.93	4537707	36326996
2018/12/27	8.18	8.23	8.02	8.05	6536014	53151388
2018/12/26	8.01	8.35	8	8.14	9620656	78163920
2018/12/25	8.15	8.17	7.9	8.05	6162463	49293308
2018/12/24	8.19	8.29	8.15	8.22	3215400	26472044
2018/12/21	8.14	8.25	8.13	8.18	3433330	28105872
2018/12/20	8.3	8.32	8.11	8.19	5751746	47175912
2018/12/19	8.33	8.42	8.27	8.33	3881360	32407932
2018/12/18	8.26	8.37	8.18	8.33	5191026	42991080
2018/12/17	8.43	8.5	8.27	8.37	4715546	39487788
2018/12/14	8.69	8.76	8	8.46	6756305	58090400
2018/12/13	8.75	8.81	8.59	8.71	5931679	51714376
2018/12/12	8.9	8.98	8.71	8.74	5449094	47958452
2018/12/11	8.65	8.93	8.65	8.92	9158030	80679264
2018/12/10	8.71	8.77	8.6	8.65	4999362	43302916
2018/12/7	8.87	8.93	8.66	8.76	5586244	49039320
2018/12/6	9.02	9.08	8.81	8.83	7279224	64950752
2018/12/5	9.01	9.15	8.92	9.04	7650096	69230480
2018/12/4	9.11	9.23	9.05	9.18	8832213	80831920
2018/12/3	9.1	9.36	9.03	9.19	13644837	125412200
2018/11/30	9.2	9.22	8.75	8.92	17752382	159860112
2018/11/29	10.17	10.43	9.25	9.34	33740308	333828704
2018/11/28	8.96	9.81	8.88	9.81	16405488	155389584
2018/11/27	9	9.16	8.89	8.92	7201375	64882368
2018/11/26	8.85	9.12	8.8	9.01	9787787	87935072
2018/11/23	9.22	9.25	8.63	8.63	7848275	70046208
2018/11/22	9.19	9.29	9.12	9.22	5198202	47865684
2018/11/21	9.16	9.3	9.07	9.22	5047388	46352116
2018/11/20	9.32	9.48	9.2	9.21	6684910	62131920
2018/11/19	9.52	9.6	9.29	9.39	8420822	78962952
2018/11/16	9.09	9.74	9.06	9.51	12919746	121343832
2018/11/15	8.83	9.08	8.8	9.05	9836298	88443864
2018/11/14	8.67	8.98	8.67	8.77	10335377	91225768
2018/11/13	8.41	8.87	8.38	8.75	12753540	110926680
2018/11/12	8.1	8.5	8.07	8.5	7440934	62042436
2018/11/9	8.1	8.17	8.01	8.1	4734739	38338204
2018/11/8	8.27	8.28	8.1	8.11	4696568	38534632
2018/11/7	8.29	8.33	8.2	8.22	4705262	38941724
2018/11/6	8.28	8.32	8.18	8.27	4551337	37495776
2018/11/5	8.28	8.36	8.2	8.34	5535105	45904828
2018/11/2	8.19	8.33	8.18	8.3	5682854	46971480
2018/11/1	8.18	8.24	8.11	8.14	5455495	44625288
2018/10/31	8.09	8.17	8.06	8.13	4332424	35181664
2018/10/30	8.09	8.14	8.01	8.08	3674192	29711866
2018/10/29	8.18	8.22	8.05	8.07	2756511	22406096
2018/10/26	8.15	8.27	8.13	8.22	2164388	17756684
2018/10/25	7.99	8.15	7.93	8.12	2266533	18220394
2018/10/24	8.15	8.28	8.1	8.17	2094977	17154790
2018/10/23	8.26	8.28	8.11	8.15	2350395	19244104
2018/10/22	7.98	8.36	7.95	8.26	4667843	38279316
2018/10/19	7.6	7.97	7.6	7.95	2027343	15884910
2018/10/18	7.74	7.92	7.65	7.8	3375001	26341680
2018/10/17	7.94	7.95	7.68	7.84	2590804	20263250
2018/10/16	8.06	8.12	7.82	7.84	2829509	22513684
2018/10/15	8.25	8.3	8.03	8.06	2388996	19584214
2018/10/12	8.22	8.36	8.01	8.25	3300803	27112552
2018/10/11	8.61	8.71	8.21	8.26	6625069	56173828
2018/10/10	8.76	8.85	8.61	8.79	4083122	35645936
2018/10/9	8.88	8.97	8.75	8.78	2828726	25045510
2018/10/8	8.8	8.93	8.7	8.89	4802668	42368120
2018/9/28	8.8	8.91	8.78	8.91	3387907	30017190
2018/9/27	8.84	8.91	8.77	8.83	4491831	39752020
2018/9/26	8.79	8.89	8.7	8.86	5256900	46322920
2018/9/25	8.81	8.81	8.68	8.76	3612600	31594762
2018/9/21	8.76	8.9	8.66	8.86	4036271	35420468
2018/9/20	8.69	8.77	8.63	8.72	3275759	28520632
2018/9/19	8.61	8.8	8.58	8.69	4494736	39175280
2018/9/18	8.5	8.62	8.42	8.61	2455485	20980416
2018/9/17	8.58	8.61	8.35	8.5	4419932	37418716
2018/9/14	8.56	8.73	8.53	8.57	4041794	34929784
2018/9/13	8.52	8.58	8.44	8.58	4249944	36287724
2018/9/12	8.42	8.54	8.36	8.49	3242360	27468642
2018/9/11	8.22	8.45	8.19	8.43	3973213	33188206
2018/9/10	8.37	8.41	8.19	8.21	3162948	26147176
2018/9/7	8.42	8.54	8.31	8.41	3835557	32350002
2018/9/6	8.41	8.52	8.29	8.47	4466524	37554260
2018/9/5	8.57	8.6	8.4	8.41	4083035	34667768
2018/9/4	8.22	8.57	8.2	8.53	6951756	58538256
2018/9/3	8.23	8.3	8.12	8.21	3116061	25511540
2018/8/31	8.31	8.33	8.21	8.23	3223348	26606284
2018/8/30	8.4	8.4	8.26	8.32	3133871	26066730
2018/8/29	8.34	8.47	8.34	8.41	2512902	21092850
2018/8/28	8.35	8.42	8.34	8.36	2428859	20347136
2018/8/27	8.21	8.4	8.17	8.38	5480491	45522828
2018/8/24	8.25	8.25	8.09	8.2	3665795	29949398
2018/8/23	8.2	8.3	8.15	8.28	3041864	25012476
2018/8/22	8.23	8.26	8.16	8.18	2501801	20516018
2018/8/21	8.18	8.23	8.09	8.22	4223416	34521872
2018/8/20	8.25	8.38	8.1	8.36	3831824	31555056
2018/8/17	8.37	8.4	8.19	8.23	2971400	24701246
2018/8/16	8.35	8.45	8.25	8.31	3055181	25502596
2018/8/15	8.59	8.64	8.4	8.43	3620840	30816208
2018/8/14	8.57	8.65	8.5	8.6	4765450	40820132
2018/8/13	8.5	8.56	8.38	8.53	4804756	40647532
2018/8/10	8.58	8.61	8.51	8.58	5320879	45517848
2018/8/9	8.44	8.63	8.35	8.57	7370245	63038944
2018/8/8	8.55	8.56	8.38	8.44	4772839	40469444
2018/8/7	8.49	8.57	8.32	8.57	6881209	58415936
2018/8/6	8.57	8.65	8.38	8.43	4476686	38199468
2018/8/3	8.57	8.67	8.52	8.55	3176960	27238664
2018/8/2	8.92	8.94	8.39	8.58	7654404	65964568
2018/8/1	9.18	9.22	8.95	8.96	6664100	60505200
2018/7/31	9.29	9.29	9.14	9.19	4561576	42002584
2018/7/30	9.37	9.41	9.18	9.23	3883637	36092904
2018/7/27	9.51	9.51	9.38	9.39	4263460	40224560
2018/7/26	9.32	9.64	9.32	9.5	9794448	93040656
2018/7/25	9.38	9.55	9.35	9.4	6534737	61635852
2018/7/24	9.22	9.39	9.17	9.38	6331834	59032012
2018/7/23	9.12	9.22	9.02	9.2	5515470	50383060
2018/7/20	9.12	9.15	8.89	9.11	8436435	75916496
2018/7/19	9.3	9.39	9.16	9.19	6402200	59311524
2018/7/18	9.2	9.31	9.12	9.16	7478361	68707952
2018/7/17	9.4	9.4	9.14	9.26	6616852	61416188
2018/7/16	9.54	9.55	9.32	9.35	6906355	64830596
2018/7/13	9.52	9.61	9.46	9.55	4122696	39211896
2018/7/12	9.33	9.61	9.33	9.52	8343046	79043288
2018/7/11	9.55	9.55	9.23	9.28	5201548	48611132
2018/7/10	9.65	9.66	9.5	9.59	4730125	45302108
2018/7/9	9.51	9.65	9.47	9.59	5514043	52619116
2018/7/6	9.5	9.65	9.24	9.44	6763241	64100464
2018/7/5	10.07	10.07	9.5	9.54	6165959	60089228
2018/7/4	9.73	10.65	9.69	9.99	9901234	99499624
2018/7/3	9.66	9.83	9.46	9.73	5409963	52443960
2018/7/2	9.65	9.87	9.6	9.7	4432552	43122900
2018/6/29	9.37	9.78	9.37	9.64	5523822	52908544
2018/6/28	9.62	9.75	9.33	9.35	7704010	73759392
2018/6/27	9.49	10.09	9.49	9.7	17960277	175284768
2018/6/26	10.26	10.26	10.26	10.26	1551900	15922494
2017/12/25	11.82	11.87	11.32	11.4	6094399	70490144
2017/12/22	11.84	11.93	11.8	11.89	2575585	30597278
2017/12/21	11.86	11.95	11.75	11.85	4929323	58434812
2017/12/20	12.07	12.08	11.95	11.99	4975514	59774920
2017/12/19	12.19	12.25	12	12.05	8415642	101851768
2017/12/18	12.55	12.55	12.11	12.19	4911551	60238372
2017/12/15	12.59	12.61	12.41	12.49	3901769	48737708
2017/12/14	12.58	12.63	12.4	12.63	5138710	64268136
2017/12/13	12.66	12.74	12.57	12.63	4720528	59560320
2017/12/12	12.97	13.02	12.67	12.74	5647603	72329232
2017/12/11	12.93	13.03	12.92	12.97	4933902	63998128
2017/12/8	12.94	13.05	12.82	12.88	5070482	65577052
2017/12/7	12.93	13	12.82	12.9	4573478	59148772
2017/12/6	13.04	13.15	12.8	12.95	2987530	38653284
2017/12/5	13.44	13.44	13	13.1	3270699	43171376
2017/12/4	13.32	13.51	13.29	13.45	3524681	47410624
2017/12/1	13.28	13.42	13.12	13.36	2118737	28253574
2017/11/30	13.3	13.38	13.25	13.28	1356600	18077164
2017/11/29	13.33	13.38	13.14	13.33	1921980	25505598
2017/11/28	13.28	13.44	13.28	13.37	1050150	14041470
2017/11/27	13.33	13.41	13.23	13.28	2148174	28547258
2017/11/24	13.33	13.52	13.33	13.41	1802243	24190242
2017/11/23	13.48	13.66	13.35	13.42	3412572	46003752
2017/11/22	13.44	13.58	13.28	13.52	1888913	25433504
2017/11/21	13.33	13.48	13.22	13.44	2693752	35999740
2017/11/20	13.1	13.35	13.02	13.31	3237404	42655920
2017/11/17	13.87	13.94	13.06	13.11	6497499	87412048
2017/11/16	13.97	14.02	13.86	13.88	1860846	25873376
2017/11/15	13.85	14.17	13.85	13.97	3438269	48328528
2017/11/14	13.98	14.01	13.85	13.87	2474894	34437232
2017/11/13	14.09	14.14	13.88	13.97	3028314	42366812
2017/11/10	14.13	14.14	14.06	14.08	3498485	49306568
2017/11/9	14.09	14.18	14.07	14.11	2872493	40589196
2017/11/8	14.09	14.25	13.99	14.11	3971002	56180612
2017/11/7	13.88	14.09	13.84	14.03	2115172	29571352
2017/11/6	13.83	13.91	13.75	13.88	1924782	26667336
2017/11/3	13.9	14.01	13.76	13.85	1974642	27399948
2017/11/2	13.99	14.06	13.9	13.92	2278486	31721794
2017/11/1	14.05	14.05	13.96	14.02	2530275	35432216
2017/10/31	13.91	14.03	13.9	14.01	2677974	37445968
2017/10/30	14.25	14.27	13.9	13.98	4363054	61046512
2017/10/27	14.18	14.25	14.11	14.25	5658078	80286608
2017/10/26	14.21	14.21	14.12	14.16	3112790	44082856
2017/10/25	14.08	14.22	14.08	14.21	4376124	61776564
2017/10/24	14.25	14.25	14	14.1	3532470	49814692
2017/10/23	14.21	14.3	14.18	14.24	2837659	40334056
2017/10/20	14.16	14.28	14.03	14.28	3125021	44278404
2017/10/19	14.5	14.53	14.15	14.17	4219319	60263108
2017/10/18	14.54	14.59	14.4	14.42	2104958	30519380
2017/10/17	14.65	14.65	14.48	14.54	2071871	30134022
2017/10/16	14.83	14.87	14.51	14.53	3660912	53737808
2017/10/13	14.87	14.88	14.75	14.84	2512038	37228164
2017/10/12	14.78	14.95	14.7	14.81	3331807	49339792
2017/10/11	14.79	14.93	14.7	14.75	4140125	61365456
2017/10/10	14.75	14.82	14.63	14.81	4232207	62363440
2017/10/9	14.52	14.76	14.46	14.71	4978533	72969464
2017/9/29	14.32	14.44	14.26	14.43	2207004	31771612
2017/9/28	14.43	14.43	14.29	14.29	2135500	30673988
2017/9/27	14.38	14.45	14.35	14.42	1505463	21690340
2017/9/26	14.34	14.41	14.33	14.39	1767626	25399536
2017/9/25	14.55	14.58	14.34	14.37	2521229	36448600
2017/9/22	14.54	14.56	14.36	14.5	3583330	51719628
2017/9/21	14.74	14.78	14.56	14.56	4579401	67229880
2017/9/20	14.64	14.74	14.64	14.72	3221356	47337108
2017/9/19	14.72	14.76	14.63	14.69	3906615	57428772
2017/9/18	14.74	14.81	14.6	14.71	4704660	69154320
2017/9/15	14.71	14.82	14.65	14.73	4416513	65044404
2017/9/14	14.74	14.83	14.65	14.73	3963879	58409152
2017/9/13	14.84	14.87	14.72	14.78	3307516	48902244
2017/9/12	15	15.03	14.78	14.84	6320211	94025224
2017/9/11	14.98	15.07	14.9	14.97	3560976	53327172
2017/9/8	14.96	15.07	14.92	15	3771673	56530952
2017/9/7	15.16	15.2	14.95	14.95	4680764	70474248
2017/9/6	15.12	15.23	15	15.14	3920111	59158748
2017/9/5	15.21	15.26	15.09	15.11	3752711	56796984
2017/9/4	14.95	15.25	14.9	15.24	6566405	99335160
2017/9/1	15.02	15.03	14.87	14.94	4536808	67721528
2017/8/31	15.07	15.12	15	15.02	3207915	48256256
2017/8/30	14.9	15.13	14.9	15.13	3792088	56867792
2017/8/29	15	15.14	14.89	14.95	4139640	62157844
2017/8/28	14.97	15.07	14.82	14.97	4741663	71050824
2017/8/25	14.67	14.9	14.66	14.88	2759860	40912324
2017/8/24	14.75	14.8	14.63	14.67	2203298	32406042
2017/8/23	14.82	14.89	14.65	14.72	2769200	40837760
2017/8/22	14.96	14.98	14.77	14.82	3510918	52215940
2017/8/21	14.85	15.05	14.61	14.96	3741306	55817444
2017/8/18	14.94	14.99	14.83	14.84	3795478	56584912
2017/8/17	15.02	15.15	14.9	15.08	4628867	69587216
2017/8/16	14.69	15.04	14.66	15.04	5708720	85117064
2017/8/15	14.85	14.86	14.53	14.74	3275577	48087892
2017/8/14	14.52	14.89	14.52	14.85	2095095	30934200
2017/8/11	14.7	14.82	14.52	14.55	2806484	41236544
2017/8/10	14.92	14.97	14.59	14.63	3714833	54750356
2017/8/9	14.98	15.1	14.88	14.96	4137805	61953008
2017/8/8	14.96	15.02	14.79	14.99	4215800	62768292
2017/8/7	14.52	15.09	14.49	14.96	6186745	92198448
2017/8/4	14.62	14.68	14.5	14.52	2336300	34072516
2017/8/3	14.47	14.66	14.3	14.59	2670885	38820832
2017/8/2	14.68	14.73	14.5	14.54	2320036	33906876
2017/8/1	14.68	14.7	14.56	14.68	2347319	34355872
2017/7/31	14.55	14.69	14.43	14.65	2630705	38409820
2017/7/28	14.65	14.66	14.49	14.5	2785971	40535888
2017/7/27	14.32	14.76	14.3	14.65	4432785	64533680
2017/7/26	14.37	14.51	14.26	14.37	1697501	24381608
2017/7/25	14.29	14.52	14.22	14.39	2975191	42780820
2017/7/24	14.23	14.32	14.16	14.3	1777078	25305700
2017/7/21	14.15	14.34	14.1	14.3	1935659	27538894
2017/7/20	14.08	14.2	14.01	14.17	1553972	21970370
2017/7/19	13.96	14.15	13.87	14.09	2566809	35906720
2017/7/18	13.92	14	13.83	13.97	2308691	32131674
2017/7/17	14.41	14.47	13.89	13.91	6160660	86707784
2017/7/14	14.57	14.59	14.45	14.48	1604541	23288724
2017/7/13	14.52	14.64	14.46	14.55	1671543	24311678
2017/7/12	14.74	14.8	14.4	14.53	3380536	49203948
2017/7/11	14.88	14.9	14.75	14.76	2465786	36559112
2017/7/10	14.94	15.02	14.86	14.89	3180125	47440720
2017/7/7	14.92	14.97	14.85	14.93	2346001	34969692
2017/7/6	14.95	15	14.86	14.97	2559619	38237604
2017/7/5	14.94	15.02	14.8	15.02	5058056	75528664
2017/7/4	14.94	14.94	14.79	14.8	2624600	38939028
2017/7/3	14.91	15.02	14.83	14.94	2358664	35142396
2017/6/30	15.05	15.1	14.85	14.91	2252888	33668112
2017/6/29	14.88	15.03	14.76	15	2195542	32844144
2017/6/28	14.91	14.97	14.87	14.92	2030913	30285866
2017/6/27	14.89	15.04	14.84	14.92	3051655	45635708
2017/6/26	14.76	14.95	14.69	14.89	3741973	55508284
2017/6/23	14.74	14.83	14.4	14.78	3432568	50244436
2017/6/22	14.7	14.88	14.7	14.75	3997287	59119600
2017/6/21	14.95	14.99	14.69	14.76	4044056	59815836
2017/6/20	15	15.07	14.87	14.9	4687454	69952936
2017/6/19	14.85	15.04	14.8	14.98	5175407	77341216
2017/6/16	14.78	14.99	14.74	14.83	5995003	89006760
2017/6/15	14.6	14.87	14.55	14.77	5235811	77273848
2017/6/14	14.64	14.72	14.54	14.6	2796163	40834532
2017/6/13	14.42	14.66	14.42	14.6	2911687	42448772
2017/6/12	14.76	14.78	14.42	14.45	4400213	64339372
2017/6/9	14.68	14.8	14.61	14.78	3832426	56285764
2017/6/8	14.88	15	14.7	14.72	4439473	65853872
2017/6/7	14.52	14.95	14.46	14.9	4939881	72843408
2017/6/6	14.59	14.68	14.4	14.51	3220553	46660272
2017/6/5	14.35	14.48	14.17	14.43	2813037	40404176
2017/6/2	14.05	14.38	14.03	14.31	2797934	39708100
2017/6/1	14.56	14.65	13.99	14.1	3252143	46716856
2017/5/31	14.66	14.77	14.48	14.52	2705858	39657220
2017/5/26	14.53	14.62	14.42	14.56	2538458	36958464
2017/5/25	14.32	14.61	14.2	14.54	3117967	44899888
2017/5/24	14.22	14.43	14.1	14.37	2402315	34294292
2017/5/23	14.66	14.7	14.24	14.25	3634247	52662532
2017/5/22	15.04	15.04	14.55	14.63	3248579	48139272
2017/5/19	15.06	15.07	14.88	15.03	2449577	36704972
2017/5/18	14.95	15.11	14.9	15.03	2371947	35628972
2017/5/17	15.09	15.23	15.05	15.09	3789226	57348676
2017/5/16	14.97	15.2	14.72	15.17	4693079	69949848
2017/5/15	14.98	15.07	14.85	15	2936044	43987952
2017/5/12	15.3	15.31	14.88	14.93	5565221	83850728
2017/5/11	15.3	15.68	15.07	15.38	6968563	107510576
2017/5/10	15.25	15.42	15.05	15.06	4341137	66262564
2017/5/9	15.22	15.33	15.16	15.24	2407468	36697552
2017/5/8	15.35	15.48	15.21	15.27	2850332	43710564
2017/5/5	15.71	15.71	15.32	15.32	5002126	77252080
2017/5/4	15.65	15.84	15.63	15.72	3195004	50283072
2017/5/3	16.06	16.08	15.61	15.67	4998446	78866256
2017/5/2	16.23	16.23	15.93	16.03	2526590	40631640
2017/4/28	16.27	16.27	16.07	16.24	1839482	29768638
2017/4/27	16.21	16.4	15.95	16.29	4136909	66796996
2017/4/26	16.11	16.33	15.89	16.22	3210513	51585844
2017/4/25	16.11	16.33	16.11	16.18	2303819	37269268
2017/4/24	16.51	16.6	16	16.14	3909597	63214408
2017/4/21	16.5	16.67	16.41	16.51	2282622	37760204
2017/4/20	16.61	16.62	16.35	16.5	2890203	47611408
2017/4/19	16.81	16.97	16.36	16.62	3794462	62839112
2017/4/18	16.84	16.95	16.77	16.82	3059679	51650244
2017/4/17	16.85	16.96	16.76	16.86	2632324	44358844
2017/4/14	16.87	16.92	16.78	16.86	3023381	50923660
2017/4/13	16.76	16.96	16.75	16.87	2920954	49318604
2017/4/12	16.84	16.99	16.76	16.8	3151843	53201608
2017/4/11	16.9	16.99	16.69	16.93	4350682	73229912
2017/4/10	17.05	17.11	16.88	16.91	3428538	58175048
2017/4/7	17.1	17.17	17.03	17.1	2227619	38060484
2017/4/6	17.1	17.26	16.99	17.1	3081001	52734800
2017/4/5	16.94	17.12	16.88	17.08	3160679	53834560
2017/3/31	16.93	17.08	16.81	16.95	2141378	36230620
2017/3/30	17	17.11	16.74	16.83	4158367	70332888
2017/3/29	17.19	17.24	17.04	17.05	3922900	67049060
2017/3/28	17.41	17.47	17.13	17.15	4887753	84403280
2017/3/27	17.39	17.63	17.25	17.48	5344154	93273856
2017/3/24	17.34	17.34	17.2	17.29	2957829	51069192
2017/3/23	17.35	17.46	17.23	17.32	3026218	52445176
2017/3/22	17.36	17.43	17.25	17.27	3524994	61064924
2017/3/21	17.51	17.56	17.37	17.41	2763702	48204024
2017/3/20	17.49	17.54	17.42	17.5	2718545	47470116
2017/3/17	17.71	17.72	17.5	17.52	3460229	61000712
2017/3/16	17.52	17.67	17.51	17.65	2646486	46563524
2017/3/15	17.69	17.7	17.39	17.52	2940961	51512168
2017/3/14	17.8	17.82	17.46	17.52	3455447	60834216
2017/3/13	17.6	17.75	17.38	17.72	3067189	53883588
2017/3/10	17.65	17.74	17.55	17.6	2311055	40748432
2017/3/9	17.78	17.83	17.6	17.63	2391009	42357612
2017/3/8	17.93	17.93	17.7	17.78	2797652	49828928
2017/3/7	17.95	18.02	17.83	17.93	2864658	51258148
2017/3/6	17.8	18.01	17.76	17.93	3505593	62789812
2017/3/3	17.82	17.84	17.68	17.75	2898480	51398764
2017/3/2	18.03	18.04	17.77	17.82	2981007	53312596
2017/3/1	17.98	18.09	17.83	18.03	5637308	101455096
2017/2/28	17.73	18.07	17.73	17.94	7213139	129348856
2017/2/27	17.8	17.9	17.7	17.72	4705236	83731928
2017/2/24	17.64	17.82	17.61	17.8	5049450	89562968
2017/2/23	17.74	17.77	17.58	17.64	5830884	102933192
2017/2/22	17.7	17.85	17.64	17.78	4653465	82588192
2017/2/21	17.56	17.75	17.49	17.71	4524631	79907968
2017/2/20	17.42	17.57	17.38	17.55	3464234	60441368
2017/2/17	17.6	17.68	17.4	17.4	3457007	60601152
2017/2/16	17.48	17.76	17.44	17.62	3973413	69636696
2017/2/15	17.79	17.83	17.48	17.51	3362593	59420772
2017/2/14	17.67	17.86	17.65	17.79	3460101	61292496
2017/2/13	17.66	17.77	17.57	17.67	3757770	66318468
2017/2/10	17.75	17.84	17.63	17.65	2904299	51455616
2017/2/9	17.56	17.86	17.5	17.69	4501391	79556240
2017/2/8	17.49	17.59	17.3	17.56	2433719	42451004
2017/2/7	17.56	17.57	17.39	17.49	1746767	30508580
2017/2/6	17.46	17.56	17.38	17.56	2244831	39258432
2017/2/3	17.43	17.61	17.35	17.45	1498908	26156976
2017/1/26	17.59	17.59	17.38	17.43	1805852	31501090
2017/1/25	17.38	17.52	17.34	17.43	1295811	22598750
2017/1/24	17.5	17.59	17.38	17.38	1738556	30333758
2017/1/23	17.41	17.57	17.41	17.5	2229397	38996516
2017/1/20	17.29	17.5	17.16	17.4	1836545	31997446
2017/1/19	17.25	17.49	17.15	17.29	2016343	34910596
2017/1/18	17.25	17.34	17.07	17.22	2125970	36698476
2017/1/17	16.98	17.35	16.8	17.28	3001007	51299524
2017/1/16	17.48	17.51	16.5	16.98	5204096	88751872
2017/1/13	17.86	17.89	17.4	17.41	4200031	73836800
2017/1/12	17.98	18.04	17.78	17.79	2693210	48238112
2017/1/11	18.06	18.12	17.96	17.98	2679569	48303424
2017/1/10	18.18	18.24	18.05	18.06	2483233	45078212
2017/1/9	18.12	18.21	18.07	18.19	3358462	61019660
2017/1/6	18.14	18.26	18.05	18.1	4735963	85944752
2017/1/5	18.21	18.21	18.06	18.08	3782774	68530016
2017/1/4	18.07	18.19	17.99	18.19	4138341	74936968
2017/1/3	17.98	18.07	17.91	18.04	3741749	67318720
2016/12/30	17.9	18	17.88	17.91	2610659	46828720
2016/12/29	17.97	18.14	17.86	17.9	4084900	73430072
2016/12/28	18.14	18.23	17.92	17.97	3190895	57681904
2016/12/27	18.2	18.23	18.13	18.14	2409823	43796576
2016/12/26	18.29	18.29	17.93	18.16	5002605	90374928
2016/12/23	18.48	18.57	18.3	18.3	3105439	57098516
2016/12/22	18.69	18.73	18.36	18.46	3553593	65707200
2016/12/21	18.63	18.76	18.61	18.65	3701521	69085856
2016/12/20	18.68	18.68	18.52	18.66	3295723	61275164
2016/12/19	18.5	18.65	18.42	18.58	3831577	71154720
2016/12/16	18.29	18.79	18.23	18.61	4990129	92586808
2016/12/15	18.25	18.45	18.17	18.25	4305172	78780544
2016/12/14	18.31	18.43	18.17	18.22	4227258	77331096
2016/12/13	18.26	18.58	18.17	18.38	4442785	81469464
2016/12/12	19.5	19.6	18.18	18.31	11968992	226030016
2016/12/9	19.26	19.44	19.19	19.27	8710904	168147056
2016/12/8	19.4	19.45	19.13	19.25	9348885	180051680
2016/12/7	18.75	19.87	18.71	19.39	12531444	241504352
2016/12/6	18.87	18.87	18.69	18.7	3704000	69454920
2016/12/5	18.64	18.88	18.6	18.8	3808657	71524776
2016/12/2	19.1	19.16	18.77	18.79	7321873	138504816
2016/12/1	18.98	19.24	18.94	19.16	9686735	185401216
2016/11/30	18.84	19.04	18.82	18.97	4710052	89156632
2016/11/29	19	19.08	18.87	18.89	5919850	112170456
2016/11/28	19	19.09	18.9	18.98	8654001	164472592
2016/11/25	18.77	18.92	18.5	18.89	7387213	138384656
2016/11/24	18.94	18.98	18.72	18.76	5664626	106830408
2016/11/23	19.23	19.26	18.81	18.88	12325402	234743008
2016/11/22	18.99	19.2	18.84	19.2	9426549	179072672
2016/11/21	19.1	19.12	18.9	18.92	4902925	93167456
2016/11/18	19.07	19.16	19.02	19.04	3810350	72707520
2016/11/17	19.23	19.27	19	19.1	4996455	95396624
2016/11/16	19.31	19.47	19.19	19.2	9399020	181396656
2016/11/15	19.08	19.31	19.06	19.3	6860963	131667584
2016/11/14	18.98	19.24	18.93	19.14	6127383	117117360
2016/11/11	18.9	18.99	18.8	18.95	5977414	112901160
2016/11/10	18.93	19.02	18.74	18.87	8773920	165544560
2016/11/9	19.21	19.21	18.52	18.74	8280063	156227648
2016/11/8	19.19	19.3	19.08	19.21	5203729	99805456
2016/11/7	19.4	19.47	19.03	19.11	5513967	106099240
2016/11/4	19.46	19.5	19.23	19.37	4386571	85072088
2016/11/3	19.22	19.57	19.14	19.45	7607855	147697952
2016/11/2	19.38	19.47	19.16	19.17	5393409	104331344
2016/11/1	19.15	19.44	19.12	19.37	6789914	131384288
2016/10/31	19.08	19.16	18.92	19.14	5377286	102377280
2016/10/28	19.21	19.48	19.12	19.16	8302755	159707120
2016/10/27	19.25	19.5	19.17	19.3	7809643	150946000
2016/10/26	19.55	19.55	19.17	19.2	6645135	128373464
2016/10/25	19.51	19.59	19.31	19.54	6240160	121439072
2016/10/24	19.48	19.63	19.29	19.49	8560323	166654688
2016/10/21	19.93	20.15	19.39	19.4	13074776	257740736
2016/10/20	19.78	20.39	19.54	20.03	21350772	426681152
2016/10/19	20.16	20.16	19.61	19.74	10046929	199058896
2016/10/18	18.99	20.11	18.9	20.08	20875894	406884224
2016/10/17	18.58	19.18	18.58	19.07	15087595	285729536
2016/10/14	18.58	18.67	18.36	18.5	2439427	45084312
2016/10/13	18.57	18.73	18.46	18.58	3083820	57279428
2016/10/12	18.44	18.68	18.37	18.58	3137982	58163492
2016/10/11	18.47	18.56	18.42	18.49	3667145	67826736
2016/10/10	18.18	18.55	18.12	18.47	4522841	82997504
2016/9/30	17.98	18.1	17.95	18.02	2751056	49639300
2016/9/29	18.15	18.15	18	18.04	3183708	57549308
2016/9/28	18.25	18.25	17.99	18.07	2196776	39703332
2016/9/27	18.03	18.17	17.86	18.17	4360538	78589328
2016/9/26	18.75	18.75	18.02	18.04	6905388	126688288
2016/9/23	18.82	18.87	18.71	18.76	2481300	46637656
2016/9/22	18.89	18.96	18.79	18.82	3319712	62612052
2016/9/21	18.76	18.93	18.68	18.75	2388978	44916312
2016/9/20	18.79	18.87	18.66	18.7	2150317	40249448
2016/9/19	18.66	18.9	18.66	18.79	2614993	49169272
2016/9/14	18.55	18.82	18.51	18.66	2798127	52238604
2016/9/13	18.62	18.72	18.56	18.65	3500139	65244944
2016/9/12	18.75	18.87	18.53	18.54	6678032	124884536
2016/9/9	19.5	19.54	19.2	19.2	6872791	132992056
2016/9/8	19.44	19.61	19.37	19.5	5047315	98291560
2016/9/7	19.47	19.54	19.38	19.4	5715167	111346688
2016/9/6	19.26	19.49	18.9	19.49	6671670	128232736
2016/9/5	19.27	19.44	19.17	19.23	3898037	75089912
2016/9/2	19.16	19.5	19.13	19.25	6168165	119007584
2016/9/1	19.53	19.53	19.19	19.2	7316202	141632112
2016/8/31	19.55	19.57	19.3	19.49	5735197	111511776
2016/8/30	19.6	19.73	19.42	19.5	5856411	114661248
2016/8/29	19.7	19.79	19.48	19.56	5528260	108433648
2016/8/26	19.65	19.99	19.63	19.74	7394681	146670144
2016/8/25	19.51	19.67	19.33	19.58	7366697	143909296
2016/8/24	19.79	20.16	19.7	19.81	8245787	164206192
2016/8/23	20.09	20.27	19.72	19.93	13472422	269196224
2016/8/22	19.99	21	19.99	20.41	24811375	510112320
2016/8/19	19.88	20.05	19.66	19.77	8332145	165015152
2016/8/18	19.58	20.04	19.5	20.01	13581429	269266560
2016/8/17	19.6	19.83	19.52	19.65	7887672	155139744
2016/8/16	19.72	19.73	19.51	19.59	7000485	137314384
2016/8/15	19.38	19.74	19.25	19.68	10908391	213350384
2016/8/12	18.8	19.38	18.8	19.32	6951460	133059096
2016/8/11	18.98	19.19	18.77	18.88	5694414	108049016
2016/8/10	19.29	19.33	18.96	19.03	5684368	108741840
2016/8/9	19.25	19.32	19.05	19.28	5771739	110916584
2016/8/8	18.66	19.37	18.53	19.24	9044563	172772976
2016/8/5	18.43	18.9	18.43	18.65	5189733	96873880
2016/8/4	18.36	18.66	18.28	18.55	4470776	82563320
2016/8/3	18.41	18.57	18.35	18.38	3651624	67273688
2016/8/2	18.21	18.47	18.21	18.46	3680090	67662952
2016/8/1	18.67	18.69	18.01	18.27	5898785	108066408
2016/7/29	18.67	18.85	18.59	18.7	5318346	99549016
2016/7/28	18.78	18.96	18.31	18.68	9775006	182372000
2016/7/27	20	20.05	18.62	18.83	15771340	303245760
2016/7/26	19.72	19.95	19.62	19.95	7936260	157100400
2016/7/25	19.82	19.96	19.66	19.71	7627721	150983392
2016/7/22	20.1	20.17	19.8	19.86	9633168	192402400
2016/7/21	20.03	20.57	20	20.2	14915130	303063808
2016/7/20	19.8	20.42	19.65	20.19	16427506	329396256
2016/7/19	19.95	20.08	19.5	19.85	12151276	240510352
2016/7/18	19.56	19.93	19.2	19.93	13299109	261245648
2016/7/15	19.75	19.94	19.52	19.63	8151636	161016496
2016/7/14	19.68	19.8	19.55	19.8	9950655	195780848
2016/7/13	19.25	19.99	19.23	19.77	19738450	387501312
2016/7/12	18.9	19.2	18.6	19.18	11081664	209673328
2016/7/11	18.9	19.3	18.89	18.91	10647014	203245168
2016/7/8	18.88	19.08	18.74	18.89	8266502	156445472
2016/7/7	19.04	19.11	18.7	18.88	9449970	178591856
2016/7/6	18.9	19.28	18.72	19.11	11215852	213295040
2016/7/5	18.7	19.18	18.61	18.99	12439406	234975584
2016/7/4	18.33	18.8	18.22	18.74	10821314	201286240
2016/7/1	18.62	18.65	18.35	18.38	8504501	157095088
2016/6/30	18.52	18.65	18.4	18.55	10202765	188851280
2016/6/29	18.7	18.74	18.45	18.53	11548001	214716944
2016/6/28	18.36	18.76	18.32	18.65	9810088	181928928
2016/6/27	17.77	18.62	17.77	18.62	9511771	174181584
2016/6/24	18.18	18.38	17.51	17.98	8121647	146229088
2016/6/23	18.19	18.3	18	18.18	5965669	108395312
2016/6/22	17.78	18.26	17.7	18.18	4955655	89081936
2016/6/21	18.05	18.33	17.66	17.85	6633148	120029288
2016/6/20	18.05	18.12	17.63	17.95	4572719	81766032
2016/6/17	17.98	18.36	17.9	18.05	5033805	91327192
2016/6/16	18.14	18.2	17.86	17.92	5757370	103674912
2016/6/15	17.43	18.4	17.42	18.16	6778617	122397048
2016/6/14	17.57	17.77	17.44	17.67	6823787	120303888
2016/6/13	18.75	18.96	17.56	17.57	10208729	188262400
2016/6/8	19.1	19.21	18.91	19.07	7307564	139220992
2016/6/7	19.25	19.27	18.94	19.18	6647306	127341320
2016/6/6	19.29	19.4	19	19.12	9539644	182810848
2016/6/3	19.15	19.55	19.08	19.29	13762536	265282224
2016/6/2	18.9	19.14	18.87	19.13	7723216	146805744
2016/6/1	19.15	19.19	18.89	18.95	12748580	242374272
2016/5/31	18.24	19.16	18.12	19.13	12216733	229719840
2016/5/30	18.09	18.3	17.83	18.1	4375520	79119016
2016/5/27	18.1	18.35	18.1	18.2	5527470	100843728
2016/5/26	18.08	18.35	17.63	18.29	7279012	131088496
2016/5/25	18.14	18.4	17.87	18.06	5826412	105805248
2016/5/24	18.3	18.35	17.9	18.07	6001509	108362088
2016/5/23	18.08	18.49	18.08	18.4	9011993	164827760
2016/5/20	17.52	17.99	17.51	17.97	5088729	90701520
2016/5/19	17.58	18.17	17.58	17.75	7561379	135606688
2016/5/18	18	18.04	17.32	17.52	6420081	113759032
2016/5/17	18.13	18.4	17.85	18.22	7041889	127696560
2016/5/16	17.8	18.13	17.61	18.09	5046848	90318672
2016/5/13	17.93	18.22	17.66	17.87	5239192	94212496
2016/5/12	17.97	18.09	17.51	18.03	7400076	131693600
2016/5/11	18.8	18.8	18.19	18.19	8259547	152375424
2016/5/10	18.46	18.9	18.34	18.6	5761133	107186440
2016/5/9	19.1	19.11	18.28	18.47	11296646	210686544
2016/5/6	20.49	20.68	19.4	19.4	15305781	306786080
2016/5/5	19.75	20.7	19.63	20.5	13825458	279707968
2016/5/4	19.83	19.93	19.62	19.73	7846221	155153104
2016/5/3	19.18	19.85	19.15	19.84	8328111	163314976
2016/4/29	19.1	19.3	18.94	19.19	4544762	87152952
2016/4/28	19.54	19.58	18.9	19.22	6771624	129843888
2016/4/27	19.59	19.9	19.35	19.43	7344178	144069648
2016/4/26	19.18	19.41	19.06	19.41	7045974	135586720
2016/4/25	19.31	19.32	18.65	19.1	7217272	137482288
2016/4/22	18.91	19.35	18.78	19.31	7189674	137924368
2016/4/21	19.38	19.48	18.88	19.08	11745527	226195728
2016/4/20	21.49	21.67	19.22	19.38	21123122	422167776
2016/4/19	21.6	21.76	21.19	21.35	9181287	196469200
2016/4/18	22.11	22.11	21.41	21.49	11417487	248195152
2016/4/15	22.21	22.29	21.9	22.15	10407087	229695760
2016/4/14	22.22	22.25	21.77	22.16	17809150	391591104
2016/4/13	21.61	22.35	21.61	21.99	18819546	416302240
2016/4/12	21.52	21.88	21.2	21.55	8691937	186460096
2016/4/11	21.55	22.12	21.51	21.68	11854189	258748256
2016/4/8	21.2	21.26	20.9	21.19	9519633	200802480
2016/4/7	22.33	22.39	21.32	21.36	15128580	328095488
2016/4/6	22.2	22.5	21.9	22.19	16195535	359175616
2016/4/5	21.25	23	20.96	22.56	20628432	452172704
2016/4/1	21.6	21.6	20.9	21.19	15871200	335565856
2016/3/31	21.87	22.49	21.62	21.75	19023458	419925856
2016/3/30	21.4	21.82	20.99	21.77	20535010	440028096
2016/3/29	21.6	21.74	20.9	20.96	16172228	343413888
2016/3/28	22.52	22.99	21.68	21.75	27729077	618275648
2016/3/25	23.22	24.77	22.5	22.84	37236694	879506688
2016/3/24	20.4	22.78	20.11	22.78	32634304	700541696
2016/3/23	20.4	20.84	20.2	20.71	12417906	255215936
2016/3/22	20.24	21.34	20.03	20.5	18360517	381114144
2016/3/21	20.15	20.57	20.05	20.45	20649659	419833056
2016/3/18	18.98	20.5	18.97	19.93	20064186	396069344
2016/3/17	17.9	18.79	17.84	18.73	13807749	253726656
2016/3/16	18.27	18.37	17.68	17.79	6588545	118268856
2016/3/15	18.3	18.49	17.9	18.02	8083124	146828736
2016/3/14	17.92	18.67	17.92	18.35	11247315	206377088
2016/3/11	17.2	17.89	17.08	17.65	6776886	118659840
2016/3/10	17.86	18	17.37	17.41	5656634	100021952
2016/3/9	17.85	18	17.5	17.71	6432378	114164152
2016/3/8	18.25	18.25	17.2	18.18	10295386	181885408
2016/3/7	17.97	18.67	17.82	18.29	10200790	186086064
2016/3/4	18.26	18.42	17.24	17.63	10998150	196522224
2016/3/3	18.37	18.99	18.19	18.19	12639338	234464880
2016/3/2	17.18	18.19	17.07	18.14	11631541	205359760
2016/3/1	16.88	17.47	16.45	17.14	9276469	156900688
2016/2/29	18.5	18.5	16.65	16.7	13392332	227980416
2016/2/26	18.94	19.15	18.04	18.5	13151747	244618896
2016/2/25	20.95	21.03	18.95	18.95	16135253	318100192
2016/2/24	20.9	21.15	20.43	21.05	9404645	196107680
2016/2/23	21.38	21.58	20.59	20.96	11171652	235030048
2016/2/22	21.01	21.52	21.01	21.41	15293013	325007872
2016/2/19	20.9	20.99	20.54	20.77	9904886	205962240
2016/2/18	21.05	21.34	20.71	20.94	17317773	363743072
2016/2/17	20.76	21.1	20.38	20.95	12425246	256948864
2016/2/16	19.85	20.98	19.85	20.79	11476841	234944704
2016/2/15	19.12	19.94	19.12	19.73	6956334	135387184
2016/2/5	20.28	20.85	20.04	20.05	9080510	185238304
2016/2/4	19.74	20.55	19.74	20.17	9438894	190271648
2016/2/3	19.45	19.88	19.18	19.7	7579124	147361856
2016/2/2	18.85	19.95	18.8	19.73	9747785	190514592
2016/2/1	19.23	19.28	18.44	18.8	7474145	141081520
2016/1/29	18.31	19.46	18.25	19.2	9126308	172682032
2016/1/28	19.07	19.4	18.15	18.29	9084459	170935184
2016/1/27	19.75	19.96	18.21	19.41	13753594	260701104
2016/1/26	21.59	21.59	19.69	19.69	12578079	259342576
2016/1/25	21.79	22.1	21.55	21.88	8713061	190164192
2016/1/22	21.52	21.78	20.83	21.61	10013782	214133840
2016/1/21	21.88	22.51	21.2	21.22	13129624	287753088
2016/1/20	22.3	22.66	21.81	22.12	12679661	281851424
2016/1/19	21.03	22.61	21.03	22.45	14603082	321066432
2016/1/18	20.11	21.58	20.1	21.23	10143010	214439904
2016/1/15	22.29	22.29	20.49	20.83	12024207	258828000
2016/1/14	20.5	22.77	20.08	22.4	14307010	306876704
2016/1/13	23.29	23.41	21.09	21.48	13844869	313328960
2016/1/12	23	23.42	22	23.09	15772109	360800480
2016/1/11	24.9	24.96	22.91	22.91	16147959	386197248
2016/1/8	26.18	26.8	23.31	25.46	15924279	405061152
2016/1/7	27.81	27.99	25.68	25.68	4011900	106224216
2016/1/6	28.54	28.76	27.48	28.53	14269750	402181856
2016/1/5	26.65	29.43	26.65	28.2	20066793	565226240
2016/1/4	33.13	33.68	29.52	29.53	13114800	421327232
2015/12/31	33.69	33.8	32.8	32.8	10684685	355577152
2015/12/30	33.7	33.81	33.25	33.56	9053742	303342816
2015/12/29	32.82	33.6	32.66	33.6	9952590	330974656
2015/12/28	34.83	35.18	33.1	33.1	17781501	609556032
2015/12/25	34.58	34.93	34.34	34.71	9479880	328432672
2015/12/24	35.15	35.23	33.85	34.58	14836345	511212512
2015/12/23	36	36.36	35.28	35.4	19791377	706314496
2015/12/22	35.18	36.28	34.81	36.1	23859499	847602880
2015/12/21	34.5	35.21	34.4	34.81	15745885	549100928
2015/12/18	36.08	36.3	34.71	34.76	26440554	935088768
2015/12/17	35.98	36.7	35.35	36.18	38487655	1384246656
2015/12/16	35.8	37.5	35.31	35.8	43219832	1573381888
2015/12/15	35.51	36.05	34.4	35.85	39601082	1397204352
2015/12/14	33.31	35.04	32.6	35.04	22396081	757062976
2015/12/11	33.2	34.78	33.01	33.95	25034959	852820544
2015/12/10	32.25	34.8	32.1	33.58	28698065	959124224
2015/12/9	32.28	32.93	31.78	32.05	13031779	421745152
2015/12/8	33.44	34.21	32.35	32.44	18386839	610044736
2015/12/7	31.8	34	31.73	33.83	26273365	869524608
2015/12/4	32.12	32.97	31.66	31.95	14857637	479025792
2015/12/3	31.6	32.45	31.3	32.22	13579470	434228352
2015/12/2	32.45	32.65	30.08	31.55	15510378	486271936
2015/12/1	31.75	33.18	31.5	32.5	19179513	626303232
2015/11/30	33.81	34.03	30	32.15	27903192	894852800
2015/11/27	34.2	35.52	32.9	33.33	36102814	1242062336
2015/11/26	34.88	35.98	34.21	34.46	24643880	863655488
2015/11/25	34.55	34.78	34.01	34.5	20924120	720345344
2015/11/24	33.76	35.12	33	34.53	25805818	879998080
2015/11/23	33.77	35.63	33.48	34.11	35613230	1226097408
2015/11/20	32.53	33.31	32.01	33.31	29886626	975134336
2015/11/19	30.82	32.6	30.82	32.45	25121746	802134016
2015/11/18	31.67	31.89	30.76	30.83	17543469	546954048
2015/11/17	33.17	33.38	31.51	31.66	31788081	1034912640
2015/11/16	30.02	32.62	30	32.58	27328868	864672384
2015/11/13	31.75	31.75	30.8	30.95	23337354	729975040
2015/11/12	32.95	33.2	31.8	32.01	31794625	1026197120
2015/11/11	32.6	33.5	32.3	32.95	26808519	881163712
2015/11/10	32.27	34.59	32.27	32.55	38524891	1275452800
2015/11/9	32	33.27	31.33	32.95	40204291	1295885312
2015/11/6	29.4	32.43	29.05	32.43	41808741	1273589760
2015/11/5	28.59	29.8	27.82	29.48	34507066	991925760
2015/11/4	27.24	28.65	27.24	28.6	23270170	652238784
2015/11/3	27.8	28	26.58	27.3	14820039	402586976
2015/11/2	28.69	29.21	27.44	27.69	15001205	428368544
2015/10/30	28.95	29.83	28.6	29.1	18512514	541039232
2015/10/29	28.63	28.98	27.5	28.2	14042376	395864384
2015/10/28	29.5	30.05	28.5	28.54	14753119	433081344
2015/10/27	29.45	29.8	28.35	29.28	11930233	347269472
2015/10/26	30.56	30.56	29.5	29.9	9032032	271970080
2015/10/23	30.06	30.9	29.34	30.61	13026030	391375296
2015/10/22	29.5	30.31	28.68	30.05	8139856	242143712
2015/10/21	33.18	33.24	29.7	29.7	7705743	240888736
2015/10/20	33.14	33.35	31.82	33	9781001	320287904
2015/10/19	31.99	34.05	31.61	33.68	15118242	504833120
2015/10/16	31.49	31.6	30.5	30.95	4512574	139860256
2015/10/15	29.58	30.76	29.39	30.63	3084894	93857992
2015/10/14	31	31.3	29.87	29.88	3392658	103476880
2015/10/13	31.08	32.27	30.86	31.41	3396462	106962704
2015/10/12	29.51	32.29	29.5	31.4	5496319	168714144
2015/10/9	29.66	29.83	28.72	29.4	4001173	117367360
2015/10/8	29.99	30.8	28.27	29.84	7010236	207671296
2015/9/30	26	28.6	26	28.6	4800750	133767680
2015/9/29	25.6	26.71	25.2	26	2604003	67941456
2015/9/28	25.2	26	24.69	25.92	1769604	45247388
2015/9/25	26.59	26.59	24.44	25.19	3002657	76649216
2015/9/24	26.02	27.2	26.02	26.72	2061603	54991524
2015/9/23	26.25	26.8	25.8	25.97	2218906	57963632
2015/9/22	26.51	27.47	26.49	26.87	2564636	69110888
2015/9/21	25.04	26.59	24.8	26.49	2180553	56934892
2015/9/18	25.73	26	25.05	25.59	2006025	51356688
2015/9/17	26.25	27.25	25.3	25.3	3219664	85538824
2015/9/16	23.6	26.1	23.5	26.1	3294459	82537352
2015/9/15	25.5	25.71	23.73	23.73	2928674	72189816
2015/9/14	29.29	30.2	26.37	26.37	3674077	103330408
2015/9/11	30.1	30.21	29.01	29.3	2251412	66657324
2015/9/10	29.6	30.77	29.3	29.45	3105394	93580584
2015/9/9	30.79	32.2	30.2	31.24	5603362	175070576
2015/9/8	28.11	31.97	27.27	31.21	4692891	135985040
2015/9/7	31.5	33.5	29.5	29.66	5882555	187837360
2015/9/2	25.95	30.57	25.5	30.57	6999884	204111616
2015/9/1	26.7	27.8	25.01	27.79	7224157	194238976
2015/8/31	26	27.83	24.77	27.68	5255704	138159552
2015/8/28	24.79	26.27	24.32	26.27	3948487	98946576
2015/8/27	22.83	24.5	22.83	24.3	4287406	101038120
2015/8/26	23.22	24.7	21.68	22.53	4333117	101606424
2015/8/25	23.2	24.97	23.17	23.17	5591584	131341200
2015/8/24	27.03	27.03	25.74	25.74	3116945	80901544
2015/8/21	30.05	31.58	28.5	28.6	3424371	101184616
2015/8/20	31.01	32.32	30.64	30.8	2984614	93495408
2015/8/19	30.29	31.89	28.76	31.52	4285458	130481568
2015/8/18	34.6	34.98	31.1	31.13	4861756	162511808
2015/8/17	34.9	34.9	33.55	34.55	3135525	107464464
2015/8/14	35.08	35.92	34.61	34.9	4830893	170183504
2015/8/13	33.45	34.97	33.19	34.84	4492821	153331824
2015/8/12	34.1	34.73	33.37	33.54	3748787	127041288
2015/8/11	34.7	35.35	34.03	34.55	4876022	169655440
2015/8/10	33.2	35.48	32.6	34.69	5759053	194733152
2015/8/7	31.31	33	31.31	32.49	3973520	128773040
2015/8/6	30.32	32.12	30.02	31.16	2151159	67340152
2015/8/5	31.89	32.87	31	31.2	3776351	120510936
2015/8/4	29.09	31.9	29.09	31.89	3817891	116741192
2015/8/3	30.99	31.47	28.5	29	3477352	103721968
2015/7/31	31.41	32.7	31.31	31.53	3248334	103237952
2015/7/30	33.7	33.98	31.54	31.95	4076850	135498896
2015/7/29	32.22	33.85	30.73	33.71	5144978	164608672
2015/7/28	31	34	30.38	31.77	5699560	180794016
2015/7/27	36.12	38.5	33.39	33.39	5829137	209613264
2015/7/24	39.3	40.5	37.01	37.1	8025861	310062368
2015/7/23	37.62	40.75	36.8	39.48	8115254	312750944
2015/7/22	36.7	37.93	36	37.13	5540719	205067536
2015/7/21	36.2	37.86	35.5	36.9	5582244	205086624
2015/7/20	37.12	38.79	36.02	37.06	9949507	373055584
2015/7/17	35.6	38.3	35.01	37.85	9297075	339561344
2015/7/16	33.39	36	30.5	35.29	9023414	304779424
2015/7/15	36.95	37	33.26	33.39	9549079	334269504
2015/7/14	36.95	36.95	34.78	36.95	15700793	574781120
2015/7/13	33.59	33.59	33.59	33.59	1643543	55206608
2015/7/10	29.77	30.54	29.01	30.54	3022997	91418560
2015/7/9	23.11	27.76	23.11	27.76	8028239	209849776
2015/7/8	24.68	25.62	24.68	25.24	19932311	498237312
2015/7/7	27.5	28.52	25.85	27.42	19053548	508036992
2015/7/6	32.78	32.78	26.82	28.72	9499054	281094592
2015/7/3	30.29	32.75	27.82	29.8	10257172	313550048
2015/7/2	33.4	34.14	30.2	30.75	8093962	256312288
2015/7/1	34.8	37.39	33	33.56	7935497	286042720
2015/6/30	32.33	36.69	30.83	35.78	9147706	304191232
2015/6/29	38.6	39.16	34.25	34.25	6671825	235970192
2015/6/26	40	41.25	38.05	38.05	5189056	201145696
2015/6/25	45.8	45.8	41.38	42.28	5105279	224539872
2015/6/24	43.57	46.2	43.57	45.57	5788273	260261792
2015/6/23	45	45.58	40.55	44.26	6725693	288652096
2015/6/19	48.15	49.46	45.05	45.05	5128610	242985568
2015/6/18	52.7	53.91	50	50.05	4670904	242368448
2015/6/17	53.71	54.6	49.8	53.7	6103638	318521568
2015/6/16	58.45	58.45	53.5	53.68	8273534	453547264
2015/6/15	56.35	60.9	55.62	58.21	12170818	713315776
2015/6/12	55.88	57.65	54.09	56.74	8728135	493380096
2015/6/11	56.36	57.2	55.18	55.55	6716783	375037024
2015/6/10	54.37	57.48	52.51	56.8	9346144	525456640
2015/6/9	54.99	55.7	54.37	55	6568086	360609280
2015/6/8	61	61	54.95	55.76	14454513	829363456
2015/6/5	59.95	59.95	57.5	59.95	11445375	683256448
2015/6/4	54.1	55.6	49	54.5	7754793	416699776
2015/6/3	55.6	55.99	53.01	53.39	7373687	399789760
2015/6/2	53	55.5	52.7	55.48	11329283	616807104
2015/6/1	50.65	53.99	49.5	53.37	8978387	466024320
2015/5/29	50.98	52.41	47.8	50.55	8106944	407897152
2015/5/28	57.49	57.49	51.76	51.76	13497902	735136832
2015/5/27	58.6	59.98	56.6	57.51	9680937	559038336
2015/5/26	55.48	59.5	55.45	58.38	11808893	685366080
2015/5/25	55	56.8	53	56.1	10959610	603092224
2015/5/22	56.48	56.48	54	55.25	9707191	534115776
2015/5/21	53.58	55.39	53.55	54.88	9578505	522689632
2015/5/20	56	57.18	54.3	54.56	14944574	832400384
2015/5/19	57.84	57.84	53.68	55.97	14375361	804537152
2015/5/15	56	59.4	51.12	56.59	19809530	1075331840
2015/5/14	63.34	63.35	55.88	56.8	22058484	1321191040
2015/5/13	57.59	57.59	55.68	57.59	3919929	224689264
2015/5/12	48.58	52.35	48.21	52.35	7544274	388405920
2015/5/11	48.1	48.49	46.87	47.59	11942523	569535360
2015/5/8	44.4	47.25	44.4	46.85	8856674	410060192
2015/5/7	43.52	44.55	43.08	44	2936679	128945112
2015/5/6	43.9	44.96	42.2	43.55	3307763	144921936
2015/5/5	44.01	45.7	43	43	3272490	144097776
2015/5/4	45.99	45.99	44.16	44.61	3404868	152257328
2015/4/30	46.4	46.98	45.35	45.36	4452080	204818496
2015/4/29	45.2	46.88	45	46.24	4266863	197152272
2015/4/28	47.7	48.1	45.58	45.61	6157341	285673408
2015/4/27	50.02	50.39	47.44	47.99	6804248	330994272
2015/4/24	47.89	49.5	46.08	48.3	10760675	511742336
2015/4/23	46.26	47.18	45.1	45.88	4557966	209845840
2015/4/22	43.95	46.64	43.67	46.25	6648854	299991680
2015/4/21	42.31	44.2	42.31	43.8	4571306	198107712
2015/4/20	44.07	44.77	41.95	42.3	4182917	180164848
2015/4/17	44.22	44.73	43.71	44.57	4407844	194629120
2015/4/16	44	45.78	42.42	44.65	6101933	264807232
2015/4/15	47	47.23	44.44	44.44	4361982	199050032
2015/4/14	47.69	47.83	46.4	46.93	3714913	174036976
2015/4/13	48.25	48.7	47.2	47.85	3041004	145414992
2015/4/10	46.4	48.5	46.27	48.25	3024197	144515552
2015/4/9	48.3	48.5	45.06	46.26	3931796	182415488
2015/4/8	49.49	49.49	46.97	48.55	6688118	323695488
2015/4/7	49.7	49.99	48.49	49.49	6669705	329443200
2015/4/3	50.08	51.2	48.88	49.7	4637224	231027456
2015/4/2	49.5	50.49	49	50.13	4505231	224167264
2015/4/1	49.03	49.57	48.44	49.28	2505692	123346496
2015/3/31	48.8	49.54	48.05	49	4149650	203440288
2015/3/30	48.94	49	47.59	48.46	3116096	150069664
2015/3/27	47.59	49.35	47.51	47.8	2673321	128523320
2015/3/26	50.85	50.85	47.11	47.49	3851710	187022704
2015/3/25	49.6	51.88	48.01	49.92	6045698	303929376
2015/3/24	51.44	51.44	47.96	49.6	7299323	359161216
2015/3/23	48.96	52.77	48.96	51.18	6267867	321814656
2015/3/20	46.45	48.77	45.58	48.3	4152100	198494608
2015/3/19	43.2	47.3	41.8	46.58	7351411	331527296
2015/3/18	43.88	43.88	42.5	43.23	3447035	148346976
2015/3/17	44.03	44.66	42.6	43.33	4661118	202127120
2015/3/16	40.31	43.98	40.31	43.72	6422142	268358928
2015/3/13	40.24	41.23	38.73	40.3	4658480	185295568
2015/3/12	38.88	40.59	38.83	40.23	4480538	178241104
2015/3/11	40.71	41.6	39.38	39.43	3648620	147629552
2015/3/10	38.99	41.85	38.8	40.85	5599004	227386144
2015/3/9	38	39.43	37.05	39.36	3128617	120348296
2015/3/6	39.13	39.8	38.5	38.7	3916665	152432368
2015/3/5	39.61	40.11	38.5	39.4	5577423	218425136
2015/3/4	38.88	41.39	38	40	7859417	314271680
2015/3/3	38	41.45	37.22	39.7	10453259	415984896
2015/3/2	37.48	38.6	37	38.45	7882465	298771200
2015/2/27	38.29	39.18	37.03	37.62	7754325	293635872
2015/2/26	37.33	38.68	36.97	38.43	7742213	292628640
2015/2/25	38.6	38.6	37.45	38	8518032	322845024
2015/2/17	38.2	39.43	36.95	38.69	20365537	781790400
2015/2/16	34	36.85	33.03	36.85	17871201	650035328
2015/2/13	30.58	33.5	30.06	33.5	15861587	515488928
2015/2/12	28.7	30.98	28.7	30.45	9877100	297580928
2015/2/11	27.94	28.97	27.94	28.68	3855834	110761184
2015/2/10	27.68	28.09	27.36	27.94	1292376	36031640
2015/2/9	28.01	28.45	27.64	27.67	2432229	67949536
2015/2/6	28.75	28.75	28.01	28.23	2902350	82201288
2015/2/5	28.85	29.2	27.77	28.5	6691962	191715152
2015/2/4	27.82	28.79	27.5	28.31	5458367	154297280
2015/2/3	27.99	28.11	27.31	27.96	4191479	115838512
2015/2/2	27.62	28.14	27.3	27.78	2268797	63249792
2015/1/30	28.12	28.38	27.8	28.01	3199701	90089320
2015/1/29	28.47	28.54	28.01	28.15	3596825	101607320
2015/1/28	28.6	29.16	28.1	28.67	6387625	183663712
2015/1/27	27.82	28.59	27.62	28.45	6465963	182329664
2015/1/26	27.5	27.82	27.06	27.82	4271226	117148728
2015/1/23	27	27.5	26.8	27.25	5830630	158428208
2015/1/22	27.19	27.85	26.81	27.17	7960604	216931776
2015/1/21	25.79	27	25.6	26.6	8294142	218409632
2015/1/20	24.52	25.59	24.52	25.57	4502475	113780064
2015/1/19	25.75	25.9	24.44	24.49	5222338	132089872
2015/1/16	25.61	26.24	25.56	26	4171699	108384392
2015/1/15	25.68	25.79	25.38	25.67	2440162	62341232
2015/1/14	25.83	25.88	25.48	25.68	1680658	43044148
2015/1/13	25.27	25.99	25.21	25.8	2363594	60621340
2015/1/12	25.75	26.04	25.17	25.27	2481288	63226532
2015/1/9	25.77	26.3	25.5	25.69	4426639	115095392
2015/1/8	25.8	26.14	25.51	25.86	3953039	101928888
2015/1/7	25.99	27.55	25.8	26.25	7852883	208119312
2015/1/6	24.56	25.28	24.3	25.08	4406651	109255384
2015/1/5	24.8	24.98	23.73	24.83	4730104	115381800
2014/12/31	24.8	24.8	24.8	24.8	3324400	82445120
2014/12/30	28.08	28.38	26.93	27.56	2681968	73718976
2014/12/29	28.02	29	27.95	28.16	3604917	102251808
2014/12/26	27.91	28.03	27.42	27.88	1996183	55311724
2014/12/25	27.64	28.2	27.53	27.9	1853516	51723704
2014/12/24	27.5	27.89	27.26	27.69	2038358	56186400
2014/12/23	27.82	28.32	27.27	27.5	1995787	55467696
2014/12/22	28.85	28.85	27.05	27.92	3435603	95691616
2014/12/19	29.75	29.75	28	28.86	3346039	96011992
2014/12/18	30.75	30.75	29.8	29.8	3737513	112730056
2014/12/17	30.28	30.5	29.53	29.76	3890265	116195648
2014/12/16	31.15	31.18	30.16	30.56	4531606	138568304
2014/12/15	30.18	31.18	29.68	30.95	7646598	235113840
2014/12/12	30	30.6	29.5	30.03	6505656	195255744
2014/12/11	30.06	30.39	29.03	29.4	5749939	169984032
2014/12/10	28.4	30.05	28.31	30.05	9643864	286241984
2014/12/9	28.2	30	28.02	28.4	8696142	256213312
2014/12/8	28.48	29.45	27.8	28.82	4291207	123473048
2014/12/5	29.35	29.35	27.9	28.48	4580088	131193384
2014/12/4	29.3	29.57	28.7	29.38	5197790	152697936
2014/12/3	29	29.9	28.5	29.37	6135907	179091232
2014/12/2	29.14	29.14	28.45	28.92	4151312	119749456
2014/12/1	28.82	30.01	28.8	29.24	8793967	257985088
2014/11/28	28.1	28.1	27.6	27.82	2587951	71904168
2014/11/27	27.98	28.29	27.83	27.95	2470019	69211056
2014/11/26	28.19	28.28	27.78	27.9	2769602	77258592
2014/11/25	28.3	28.4	27.8	28.19	2836793	79549800
2014/11/24	28.72	28.8	28.09	28.26	2976397	84372488
2014/11/21	27.86	28.49	27.77	28.26	2956832	83410712
2014/11/20	28.02	28.36	27.78	27.86	1634310	45703904
2014/11/19	28.26	28.59	27.9	28.39	3303723	93472304
2014/11/18	27.6	28.2	27.41	27.7	1907813	53142184
2014/11/17	26.6	28.33	26.48	27.65	3416201	94629264
2014/11/14	26.51	26.7	26.3	26.6	1400771	37184772
2014/11/13	27.27	27.5	26.21	26.4	2474855	65957980
2014/11/12	27.08	27.38	26.91	27.26	1802185	49040476
2014/11/11	28.8	28.96	26.7	27.07	4638624	128111072
2014/11/10	28.6	28.86	28.4	28.69	1780410	51003000
2014/11/7	28.7	28.95	28.35	28.39	1957328	56134056
2014/11/6	28.5	28.76	28.18	28.75	2396715	68175880
2014/11/5	28.7	28.89	28.5	28.5	1353077	38841600
2014/11/4	29.11	29.2	28.55	28.67	2088600	60268700
2014/11/3	28.92	29.3	28.81	29	1617698	47027912
2014/10/31	29.22	29.35	28.76	29.03	2724499	79056216
2014/10/30	29.4	29.52	29.18	29.22	2361518	69256768
2014/10/29	29.22	29.44	29	29.42	2777329	81296400
2014/10/28	28.81	29.21	28.81	29.21	2658064	77292896
2014/10/27	28.68	28.89	28.2	28.64	1387454	39462300
2014/10/24	28.34	29.1	27.99	28.7	2154971	61741320
2014/10/23	29.23	29.23	28.3	28.37	2185754	62530704
2014/10/22	29.47	29.69	29.15	29.21	1554560	45691732
2014/10/21	30.02	30.12	29.43	29.44	1878956	55845552
2014/10/20	30	30.18	29.78	30.08	1650797	49448508
2014/10/17	30.4	30.51	29.7	29.76	2140790	64164340
2014/10/16	30.9	30.94	30.3	30.4	1827702	56076664
2014/10/15	30.8	31.03	30.46	30.9	2366855	72527248
2014/10/14	31.12	31.22	30.71	30.78	2128490	65812208
2014/10/13	31.03	31.25	30.88	31.11	2023049	62905784
2014/10/10	31.54	31.58	30.89	31.01	3787201	117914136
2014/10/9	32.11	32.27	31.6	31.76	3973426	126585840
2014/10/8	32.21	32.52	32.01	32.14	3527822	113682840
2014/9/30	31.51	32.3	31.51	32.21	4269888	136436208
2014/9/29	31.87	31.88	31.4	31.48	2577941	81473688
2014/9/26	31.38	32	31.14	31.65	3506551	110969240
2014/9/25	31.62	31.86	31.02	31.38	4010486	126150248
2014/9/24	31.8	31.8	30.98	31.61	4161966	130661736
2014/9/23	31.65	32.49	31.48	31.8	2666981	85239584
2014/9/22	33.01	33.19	31.56	31.65	3962512	126931352
2014/9/19	33.2	33.55	32.34	32.84	4194805	137334928
2014/9/18	32.08	33.01	31.81	32.98	6011245	196870752
2014/9/17	31.39	32.31	31.39	32	3224540	102868968
2014/9/16	32.9	33.17	31.18	31.39	5310327	172352240
2014/9/15	32.65	33.17	32.49	33	6450415	212402976
2014/9/12	32.78	32.83	32.03	32.33	3989032	128950584
2014/9/11	32.4	33.32	32.4	32.7	6740218	221315264
2014/9/10	32.72	32.9	32.38	32.65	3994703	130441560
2014/9/9	31.95	32.98	31.82	32.63	5640052	183346304
2014/9/5	32.26	32.48	31.79	31.92	3893568	124608000
2014/9/4	32.28	32.55	31.9	32.39	5830613	187879696
2014/9/3	32.22	33.1	31.9	32.69	8984480	292655200
2014/9/2	32.09	32.28	31.7	32.11	5480974	175312320
2014/9/1	31.6	32.36	31.31	32.09	4697888	149876208
2014/8/29	31.88	31.88	31.02	31.56	3848611	121031872
2014/8/28	31.1	32.3	30.5	31.9	6430174	201881680
2014/8/27	30.56	31.24	30.42	30.72	3141158	96830864
2014/8/26	31.6	31.6	30.2	30.7	6292115	193426704
2014/8/25	32.11	32.57	31.45	31.69	5452833	174950240
2014/8/22	32.4	33.55	32.09	32.12	10402014	339158528
2014/8/21	31.2	33.89	30.59	33.25	14992945	482550464
2014/8/20	32.05	32.33	31.2	31.45	11739503	371920864
2014/8/19	31.5	32.98	31	32.98	21957242	711383552
2014/8/18	29.2	30.1	29.05	29.98	6671499	199007728
2014/8/15	29.24	29.49	28.8	29.21	2862505	83528680
2014/8/14	29.6	29.79	29.16	29.25	3322786	97892616
2014/8/13	29.2	29.88	28.99	29.87	6189429	182806480
2014/8/12	29	29.18	28.81	29.16	2396314	69453608
2014/8/11	28.89	29.2	28.76	29.06	2309296	66992492
2014/8/8	28.84	28.99	28.58	28.77	1955423	56175560
2014/8/7	28.99	29.23	28.75	28.79	2326240	67336544
2014/8/6	29.05	29.26	28.8	29.05	2278908	66070156
2014/8/5	28.81	29.36	28.46	29.05	3270749	94514208
2014/8/4	27.87	29.13	27.83	28.8	2489266	71075544
2014/8/1	29.93	29.96	28.85	28.86	3176757	92785192
2014/7/31	28.8	29.47	28.7	29.43	5171079	151057808
2014/7/30	28.95	28.95	28.6	28.81	2516751	72278208
2014/7/29	28.36	29.36	28.34	28.95	4094817	118169712
2014/7/28	27.92	28.53	27.92	28.36	2384326	67345624
2014/7/25	27.92	27.95	27.6	27.92	1718955	47778532
2014/7/24	28.08	28.35	27.63	27.77	2966428	82973280
2014/7/23	28.37	28.59	27.89	28.05	2383397	67243624
2014/7/22	28.3	28.46	28.05	28.42	2372403	67229632
2014/7/21	28.25	28.65	28.2	28.41	1815624	51609556
2014/7/18	28.1	28.6	27.6	28.36	2809121	79043280
2014/7/17	29.92	29.96	28.3	28.46	4292409	123226152
2014/7/16	30.08	31.18	29.6	29.88	9494672	288103360
2014/7/15	28.82	29.54	28.52	29.15	4148511	120876240
2014/7/14	28.1	28.78	28.1	28.41	2195653	62332084
2014/7/11	28	28.67	27.96	28.42	2235201	63440328
2014/7/10	28.36	28.9	28	28.05	2360829	67330384
2014/7/9	29.5	29.97	28.63	28.76	2599886	76137040
2014/7/8	29.8	29.95	29.2	29.71	2505333	74101872
2014/7/7	30.32	30.95	29.82	30.09	3645946	110057576
2014/7/4	29.72	30.09	29.48	29.82	3261188	97269592
2014/7/3	29.94	30.14	29.51	29.71	3836166	114405312
2014/7/2	29.8	30.16	29.38	29.78	5670312	168529488
2014/7/1	28.09	30.48	28.01	30	8784511	258649584
2014/6/30	28.23	28.36	27.85	28.09	2425317	68071056
2014/6/27	28.37	28.54	28.03	28.23	1912180	54042896
2014/6/26	27.84	28.58	27.81	28.37	3118336	88253392
2014/6/25	28.02	28.15	27.71	27.79	2402558	66862740
2014/6/24	28.2	28.66	27.71	28.39	2563302	72202600
2014/6/23	28.36	28.72	28.08	28.38	1733239	49419060
2014/6/20	27.97	28.69	27.97	28.33	2013574	57003116
2014/6/19	28.98	29.27	27.68	27.96	3374962	95714192
2014/6/18	30.15	30.15	28.88	29.1	4467855	131163064
2014/6/17	30.8	30.8	29.97	29.99	4628681	140208336
2014/6/16	30.2	31.13	29.9	31.04	6049178	184251680
2014/6/13	30.4	30.53	30.05	30.17	4245876	128640264
2014/6/12	29.91	30.34	29.51	30.3	4816016	144570752
2014/6/11	29.78	30.47	29.69	29.9	3834826	115360888
2014/6/10	29.78	30.12	28.72	30.09	4631930	137088528
2014/6/9	29.81	30.4	29.38	29.5	3567613	106888632
2014/6/6	30.4	30.4	29.6	29.79	5468586	163834352
2014/6/5	29	31.13	28.78	30.6	9853831	295433568
2014/6/4	28.9	29.25	28.2	29.18	3930443	112862656
2014/6/3	28.57	29.66	28.57	28.75	5269745	153314736
2014/5/30	28.18	28.6	27.58	27.88	2987916	83529304
2014/5/29	29.35	29.66	28.32	28.34	4320908	125115912
2014/5/28	28.62	29.47	28.5	29.29	4623915	134246768
2014/5/27	29.1	29.34	28.6	28.72	4110299	118672272
2014/5/26	28.28	29.48	28	29.42	6455546	185202368
2014/5/23	27.38	28.14	27.33	28.1	3108810	86646304
2014/5/22	27.79	28.13	27.54	27.6	2789496	77845776
2014/5/21	27.97	28.03	27.22	27.8	2129471	58867476
2014/5/20	27.15	28.26	27.15	27.75	3671859	102016968
2014/5/19	26.89	27.56	26.8	27.25	2525337	68678992
2014/5/16	27.2	27.29	26.52	26.85	1836924	49355864
2014/5/15	27.85	27.95	26.89	27.05	3296365	90183512
2014/5/14	28.05	28.49	27.8	27.86	2287887	64133608
2014/5/13	28.55	28.88	28	28.28	2898970	82253848
2014/5/12	28.12	28.79	27.4	28.52	3733229	105241328
2014/5/9	29.06	29.49	27.21	27.8	4879616	138315680
2014/5/8	29.5	30.2	28.6	29.75	4387974	129543048
2014/5/7	28.7	31.46	28.7	30.09	9700581	295534432
2014/5/6	29.08	29.1	28.54	28.6	3421060	98447272
2014/5/5	28.41	29.28	28.29	29.07	3513527	101539416
2014/4/30	27.49	28.92	27.36	28.75	5189160	147651616
2014/4/29	27.5	27.81	27.06	27.65	4037464	111103520
2014/4/28	29.79	29.79	27.03	27.05	7372882	206097664
2014/4/25	30.28	30.73	29.86	30.03	3420550	103511024
2014/4/24	30.44	30.97	29.8	30.5	4953571	150750208
2014/4/23	32.3	32.3	30.21	30.44	5713228	178421104
2014/4/22	31.76	32.6	31.3	32.15	5895293	188644416
2014/4/21	32	32.64	31.5	31.74	5019997	160471968
2014/4/18	31.88	32.84	31.7	32.4	5773216	187457328
2014/4/17	33.37	33.65	31.89	32.17	10153788	331248480
2014/4/16	34.5	34.94	33.2	33.35	10832887	368256448
2014/4/15	33.99	36.5	33.33	35.05	16707062	582075840
2014/4/14	34	36.5	32.02	35.18	25476800	878198336
2014/4/11	33.99	33.99	33.99	33.99	6184972	210227200
2014/4/10	30.9	30.9	30.9	30.9	438235	13541462
2014/4/9	28.09	28.09	28.09	28.09	627103	17615324
2014/2/24	24.5	25.65	24.3	25.54	5612911	141549072
2014/2/21	24.36	24.8	24.24	24.8	2781976	68211016
2014/2/20	25.5	25.61	24.4	24.4	4138072	102531416
2014/2/19	25.32	25.77	25.15	25.65	4197614	106983288
2014/2/18	26.18	26.18	25.2	25.34	5187238	132656320
2014/2/17	26.43	26.5	25.68	26.22	5674832	147920864
2014/2/14	25.93	26.49	25.57	26.24	5953217	155401584
2014/2/13	26.05	26.38	25.52	25.99	6132001	159511024
2014/2/12	26.24	26.5	25.4	26.12	7122481	184401456
2014/2/11	26.6	26.98	25.99	26.33	9513177	251115552
2014/2/10	28.4	28.9	26.81	27.21	11298295	311326624
2014/2/7	26.56	27.9	26.1	27	11848035	320457568
2014/1/30	25	25.41	24.15	25.41	3435600	86102736
2014/1/22	22.12	23.43	22.01	23.1	5651037	128837752
2014/1/21	21.3	22.22	21.21	22.22	3931781	86045264
2014/1/20	21.64	21.67	21.07	21.2	1570677	33494560
2014/1/17	21.86	22.12	21.12	21.88	2393967	51741576
2014/1/16	22.04	22.28	21.81	21.95	2692499	59207760
2014/1/15	22	22.15	21.7	21.99	2324497	50955564
2014/1/14	21.49	21.99	21.4	21.99	2366476	51322772
2014/1/13	21.82	22.02	21.3	21.42	1967070	42629780
2014/1/10	22	22.44	21.6	21.65	3667600	80371472
2014/1/9	21.33	23.38	21.15	22.44	7580209	169748048
2014/1/8	20.64	21.54	20.6	21.44	3909850	82263448
2014/1/7	20.59	20.87	20.47	20.64	1159973	23956406
2014/1/6	21.2	21.46	20.75	20.75	1798107	37716648
2014/1/3	21.3	21.5	21.08	21.5	2533344	53972724
2014/1/2	20.66	21.58	20.6	21.48	3537655	75392360
2013/12/31	20.35	20.69	20.1	20.56	2086675	42706720
2013/12/30	20.56	20.66	20.3	20.42	2015154	41264312
2013/12/27	20.02	20.6	20	20.6	2945608	59748592
2013/12/26	20.29	20.4	19.73	20.1	2092692	42171700
2013/12/25	19.72	20.27	19.36	20.27	2512129	50148040
2013/12/24	19.54	19.98	19.36	19.66	1647556	32437708
2013/12/23	20.38	20.57	19.2	19.8	2847432	55839120
2013/12/20	21.25	21.33	20.23	20.37	1880319	38763388
2013/12/19	21.34	21.79	21.18	21.2	1451405	31199386
2013/12/18	21.95	21.95	21	21.44	2298809	49143676
2013/12/17	22.72	22.72	21.46	21.98	2472463	54515312
2013/12/16	22.37	22.84	22.25	22.79	3188987	72008552
2013/12/13	22.71	22.71	22.19	22.32	2488442	55854308
2013/12/12	21.75	23.49	21.72	22.87	5955836	135933840
2013/12/11	21.96	22.22	21.72	22.01	1969274	43200248
2013/12/10	22.08	22.35	21.85	21.95	2215167	48894428
2013/12/9	21.69	22.22	21.65	22.08	2222899	48968612
2013/12/6	22.25	22.33	20.9	21.69	3579048	77189752
2013/12/5	22.47	22.74	22.21	22.26	1811539	40581816
2013/12/4	22.3	22.9	22.3	22.47	2442045	55226456
2013/12/3	22.2	22.75	21.89	22.45	2018574	45041960
2013/12/2	24.34	24.34	22.28	22.31	3471294	80251808
2013/11/29	24.51	24.83	24.5	24.73	2613140	64610496
2013/11/28	24.76	24.93	24.34	24.48	2791121	68544104
2013/11/27	23.65	24.93	23.5	24.73	4368053	106820424
2013/11/26	23.4	23.77	23.4	23.6	1854459	43839980
2013/11/25	23.77	23.93	23.39	23.4	1876255	44470224
2013/11/22	24.58	24.75	23.67	23.94	3309731	79614048
2013/11/21	24.91	24.95	24.51	24.56	2468551	60878652
2013/11/20	25.21	25.49	24.68	24.95	2630925	65738764
2013/11/19	25.1	25.57	24.89	25.16	3471266	87876216
2013/11/18	25	25.15	24.58	25.1	3647653	90824376
2013/11/15	24.31	25.5	24.16	24.79	4448608	110529320
2013/11/14	23.91	24.39	23.56	24.32	2968499	71619432
2013/11/13	23.66	24.54	23.57	23.82	2730508	65900980
2013/11/12	23.95	23.99	23.38	23.85	1993967	47303728
2013/11/11	23.6	24.19	22.98	23.75	2413683	56991220
2013/11/8	23.38	23.75	23.1	23.6	1943508	45641552
2013/11/7	23.09	24.1	22.95	23.35	2314061	54761556
2013/11/6	23.68	24.05	23.2	23.2	2554210	60474200
2013/11/5	22.9	23.85	22.61	23.72	2597231	60598220
2013/11/4	23	23.48	22.89	22.93	1936482	44790948
2013/11/1	23.8	24.15	22.86	23.23	2084042	48512908
2013/10/31	24.7	24.8	23.78	23.78	2011992	48921784
2013/10/30	24.56	25.68	24.56	25	2358464	59489740
2013/10/29	25.5	25.85	24.31	24.94	2941766	73404176
2013/10/28	24.6	25.7	24.51	25.66	2416247	60677280
2013/10/25	26.05	26.23	23.5	24.71	3164022	78512760
2013/10/24	25.96	26.3	25.77	26.05	1565395	40811904
2013/10/23	26.09	26.39	25.35	26.06	2640404	68248880
2013/10/22	27.4	27.4	25.98	26.05	5216722	138012848
2013/10/21	26.9	27.79	26.65	27.47	3089267	84632536
2013/10/18	26.6	27.14	26.36	26.9	2849391	76737824
2013/10/17	26.63	27.14	26.02	26.45	3807727	101501960
2013/10/16	28.48	28.66	25.99	26.65	6073234	163288832
2013/10/15	29.31	29.4	28.3	28.5	4590593	132535656
2013/10/14	29.05	29.52	28.7	29.31	4527329	132119856
2013/10/11	28.81	29.45	27.6	29.34	7668404	218758016
2013/10/10	29.99	30.49	28.77	28.96	7971292	235214128
2013/10/9	29.8	30.15	29.2	29.88	7996173	237498240
2013/10/8	30.87	31.29	29.65	30.07	8838495	268342544
2013/9/30	29.75	31.94	29.52	30.63	10662184	328429664
2013/9/27	29.97	30.98	29.52	30.11	10388529	316921440
2013/9/26	33	33.3	29.9	30.14	20795425	662703296
2013/9/25	29.29	32.21	28.7	32.21	23317544	725616960
2013/9/24	29.29	30.43	28.73	29.28	12566971	370736768
2013/9/23	28.5	29.48	27.51	29.24	12131546	347364672
2013/9/18	26.58	28.37	26.58	27.94	8527233	236767328
2013/9/17	27.22	27.23	26.52	26.58	3713530	99658056
2013/9/16	26.66	27.85	26.37	27.23	6647080	181903152
2013/9/13	26.07	26.83	25.56	26.62	4551860	119692688
2013/9/12	26.1	26.93	26.02	26.2	3853726	102010384
2013/9/11	27.28	27.5	25.52	26.19	6363488	166610304
2013/9/10	27.98	28.39	27.02	27.3	8086654	222280272
2013/9/9	29.38	29.56	27.83	28.25	6789122	194033472
2013/9/6	28.3	28.82	27.86	28.71	7393604	210040080
2013/9/5	28	28.99	27.61	28.35	9054410	258364544
2013/9/4	28.25	28.25	27.48	27.7	6170089	171953856
2013/9/3	27.83	28.91	27.83	28.39	6637422	187917552
2013/9/2	26.3	28.6	26.3	28.08	7135589	197109200
2013/8/30	30.69	30.71	27.64	27.64	13106057	378965792
2013/8/29	29.53	31.16	29	30.71	12400476	371806560
2013/8/28	29.79	31.65	29.39	30.26	18255383	562009920
2013/8/27	29.55	30.45	28.4	30.1	14546941	428096256
2013/8/26	29.7	30.55	29.07	29.59	12470407	370409952
2013/8/23	28.97	30.07	28.2	29.61	14742548	432513088
2013/8/22	28.71	29.4	28.58	28.96	8821916	256389136
2013/8/21	29	29.78	28.48	28.95	9994648	289877536
2013/8/20	27.42	30.1	27.22	29.35	17329596	499290496
2013/8/19	26.65	27.89	26.31	27.52	7651910	208819712
2013/8/16	28.4	29.38	27.31	27.39	14763075	418235584
2013/8/15	26.74	29.56	26.51	28.42	20037197	568223360
2013/8/14	26.7	27.9	26.2	27.24	11849279	321287040
2013/8/13	25.88	27.97	25.61	27.04	13210550	357567296
2013/8/12	25.91	26.09	24.87	25.89	8143234	207155568
2013/8/9	27.16	27.48	25.05	25.9	10284360	268411328
2013/8/8	26.7	27.56	26.5	26.92	6385569	172689616
2013/8/7	28.4	28.4	26.98	27.14	10607804	293182432
2013/8/6	27.11	29.17	27.11	28.69	15687181	446141696
2013/8/5	27.18	27.7	26.5	27.49	10128873	274493504
2013/8/2	28.2	28.64	26.71	26.88	13286571	368711104
2013/8/1	26.49	28.88	26.44	28.38	16091376	446380160
2013/7/31	27.05	27.52	26.55	26.63	12060495	326052128
2013/7/30	28	28.3	25.88	26.83	13871565	372023712
2013/7/29	28.05	29.11	27.61	27.75	12463955	350869728
2013/7/26	30.12	30.69	27.81	28.8	19057258	555536128
2013/7/25	31.58	31.67	29.8	29.8	19958791	610285376
2013/7/24	30.35	32.29	29.3	32.27	29186642	917116800
2013/7/23	29	29.98	28.2	29.35	21432172	621444672
2013/7/22	27.01	29.98	26.62	29.85	27941625	785075456
2013/7/19	26.97	27.25	26.01	27.25	25413338	685184256
2013/7/18	24.76	24.77	24.24	24.77	7680872	189867856
2013/7/17	20.42	22.52	20.09	22.52	23094837	497183936
2013/7/16	19.08	21	18.6	20.47	17033186	340935072
2013/7/15	18	19.24	17.92	19.1	10714664	200847248
2013/7/12	17.9	18.94	17.9	18.22	10129012	186588432
2013/7/11	17.94	18.3	17.36	17.87	7505596	133918288
2013/7/10	17.3	18.28	17.28	17.94	6209027	110365376
2013/7/9	16.72	17.52	16.72	17.28	4503989	77578312
2013/7/8	17.7	17.7	16.6	16.91	6918651	118294600
2013/7/5	18.98	19.25	17.88	17.9	13616728	252492256
2013/7/4	17.51	19.56	17.51	19.28	17693374	336014528
2013/7/3	17.2	17.95	16.77	17.78	9271507	161898128
2013/7/2	16.8	17.71	16.6	17.22	7557696	130082832
2013/7/1	15.82	16.87	15.82	16.68	4981312	82496096
2013/6/28	16	16.86	15.48	16.1	7039924	114042280
2013/6/27	17.7	18.1	16.35	16.35	9131658	157371104
2013/6/26	17.01	18.26	16.63	17.82	7856943	137518768
2013/6/25	16.2	17.29	15.21	17.01	7198632	117257384
2013/6/24	18.6	18.98	16.7	16.9	8181419	146074784
2013/6/21	17.15	18.52	16.6	18.37	7283071	130537240
2013/6/20	17.39	18.36	17.17	17.7	7271225	131375312
2013/6/19	17.51	18.11	17.13	17.69	3260737	57707036
2013/6/18	17.6	18.16	17.05	17.8	4923671	86816912
2013/6/17	17.5	18.88	17.47	17.71	10433820	190145264
2013/6/14	16.5	17.9	16.41	17.64	7871250	135859568
2013/6/13	16.26	16.38	15.02	16.35	3758119	59008956
2013/6/7	17.09	17.37	16.31	16.45	4276980	71394152
2013/6/6	17.4	17.77	17.18	17.18	3612968	63324160
2013/6/5	17.46	17.63	17.1	17.34	3227908	55816064
2013/6/4	18.21	18.3	17.39	17.48	5295057	94265584
2013/6/3	17.9	18.5	17.9	18.33	5798327	106019344
2013/5/31	18.26	18.5	17.86	17.87	5099663	92687688
2013/5/30	18.26	18.5	18.04	18.25	6417106	117037240
2013/5/29	18.53	19.1	18.43	18.65	8095729	152330352
2013/5/28	18.51	18.59	18.1	18.23	5742625	105138592
2013/5/27	18.47	18.88	18	18.81	8759304	161148048
2013/5/24	18.2	19.15	18.17	18.68	10183856	189933664
2013/5/23	19.05	19.15	18.16	18.21	11235519	208045984
2013/5/22	19.17	19.55	18.5	19	11863338	225672080
2013/5/21	19.38	20.1	19.13	19.8	25106586	490386944
2013/5/20	18.11	18.48	17.68	18.48	14580913	266357616
2013/5/17	16.04	17.15	16.01	16.8	13196821	220478544
2013/5/16	16	16.28	15.7	15.88	6581215	105088856
2013/5/15	15.45	16.16	15.32	16.04	6479312	102636576
2013/5/14	15.68	15.98	15.25	15.39	4531209	70291416
2013/5/13	15.5	16.16	15.4	15.89	6417560	101434376
2013/5/10	16.64	17.5	16.23	16.24	13964478	235095392
2013/5/9	16.4	16.4	15.75	15.99	9684704	154878736
2013/5/8	15.15	16.6	15.15	16.49	13976468	222850720
2013/5/7	15.27	15.33	15.02	15.13	4010182	60566316
2013/5/6	14.88	15.59	14.77	15.41	6106143	93997168
2013/5/3	14.6	14.99	14.6	14.83	2075044	30776418
2013/5/2	14.51	14.8	14.51	14.67	1287475	18881026
2013/4/26	14.65	14.97	14.58	14.6	2060316	30328782
2013/4/25	15.11	15.37	14.78	14.78	3611740	54081820
2013/4/24	14.88	15.54	14.88	15.21	4427640	67691632
2013/4/23	15.69	15.69	14.83	14.87	4768663	72162672
2013/4/22	15.15	15.64	15	15.62	5521688	85517488
2013/4/19	14.92	15.31	14.92	15.17	3454985	52475844
2013/4/18	14.9	15.18	14.81	14.92	2613001	39131532
2013/4/17	14.8	14.91	14.71	14.9	2182484	32361772
2013/4/16	14.68	14.9	14.41	14.8	2187299	32074100
2013/4/15	15.26	15.3	14.59	14.68	3159301	46733300
2013/4/12	15.06	15.41	15.06	15.2	2600694	39666748
2013/4/11	15.45	15.54	15	15.15	3012236	46003744
2013/4/10	15.91	15.94	14.89	15.3	7188250	110416792
2013/4/9	16.13	17	16.03	16.16	12570696	205340144
2013/4/8	15.3	16.81	15.3	16.37	13834255	225362240
2013/4/3	15.43	15.55	15.04	15.28	2496523	38067448
2013/4/2	14.91	15.59	14.91	15.42	6065745	93022648
2013/4/1	14.79	15	14.56	14.9	2493605	37007172
2013/3/29	14.5	14.96	14.5	14.65	3562730	52626960
2013/3/28	15.4	15.4	14.5	14.5	4726779	69993744
2013/3/27	15.7	15.98	15.39	15.57	4381067	68587496
2013/3/26	15.21	15.79	15.21	15.77	5673118	88410584
2013/3/25	15.56	15.58	15.11	15.27	2517085	38541272
2013/3/22	15.58	15.65	15.3	15.5	3609681	55778384
2013/3/21	15.4	15.64	15.25	15.52	4131966	63930376
2013/3/20	14.65	15.59	14.65	15.33	5392677	82488936
2013/3/19	15.15	15.38	14.38	14.72	4267042	63003156
2013/3/18	15.2	15.57	15.12	15.13	3108436	47615140
2013/3/15	15.35	15.89	15.17	15.41	4659230	72025368
2013/3/14	15.95	16.25	15.81	15.87	3089302	49355644
2013/3/13	15.39	16.5	15.21	16.03	6195030	98358040
2013/3/12	16.61	16.7	15.12	15.64	9566724	151249696
2013/3/11	17.5	17.72	16.6	16.7	9090369	153830752
2013/3/8	16.7	18.28	16.52	17.5	16218356	285404768
2013/3/7	16.78	17.2	16.4	16.7	7547727	127349384
2013/3/6	16.31	16.65	16.29	16.63	5246719	86513008
2013/3/5	16.14	16.66	16.05	16.36	5076516	82822064
2013/3/4	16.92	17.18	16.03	16.14	7832413	129613048
2013/3/1	17.1	17.45	16.75	17.25	9492558	162250704
2013/2/28	16.5	17.34	16.45	17.09	9790035	167290112
2013/2/27	16.36	16.69	16.03	16.55	6723206	110193184
2013/2/26	16.36	17.3	15.98	16.44	9311964	154887024
2013/2/25	16.36	16.95	16.34	16.53	8363943	138549680
2013/2/22	17.78	18.5	16.84	16.96	14201426	251100704
2013/2/21	17.09	18.31	16.66	18	16989163	298908000
2013/2/20	17.34	17.58	16.35	17.31	12314319	208394064
2013/2/19	16.68	17.99	16.68	17.39	19554494	341718112
2013/2/18	15.18	16.62	15.18	16.62	15989099	260044368
2013/2/8	15.13	15.28	14.9	15.11	5781178	87477224
2013/2/7	15.2	15.38	14.73	15.11	6511311	97701320
2013/2/6	14.99	15.6	14.72	15.25	9183907	140191424
2013/2/5	15.51	15.51	14.57	15.01	10922407	163218784
2013/2/4	16.52	17.02	15.17	15.66	11168845	178138016
2013/2/1	16.07	17	16.07	16.6	13217063	219139664
2013/1/31	16.15	16.73	15.99	16.05	10337914	168337664
2013/1/30	16.88	17.15	16.11	16.37	15825008	260727008
2013/1/29	17.14	18.81	16.9	17.26	21267650	378306336
2013/1/28	17.59	18.11	16.73	17.4	23635206	409673568
2013/1/25	15.5	17.9	15.43	17.9	28965548	501865440
2013/1/24	16.17	17.25	16.08	16.27	26544888	441226560
2013/1/23	13.92	15.77	13.86	15.77	27720105	421122176
2013/1/22	13.5	14.57	12.95	14.34	20464533	283051328
2013/1/21	13.65	13.68	13.35	13.46	6797778	91692240
2013/1/18	13.45	13.72	13.35	13.6	7342815	99186408
2013/1/17	13.6	13.85	13.25	13.47	10916078	148027712
2013/1/16	13.99	14.08	13.42	13.6	16780110	230921776
2013/1/15	14.58	15.1	14.37	14.4	18872456	276344544
2013/1/14	14.4	15.26	13.71	14.7	22930561	333441888
2013/1/11	14	15.6	13.61	14.5	31470043	460530400
2013/1/10	13.05	14.33	12.7	14.33	27555168	370855552
2013/1/9	14.6	14.6	12.61	13.03	27595629	367119104
2013/1/8	13.05	13.88	13.05	13.88	11212427	152880048
2013/1/7	11.71	12.62	11.66	12.62	19951327	244271968
2013/1/4	11	11.47	10.69	11.47	19312052	216336304
2012/12/31	10.4	10.43	9.91	10.43	16305853	168873792
2012/12/17	9	9.75	8.83	9.48	10386311	96559144
2012/12/14	8.65	9.18	8.65	9.05	8220754	74285488
2012/12/13	8.76	9.06	8.64	8.67	4191903	37103528
2012/12/12	8.7	8.97	8.63	8.85	4942193	43468984
2012/12/11	9	9.07	8.78	8.79	7151407	63753192
2012/12/10	8.72	9.17	8.52	9.17	10690931	94660344
2012/12/7	8.43	8.83	8.28	8.72	9777675	83905360
2012/12/6	8.3	8.59	8.17	8.4	7161425	59805552
2012/12/5	8	8.55	7.96	8.37	8524693	70969896
2012/12/4	7.65	8.14	7.64	8.09	5786284	45805808
2012/12/3	8.33	8.33	7.73	7.77	5934006	47555512
2012/11/30	8.08	8.45	8.06	8.33	5192179	42973176
2012/11/29	8.3	8.48	8.14	8.17	5818767	48234712
2012/11/28	8.5	8.57	8.19	8.25	6276921	52187300
2012/11/27	9.59	9.59	8.67	8.67	9121010	81175328
2012/11/26	9.63	9.95	9.54	9.63	8659808	84915672
2012/11/23	9.53	9.65	9.5	9.54	4144724	39716176
2012/11/22	9.7	9.7	9.47	9.5	5352830	51156876
2012/11/21	9.61	9.83	9.44	9.83	7087943	68255568
2012/11/20	10.2	10.3	9.78	9.78	7929882	79562736
2012/11/19	10.2	10.36	9.83	10.05	8572435	86171552
2012/11/16	11.57	11.57	10.45	10.59	18129074	193009920
2012/11/15	10.9	12.33	10.85	11.61	21793902	260160528
2012/11/14	10.72	11.29	10.68	11.21	11741795	129984624
2012/11/13	11.6	11.78	10.88	11.03	11895984	134747536
2012/11/12	11.95	12.37	11.45	11.66	14261626	169587424
2012/11/9	11.39	12.13	11.26	11.78	20607674	240544096
2012/11/8	10.7	11.73	10.6	11.73	25433038	287498176
2012/11/7	10.57	10.66	10.35	10.66	8023530	84425408
2012/11/6	10.37	10.79	10.26	10.69	11728185	123533488
2012/11/5	10.88	10.88	10.29	10.42	13204607	138445312
2012/11/2	10.87	11.44	10.8	11.04	14749998	165147232
2012/11/1	10.89	11.17	10.75	10.98	11211944	123168640
2012/10/31	11.28	11.28	10.65	10.87	10054400	109095824
2012/10/30	11.26	11.42	11.08	11.26	7574520	85357408
2012/10/29	11.59	11.59	10.97	11.2	10954067	122910928
2012/10/26	11.77	12.25	11.55	11.78	9783597	116298288
2012/10/25	12.8	13.1	11.85	11.88	16130607	199671744
2012/10/24	13.19	13.39	12.66	13	16444261	213710624
2012/10/23	13.98	14.76	13.68	13.68	24882354	348939744
2012/10/22	14.66	15.86	13.52	15.2	32778657	492058368
2012/10/19	12	14.42	12	14.42	31664808	429241280

:						
000156   						
      	    	    	    	    	    	    