2019/9/23	4.94	4.94	4.8	4.86	43218815	209887632
2019/9/20	4.94	4.96	4.92	4.96	40558019	200615920
2019/9/19	4.92	4.96	4.9	4.94	26499260	130640616
2019/9/18	4.95	4.97	4.89	4.9	33854545	166880240
2019/9/17	5.05	5.06	4.92	4.94	49783494	248365184
2019/9/16	5.12	5.13	5.04	5.07	41781464	212017728
2019/9/12	5.11	5.15	5.07	5.12	43289510	221153088
2019/9/11	5.15	5.18	5.09	5.11	74160880	380601728
2019/9/10	5.08	5.13	5.02	5.1	53295393	270276064
2019/9/9	5.13	5.16	5.06	5.1	70856306	361778176
2019/9/6	5.04	5.08	5.01	5.06	53110433	267882224
2019/9/5	4.96	5.19	4.96	5.03	124108133	630896640
2019/9/4	4.88	4.97	4.87	4.93	43466392	214177312
2019/9/3	4.92	4.92	4.86	4.89	28180696	137680768
2019/9/2	4.79	4.93	4.79	4.92	42040171	205241072
2019/8/30	4.89	4.92	4.78	4.78	28784396	139314784
2019/8/29	4.91	4.92	4.83	4.85	22279897	108525408
2019/8/28	4.94	4.98	4.89	4.9	32020030	157511280
2019/8/27	4.88	4.98	4.87	4.97	73317976	362694368
2019/8/26	4.81	4.88	4.78	4.84	28320446	137137904
2019/8/23	4.93	4.95	4.86	4.87	29986884	146992944
2019/8/22	4.92	4.93	4.87	4.89	27462522	134393600
2019/8/21	4.87	4.94	4.86	4.9	35968846	176049216
2019/8/20	4.86	4.94	4.83	4.89	72688861	355588480
2019/8/19	4.66	4.87	4.64	4.85	78573229	375859200
2019/8/16	4.58	4.67	4.57	4.62	32701997	151334368
2019/8/15	4.5	4.61	4.46	4.59	30043527	136344864
2019/8/14	4.62	4.64	4.59	4.59	20461369	94424968
2019/8/13	4.59	4.6	4.55	4.57	22195404	101494632
2019/8/12	4.58	4.64	4.57	4.63	28766958	132569832
2019/8/9	4.63	4.65	4.54	4.55	23559863	108030728
2019/8/8	4.66	4.7	4.6	4.62	31126103	144283520
2019/8/7	4.61	4.63	4.56	4.56	23375799	107300664
2019/8/6	4.56	4.67	4.47	4.6	57340598	261756944
2019/8/5	4.69	4.74	4.65	4.66	33478484	157277488
2019/8/2	4.77	4.77	4.69	4.71	47640644	225082288
2019/8/1	4.87	4.9	4.82	4.83	30975471	150357200
2019/7/31	4.92	4.92	4.87	4.89	25664833	125617232
2019/7/30	4.88	4.96	4.88	4.92	30221927	148793936
2019/7/29	4.92	4.94	4.86	4.87	33093170	161912160
2019/7/26	4.96	4.96	4.91	4.94	25921600	127910192
2019/7/25	4.97	4.98	4.93	4.96	26812248	132793120
2019/7/24	4.96	5.03	4.95	4.97	37495389	187096032
2019/7/23	4.96	4.98	4.92	4.95	22122915	109444328
2019/7/22	5.06	5.07	4.9	4.94	41289560	205847008
2019/7/19	4.96	5.08	4.96	5.03	48421368	243660656
2019/7/18	4.96	4.98	4.93	4.95	30803085	152706288
2019/7/17	4.98	5.03	4.95	4.98	37798443	188366912
2019/7/16	4.93	5	4.93	4.99	34680480	172532688
2019/7/15	4.87	5	4.81	4.95	51801834	254650528
2019/7/12	4.83	4.88	4.81	4.85	29541633	143333648
2019/7/11	4.84	4.88	4.81	4.82	24127284	116825464
2019/7/10	4.85	4.87	4.78	4.81	26204162	126719128
2019/7/9	4.84	4.87	4.8	4.85	30364127	146831920
2019/7/8	4.99	4.99	4.8	4.82	44295487	216504304
2019/7/5	5.02	5.02	4.97	5	26343181	131542616
2019/7/4	5	5.05	4.98	5.01	39196284	196807504
2019/7/3	5.08	5.08	4.98	5	37707270	188946512
2019/7/2	5.1	5.1	5.06	5.09	34083918	173194656
2019/7/1	5.14	5.17	5.07	5.11	75297714	384558240
2019/6/28	5.05	5.07	4.98	5.01	37707876	189129984
2019/6/27	5.03	5.15	5.03	5.06	60267759	306216480
2019/6/26	5.01	5.05	4.98	5.01	37704311	189239792
2019/6/25	5.12	5.13	4.98	5.08	79492038	402032256
2019/6/24	5.2	5.23	5.07	5.12	76782420	394950528
2019/6/21	5.11	5.19	5.09	5.14	105020773	539699008
2019/6/20	4.87	5.24	4.87	5.12	154866547	784837568
2019/6/19	5.08	5.14	4.87	4.9	107905593	537896320
2019/6/18	4.84	4.87	4.8	4.86	42391300	205362304
2019/6/17	4.8	4.86	4.79	4.85	44010644	212966384
2019/6/14	4.84	4.87	4.78	4.79	76861311	371610944
2019/6/13	4.81	4.87	4.8	4.83	42517697	205591840
2019/6/12	4.84	4.89	4.79	4.81	52471030	253599184
2019/6/11	4.66	4.88	4.64	4.87	86677567	415877088
2019/6/10	4.65	4.69	4.53	4.66	48887404	226298032
2019/6/6	4.72	4.75	4.63	4.65	36049502	169265152
2019/6/5	4.74	4.77	4.71	4.72	37833275	179238016
2019/6/4	4.72	4.74	4.65	4.69	33870600	159103824
2019/6/3	4.73	4.8	4.7	4.73	37269832	176641808
2019/5/31	4.74	4.78	4.72	4.72	28598158	135719504
2019/5/30	4.73	4.75	4.69	4.73	27478842	129511552
2019/5/29	4.74	4.82	4.72	4.74	36014644	171525168
2019/5/28	4.73	4.79	4.69	4.77	64431840	305914336
2019/5/27	4.64	4.76	4.59	4.73	52141059	244823984
2019/5/24	4.59	4.66	4.59	4.62	28119437	130187720
2019/5/23	4.61	4.68	4.57	4.61	40515042	187535920
2019/5/22	4.7	4.71	4.61	4.62	38186570	177734800
2019/5/21	4.63	4.73	4.62	4.7	38266443	179301232
2019/5/20	4.55	4.68	4.54	4.64	44149562	203400896
2019/5/17	4.77	4.79	4.54	4.58	69797634	326020448
2019/5/16	4.79	4.83	4.76	4.81	42570037	204208656
2019/5/15	4.75	4.82	4.75	4.78	44139503	211042592
2019/5/14	4.71	4.79	4.69	4.72	44892263	212953120
2019/5/13	4.78	4.82	4.74	4.75	42780038	204183296
2019/5/10	4.71	4.91	4.68	4.83	83417835	399992704
2019/5/9	4.7	4.75	4.65	4.67	54585230	256401968
2019/5/8	4.7	4.79	4.67	4.74	48574168	230056592
2019/5/7	4.73	4.8	4.64	4.77	92015251	435825664
2019/5/6	5	5.03	4.63	4.7	129213016	625867008
2019/4/30	5.1	5.17	5.1	5.14	53414548	274440512
2019/4/29	5.38	5.4	5.07	5.09	113354772	586596864
2019/4/26	5.38	5.47	5.35	5.37	80379371	433942688
2019/4/25	5.52	5.58	5.39	5.4	94394194	518875456
2019/4/24	5.48	5.53	5.42	5.51	63010445	345958592
2019/4/23	5.47	5.6	5.42	5.48	90154367	495804000
2019/4/22	5.64	5.65	5.48	5.49	83671925	464774656
2019/4/19	5.56	5.62	5.53	5.58	65961331	367382752
2019/4/18	5.57	5.6	5.54	5.55	56111038	312377824
2019/4/17	5.59	5.63	5.55	5.57	81737930	456648352
2019/4/16	5.46	5.61	5.39	5.6	105851905	583314176
2019/4/15	5.64	5.68	5.49	5.49	95730062	536674400
2019/4/12	5.55	5.62	5.52	5.56	82733353	461091872
2019/4/11	5.64	5.67	5.55	5.56	105865231	593380288
2019/4/10	5.73	5.79	5.58	5.66	181975581	1030256128
2019/4/9	5.67	5.77	5.6	5.77	179433668	1019805440
2019/4/8	5.83	5.84	5.56	5.64	189987639	1082843520
2019/4/4	5.85	5.88	5.7	5.78	202949832	1171633280
2019/4/3	5.57	5.8	5.54	5.79	232668250	1323011968
2019/4/2	5.64	5.71	5.58	5.6	153657096	865831488
2019/4/1	5.53	5.71	5.46	5.63	232564683	1298726528
2019/3/29	5.23	5.57	5.21	5.52	236867627	1284044416
2019/3/28	5.3	5.36	5.2	5.21	110330710	580912256
2019/3/27	5.33	5.35	5.26	5.3	76712373	407274656
2019/3/26	5.5	5.54	5.26	5.29	127319597	685964416
2019/3/25	5.57	5.62	5.47	5.48	129777158	719043584
2019/3/22	5.73	5.77	5.56	5.66	135743222	767573952
2019/3/21	5.69	5.85	5.64	5.75	233444134	1345342080
2019/3/20	5.62	5.77	5.58	5.7	168916189	959891712
2019/3/19	5.68	5.73	5.58	5.64	146498277	829349440
2019/3/18	5.53	5.64	5.44	5.64	157317657	875805888
2019/3/15	5.52	5.61	5.43	5.53	136558408	755970304
2019/3/14	5.56	5.66	5.4	5.47	149373242	824331136
2019/3/13	5.69	5.79	5.56	5.62	177779983	1004437952
2019/3/12	5.69	5.85	5.64	5.7	214653947	1229631232
2019/3/11	5.52	5.74	5.46	5.66	201764866	1129295232
2019/3/8	5.85	5.94	5.54	5.54	410126011	2363044608
2019/3/7	5.95	6.4	5.83	6.15	584310347	3553452544
2019/3/6	5.64	6	5.63	5.91	310659254	1795760640
2019/3/5	5.6	5.66	5.55	5.64	153904366	861410624
2019/3/4	5.69	5.95	5.55	5.66	267070477	1528477312
2019/3/1	5.55	5.71	5.49	5.64	152609360	853723200
2019/2/28	5.7	5.7	5.45	5.5	135372239	751037440
2019/2/27	5.65	5.92	5.56	5.73	217446960	1250106496
2019/2/26	5.95	6.2	5.71	5.73	394578541	2343918592
2019/2/25	5.61	5.93	5.61	5.93	397485523	2307175680
2019/2/22	4.96	5.39	4.88	5.39	219598393	1132896000
2019/2/21	4.84	5.08	4.83	4.9	104230469	514724864
2019/2/20	4.82	4.91	4.8	4.86	49229546	238917056
2019/2/19	4.87	4.99	4.8	4.85	92048173	449828544
2019/2/18	4.66	4.89	4.66	4.86	81765349	391342976
2019/2/15	4.74	4.75	4.63	4.63	66377754	311373088
2019/2/14	4.65	4.84	4.64	4.76	89848537	425587584
2019/2/13	4.54	4.69	4.5	4.65	72028569	332316128
2019/2/12	4.54	4.6	4.52	4.54	39313637	179007456
2019/2/11	4.49	4.57	4.47	4.57	33484939	151951040
2019/2/1	4.46	4.52	4.45	4.5	35785894	160581744
2019/1/31	4.37	4.44	4.36	4.42	28879607	127290376
2019/1/30	4.37	4.4	4.34	4.35	12870253	56261408
2019/1/29	4.38	4.41	4.31	4.39	23885890	104244512
2019/1/28	4.42	4.46	4.38	4.39	25408829	112277960
2019/1/25	4.37	4.41	4.36	4.38	25278841	111004048
2019/1/24	4.33	4.41	4.32	4.38	27202713	119028784
2019/1/23	4.32	4.35	4.3	4.32	12463481	53866044
2019/1/22	4.36	4.4	4.32	4.34	22449979	97926648
2019/1/21	4.38	4.4	4.34	4.38	25986648	113559656
2019/1/18	4.32	4.38	4.32	4.38	17919389	78091528
2019/1/17	4.38	4.39	4.32	4.32	21362570	92930776
2019/1/16	4.42	4.42	4.37	4.38	19235842	84345232
2019/1/15	4.31	4.43	4.31	4.41	37097102	162838800
2019/1/14	4.36	4.39	4.3	4.32	20170274	87563920
2019/1/11	4.33	4.39	4.31	4.36	22255899	96850896
2019/1/10	4.4	4.42	4.31	4.33	29255869	127737792
2019/1/9	4.39	4.48	4.39	4.4	43378017	192196944
2019/1/8	4.37	4.46	4.32	4.4	43124990	189634128
2019/1/7	4.4	4.45	4.33	4.38	53273825	234321264
2019/1/4	4.09	4.52	4.07	4.42	86119991	373164864
2019/1/3	4.05	4.2	4.05	4.13	45574645	188723056
2019/1/2	4.09	4.09	4.02	4.04	24005315	97250504
2018/12/28	4	4.12	4	4.07	28439236	115627400
2018/12/27	4.07	4.1	3.98	3.99	30529384	123274304
2018/12/26	4.08	4.09	4.01	4.01	19457309	78526496
2018/12/25	4.12	4.12	4.01	4.07	20000515	80949776
2018/12/24	4.13	4.16	4.1	4.15	12944337	53481480
2018/12/21	4.21	4.22	4.1	4.14	26107518	108268928
2018/12/20	4.17	4.24	4.15	4.23	24715613	103745576
2018/12/19	4.2	4.23	4.16	4.16	14215789	59579500
2018/12/18	4.2	4.25	4.18	4.2	16706975	70379248
2018/12/17	4.24	4.26	4.19	4.22	22572181	95359000
2018/12/14	4.4	4.41	4.23	4.25	32874057	142076224
2018/12/13	4.41	4.44	4.34	4.42	32243595	141914800
2018/12/12	4.4	4.45	4.38	4.39	20037365	88234216
2018/12/11	4.4	4.41	4.35	4.39	14722547	64525524
2018/12/10	4.41	4.43	4.37	4.39	14240322	62554496
2018/12/7	4.43	4.47	4.42	4.45	10595539	47108708
2018/12/6	4.5	4.5	4.42	4.43	18404088	81819424
2018/12/5	4.54	4.56	4.5	4.52	25407169	115037776
2018/12/4	4.54	4.6	4.54	4.6	20749912	94863992
2018/12/3	4.62	4.65	4.53	4.56	45168553	207022528
2018/11/30	4.41	4.46	4.34	4.44	31056695	136894784
2018/11/29	4.53	4.57	4.42	4.43	28297769	127340384
2018/11/28	4.43	4.52	4.41	4.51	27854424	124806456
2018/11/27	4.43	4.46	4.39	4.43	17495233	77457592
2018/11/26	4.44	4.49	4.38	4.4	22761392	100918312
2018/11/23	4.57	4.61	4.42	4.45	33836898	152174384
2018/11/22	4.6	4.61	4.52	4.57	26659440	121967208
2018/11/21	4.54	4.63	4.51	4.58	33118413	151783056
2018/11/20	4.76	4.8	4.57	4.58	61708374	288919040
2018/11/19	4.67	4.85	4.67	4.81	81518639	388782432
2018/11/16	4.6	4.81	4.58	4.71	79645355	374035584
2018/11/15	4.52	4.63	4.51	4.6	58890614	269844160
2018/11/14	4.53	4.6	4.5	4.52	40986738	185888448
2018/11/13	4.4	4.62	4.38	4.55	67142705	302586880
2018/11/12	4.4	4.46	4.37	4.45	24694720	109288920
2018/11/9	4.4	4.43	4.37	4.4	19712096	86832200
2018/11/8	4.48	4.5	4.39	4.4	27765294	123540280
2018/11/7	4.51	4.53	4.44	4.44	27023497	121194000
2018/11/6	4.56	4.63	4.5	4.53	41488868	188787264
2018/11/5	4.53	4.59	4.5	4.57	46904579	213541872
2018/11/2	4.55	4.58	4.47	4.54	51271600	232368976
2018/11/1	4.48	4.72	4.46	4.48	75071802	342950656
2018/10/31	4.53	4.55	4.44	4.46	45685268	204787456
2018/10/30	4.4	4.67	4.34	4.55	77467036	350087872
2018/10/29	4.43	4.47	4.35	4.38	23261601	102575096
2018/10/26	4.52	4.54	4.41	4.44	45072823	201222064
2018/10/25	4.28	4.54	4.25	4.52	60524023	267277888
2018/10/24	4.27	4.51	4.24	4.4	58395945	256573616
2018/10/23	4.44	4.57	4.3	4.34	83870548	372030048
2018/10/22	3.99	4.37	3.99	4.37	67045687	286095616
2018/10/19	3.86	3.97	3.82	3.97	22723234	88825424
2018/10/18	3.95	3.97	3.88	3.89	14876182	58498860
2018/10/17	3.96	3.99	3.93	3.97	13144802	52022352
2018/10/16	3.91	3.97	3.91	3.93	14461943	56916744
2018/10/15	3.95	4	3.9	3.92	17142226	67635080
2018/10/12	4	4.02	3.92	3.92	22594691	89779736
2018/10/11	4.28	4.29	4	4.02	34902525	145277392
2018/10/10	4.37	4.4	4.36	4.37	9910893	43396824
2018/10/9	4.37	4.4	4.35	4.36	11400603	49889712
2018/10/8	4.45	4.47	4.36	4.36	21091323	93161024
2018/9/28	4.48	4.51	4.47	4.5	14456509	64939276
2018/9/27	4.55	4.55	4.46	4.48	23925923	107349936
2018/9/26	4.53	4.56	4.49	4.55	27344810	123861152
2018/9/25	4.49	4.54	4.48	4.51	14965484	67531216
2018/9/21	4.48	4.53	4.46	4.53	22961204	103371824
2018/9/20	4.51	4.51	4.46	4.47	13154472	58924248
2018/9/19	4.51	4.53	4.48	4.51	21402663	96343184
2018/9/18	4.46	4.53	4.45	4.52	21835979	98021760
2018/9/17	4.47	4.49	4.45	4.47	12478521	55805052
2018/9/14	4.48	4.49	4.46	4.47	14184429	63542120
2018/9/13	4.44	4.48	4.42	4.48	16184851	72126896
2018/9/12	4.36	4.44	4.36	4.42	9872352	43589588
2018/9/11	4.35	4.39	4.34	4.38	10257121	44778616
2018/9/10	4.46	4.46	4.36	4.36	16863518	74199512
2018/9/7	4.42	4.48	4.42	4.47	13737826	61128696
2018/9/6	4.42	4.46	4.41	4.43	7729605	34293436
2018/9/5	4.46	4.48	4.43	4.43	12916790	57497332
2018/9/4	4.43	4.49	4.41	4.48	15709144	70002720
2018/9/3	4.43	4.45	4.4	4.43	12471114	55203532
2018/8/31	4.39	4.46	4.38	4.46	22642922	100289736
2018/8/30	4.45	4.46	4.38	4.39	10303209	45514380
2018/8/29	4.46	4.47	4.44	4.46	9349620	41647576
2018/8/28	4.46	4.48	4.44	4.46	11692504	52167844
2018/8/27	4.45	4.49	4.43	4.47	16704149	74558328
2018/8/24	4.41	4.46	4.38	4.44	15853177	70119376
2018/8/23	4.41	4.45	4.37	4.42	18313580	80765736
2018/8/22	4.41	4.41	4.38	4.4	10100755	44401864
2018/8/21	4.34	4.43	4.33	4.41	17851406	78461632
2018/8/20	4.3	4.35	4.28	4.34	11037246	47664664
2018/8/17	4.41	4.41	4.29	4.3	13395112	58502692
2018/8/16	4.34	4.45	4.31	4.39	19443138	85184560
2018/8/15	4.41	4.42	4.36	4.37	12425480	54522864
2018/8/14	4.38	4.42	4.38	4.41	11768002	51762184
2018/8/13	4.34	4.41	4.3	4.38	22481645	98281696
2018/8/10	4.37	4.39	4.34	4.37	9700929	42348408
2018/8/9	4.31	4.4	4.3	4.37	17262734	75376992
2018/8/8	4.32	4.35	4.3	4.31	13497781	58350760
2018/8/7	4.24	4.33	4.23	4.33	13771968	59044348
2018/8/6	4.26	4.3	4.21	4.23	10735003	45697056
2018/8/3	4.28	4.3	4.26	4.26	8703582	37256228
2018/8/2	4.38	4.38	4.24	4.28	17729944	76279896
2018/8/1	4.44	4.48	4.38	4.38	15561393	68946008
2018/7/31	4.43	4.46	4.41	4.44	8658952	38400300
2018/7/30	4.43	4.47	4.41	4.44	14789032	65576088
2018/7/27	4.48	4.49	4.43	4.44	13867420	61793520
2018/7/26	4.47	4.49	4.46	4.48	15487650	69305752
2018/7/25	4.5	4.51	4.45	4.46	18787202	84123400
2018/7/24	4.43	4.55	4.42	4.51	29637537	133326584
2018/7/23	4.38	4.44	4.37	4.44	17991593	79331848
2018/7/20	4.3	4.42	4.29	4.4	23010299	100449904
2018/7/19	4.32	4.36	4.29	4.31	9397837	40570508
2018/7/18	4.37	4.4	4.32	4.32	10774802	46994432
2018/7/17	4.41	4.41	4.35	4.38	8707982	38059936
2018/7/16	4.37	4.42	4.37	4.4	14726320	64612076
2018/7/13	4.38	4.4	4.36	4.37	10211728	44709724
2018/7/12	4.28	4.41	4.28	4.39	16391323	71573784
2018/7/11	4.35	4.36	4.27	4.29	14838195	63900816
2018/7/10	4.38	4.4	4.36	4.38	10529019	46099416
2018/7/9	4.32	4.38	4.32	4.38	11259716	49144148
2018/7/6	4.26	4.36	4.25	4.31	16419405	70654160
2018/7/5	4.33	4.37	4.27	4.27	11849626	51214544
2018/7/4	4.35	4.37	4.31	4.33	13298961	57742112
2018/7/3	4.33	4.36	4.3	4.36	16197662	70225968
2018/7/2	4.35	4.38	4.28	4.33	16754242	72591816
2018/6/29	4.28	4.41	4.28	4.37	17386315	75624152
2018/6/28	4.26	4.37	4.25	4.28	16793203	72380184
2018/6/27	4.31	4.32	4.25	4.26	12588041	53844688
2018/6/26	4.28	4.36	4.27	4.35	16469770	71051016
2018/6/25	4.37	4.4	4.31	4.34	14763765	64251168
2018/6/22	4.31	4.35	4.25	4.35	14651397	63261400
2018/6/21	4.4	4.43	4.31	4.31	17939610	78513432
2018/6/20	4.33	4.44	4.33	4.41	24206087	106586088
2018/6/19	4.63	4.65	4.31	4.32	33434083	150221168
2018/6/15	4.7	4.74	4.65	4.68	14497832	67944784
2018/6/14	4.66	4.73	4.66	4.71	13625647	64009116
2018/6/13	4.74	4.77	4.68	4.68	15705530	74361936
2018/6/12	4.7	4.75	4.68	4.75	13555590	64031972
2018/6/11	4.64	4.73	4.61	4.69	25074149	117903456
2018/6/8	4.67	4.69	4.62	4.65	25770434	119745528
2018/6/7	4.66	4.74	4.66	4.68	21315661	100183592
2018/6/6	4.63	4.69	4.62	4.65	12863382	59876816
2018/6/5	4.63	4.65	4.58	4.65	15564883	71958488
2018/6/4	4.66	4.67	4.6	4.62	13309730	61641852
2018/6/1	4.6	4.72	4.57	4.66	24874443	115228032
2018/5/31	4.57	4.64	4.57	4.64	27224522	125044848
2018/5/30	4.64	4.66	4.53	4.56	29857786	137921552
2018/5/29	4.71	4.73	4.65	4.68	15953098	74795936
2018/5/28	4.72	4.75	4.69	4.72	12037650	56839136
2018/5/25	4.77	4.79	4.71	4.72	15769931	74772288
2018/5/24	4.84	4.85	4.76	4.77	16811784	80739328
2018/5/23	4.87	4.88	4.84	4.84	14312678	69515216
2018/5/22	4.89	4.89	4.84	4.87	15967989	77672720
2018/5/21	4.87	4.92	4.86	4.89	21447808	104933288
2018/5/18	4.81	4.85	4.8	4.84	18136891	87407136
2018/5/17	4.85	4.86	4.81	4.81	14964488	72173960
2018/5/16	4.89	4.9	4.84	4.85	16006554	77869200
2018/5/15	4.93	4.93	4.88	4.91	17687756	86693840
2018/5/14	4.91	4.94	4.9	4.92	16109836	79290912
2018/5/11	4.92	4.94	4.89	4.9	16556457	81425440
2018/5/10	4.89	4.94	4.88	4.92	25389808	124657200
2018/5/9	4.95	4.95	4.84	4.88	19433083	94998512
2018/5/8	4.92	4.95	4.89	4.94	18115833	89269408
2018/5/7	4.9	4.99	4.9	4.92	32836626	162433808
2018/5/4	4.89	4.91	4.86	4.9	26743455	130714512
2018/5/3	4.76	4.93	4.75	4.9	56538640	275108768
2018/5/2	4.69	4.79	4.69	4.76	44512560	211693504
2018/4/27	4.62	4.67	4.61	4.64	14570359	67557848
2018/4/26	4.69	4.69	4.61	4.61	17588860	81771904
2018/4/25	4.71	4.72	4.67	4.68	17110855	80236256
2018/4/24	4.65	4.74	4.65	4.73	17715329	83315512
2018/4/23	4.71	4.72	4.64	4.65	19557037	91502544
2018/4/20	4.79	4.79	4.7	4.7	19093607	90624296
2018/4/19	4.8	4.84	4.79	4.8	18489162	88903296
2018/4/18	4.82	4.83	4.77	4.8	16073981	77100776
2018/4/17	4.79	4.85	4.78	4.78	16406374	78922424
2018/4/16	4.85	4.86	4.78	4.79	15663915	75447432
2018/4/13	4.89	4.91	4.85	4.86	12183030	59435540
2018/4/12	4.92	4.94	4.87	4.87	19581108	95987536
2018/4/11	4.94	4.95	4.91	4.92	15548032	76571880
2018/4/10	4.88	4.95	4.87	4.92	17501942	85879816
2018/4/9	4.89	4.91	4.87	4.87	13637939	66660132
2018/4/4	4.95	4.97	4.9	4.9	13228117	65280960
2018/4/3	4.95	4.98	4.92	4.93	15987687	78967784
2018/4/2	4.97	5.05	4.95	4.98	22510663	112696272
2018/3/30	4.95	4.98	4.94	4.97	14348554	71193072
2018/3/29	4.91	5.01	4.88	4.95	28014996	139000640
2018/3/28	4.89	4.92	4.86	4.91	13652429	66804744
2018/3/27	4.93	4.95	4.9	4.93	19828387	97622512
2018/3/26	4.86	4.91	4.82	4.9	17342884	84465864
2018/3/23	4.93	4.98	4.71	4.95	63702059	309771776
2018/3/22	5.01	5.05	4.98	4.99	18676646	93548584
2018/3/21	5.02	5.09	5.01	5.02	31815790	160591504
2018/3/20	5.03	5.04	5	5.02	11461236	57489468
2018/3/19	4.99	5.05	4.98	5.04	20439334	102500576
2018/3/16	5	5.03	4.99	4.99	16557411	82989600
2018/3/15	5.02	5.04	4.99	5	15133357	75804480
2018/3/14	5.04	5.06	5.01	5.03	15943744	80294576
2018/3/13	5.08	5.08	5.04	5.04	20846791	105481200
2018/3/12	5.1	5.14	5.06	5.09	33979338	172983008
2018/3/9	5.03	5.09	5.02	5.07	23386109	118171408
2018/3/8	4.99	5.04	4.99	5.03	15527520	77833056
2018/3/7	5.05	5.07	4.99	5	21538187	108392584
2018/3/6	5	5.06	4.99	5.06	26507255	133407576
2018/3/5	4.98	5.01	4.98	5	13701047	68376320
2018/3/2	5	5.02	4.98	4.99	14767813	73842976
2018/3/1	5	5.03	4.97	5.03	16447966	82345304
2018/2/28	5.02	5.07	4.96	5.02	22719006	113757784
2018/2/27	5.07	5.07	5.02	5.04	23301079	117416912
2018/2/26	5.01	5.09	4.99	5.08	27831735	140301040
2018/2/23	4.99	5.03	4.98	5	15051818	75320744
2018/2/22	5.01	5.04	4.97	4.99	27738800	138712560
2018/2/14	4.95	4.98	4.94	4.98	12143220	60249228
2018/2/13	4.99	5.03	4.96	4.96	19457634	97274008
2018/2/12	5.01	5.04	4.95	4.97	21832526	108948024
2018/2/9	5.15	5.16	4.84	5.01	52985818	265170240
2018/2/8	5.21	5.25	5.18	5.23	22985300	119904040
2018/2/7	5.36	5.39	5.17	5.21	47010682	247804960
2018/2/6	5.31	5.38	5.28	5.33	58723427	314084480
2018/2/5	5.31	5.43	5.28	5.37	29844195	159878560
2018/2/2	5.3	5.38	5.25	5.37	30149283	160393136
2018/2/1	5.37	5.39	5.26	5.32	48241993	256894112
2018/1/31	5.47	5.47	5.31	5.35	45781638	246907392
2018/1/30	5.59	5.6	5.46	5.48	52301338	288418048
2018/1/29	5.58	5.68	5.56	5.6	48410822	272515648
2018/1/26	5.53	5.63	5.53	5.6	41085154	230225584
2018/1/25	5.64	5.66	5.55	5.56	62808659	352168096
2018/1/24	5.57	5.7	5.53	5.7	90279493	509263968
2018/1/23	5.56	5.64	5.54	5.57	42387623	236285792
2018/1/22	5.56	5.64	5.52	5.59	49423184	275277568
2018/1/19	5.46	5.67	5.46	5.59	82649576	461475648
2018/1/18	5.48	5.54	5.43	5.47	37598629	206121136
2018/1/17	5.32	5.57	5.32	5.47	84212200	461696352
2018/1/16	5.27	5.32	5.25	5.32	17276208	91187640
2018/1/15	5.33	5.33	5.25	5.26	23951925	126821368
2018/1/12	5.34	5.37	5.32	5.33	13356705	71336512
2018/1/11	5.33	5.34	5.31	5.33	13923218	74152232
2018/1/10	5.36	5.39	5.31	5.33	18357568	98173048
2018/1/9	5.39	5.44	5.35	5.36	20502607	110370208
2018/1/8	5.35	5.45	5.31	5.4	35223838	189920192
2018/1/5	5.33	5.38	5.32	5.35	22522326	120596176
2018/1/4	5.36	5.37	5.32	5.33	20510556	109688344
2018/1/3	5.35	5.42	5.35	5.37	24406182	131395696
2018/1/2	5.37	5.4	5.33	5.38	17664878	94793280
2017/12/29	5.3	5.39	5.29	5.37	39807156	212915936
2017/12/28	5.22	5.34	5.2	5.3	42635914	226073088
2017/12/27	5.21	5.25	5.16	5.22	23636608	123002320
2017/12/26	5.18	5.23	5.18	5.22	18586456	96761840
2017/12/25	5.27	5.3	5.17	5.19	18423054	96349472
2017/12/22	5.29	5.32	5.26	5.27	10165543	53801684
2017/12/21	5.3	5.32	5.25	5.29	19732855	104433384
2017/12/20	5.36	5.36	5.3	5.3	16293176	86771600
2017/12/19	5.35	5.37	5.33	5.36	12044521	64528332
2017/12/18	5.36	5.37	5.32	5.33	13269568	70967656
2017/12/15	5.39	5.4	5.35	5.36	18004654	96688632
2017/12/14	5.42	5.44	5.39	5.39	12610508	68172608
2017/12/13	5.42	5.44	5.39	5.42	15481249	83887016
2017/12/12	5.51	5.52	5.43	5.43	20244580	110851008
2017/12/11	5.51	5.53	5.49	5.52	18392035	101288464
2017/12/8	5.51	5.52	5.49	5.51	14691261	80903904
2017/12/7	5.53	5.53	5.49	5.5	13789708	75974144
2017/12/6	5.52	5.56	5.49	5.54	22668575	125041088
2017/12/5	5.51	5.6	5.48	5.55	61128232	339595296
2017/12/4	5.58	5.6	5.5	5.52	31172980	172888528
2017/12/1	5.64	5.66	5.58	5.6	21859622	122872416
2017/11/30	5.64	5.68	5.59	5.67	24685611	139301008
2017/11/29	5.66	5.67	5.59	5.66	17483266	98441592
2017/11/28	5.66	5.67	5.61	5.66	13796811	77820696
2017/11/27	5.63	5.69	5.61	5.67	31620908	178913088
2017/11/24	5.54	5.67	5.53	5.66	41829965	233692800
2017/11/23	5.69	5.71	5.55	5.59	36890964	208393920
2017/11/22	5.68	5.76	5.64	5.7	49941665	283896320
2017/11/21	5.57	5.79	5.56	5.71	67449313	385189856
2017/11/20	5.58	5.61	5.52	5.57	22120651	122886680
2017/11/17	5.57	5.64	5.5	5.61	44452412	247410512
2017/11/16	5.6	5.63	5.58	5.58	17953733	100643640
2017/11/15	5.61	5.63	5.58	5.61	15328662	85941152
2017/11/14	5.68	5.69	5.6	5.6	20794830	117181184
2017/11/13	5.71	5.74	5.66	5.68	18909618	107634464
2017/11/10	5.69	5.74	5.65	5.69	22113879	125876000
2017/11/9	5.68	5.74	5.66	5.69	21254353	120928064
2017/11/8	5.64	5.78	5.62	5.7	41800563	238770256
2017/11/7	5.58	5.66	5.57	5.64	26018505	146348448
2017/11/6	5.57	5.59	5.53	5.58	15682465	87224568
2017/11/3	5.63	5.64	5.56	5.59	17586791	98310704
2017/11/2	5.61	5.65	5.55	5.65	34128224	191193376
2017/11/1	5.65	5.68	5.6	5.6	21602083	122016376
2017/10/31	5.64	5.67	5.62	5.65	16593875	93668656
2017/10/30	5.76	5.77	5.62	5.65	29396413	166762944
2017/10/27	5.81	5.82	5.77	5.78	15425310	89365152
2017/10/26	5.79	5.84	5.76	5.83	30558542	177543904
2017/10/25	5.82	5.83	5.78	5.8	13607374	78835056
2017/10/24	5.73	5.84	5.71	5.82	44958943	259928960
2017/10/23	5.74	5.75	5.71	5.73	12694575	72719520
2017/10/20	5.73	5.76	5.7	5.75	17902508	102567896
2017/10/19	5.84	5.85	5.71	5.74	31429023	181027008
2017/10/18	5.82	5.87	5.81	5.85	25389521	148148656
2017/10/17	5.85	5.86	5.81	5.83	19566205	114035056
2017/10/16	5.9	5.92	5.83	5.84	30193829	177643936
2017/10/13	5.87	5.91	5.86	5.9	21279059	125240776
2017/10/12	5.89	5.9	5.86	5.88	17461724	102579152
2017/10/11	5.88	5.92	5.87	5.89	24122502	142220032
2017/10/10	5.85	5.89	5.85	5.89	27598096	161986032
2017/10/9	5.92	5.95	5.85	5.86	32971329	194392832
2017/9/29	5.82	5.88	5.81	5.83	24204199	141590960
2017/9/28	5.84	5.84	5.81	5.81	24698557	143802304
2017/9/27	5.85	5.85	5.82	5.84	20003728	116798208
2017/9/26	5.84	5.85	5.82	5.84	17707040	103268440
2017/9/25	5.89	5.9	5.81	5.84	29201274	170490064
2017/9/22	5.93	5.94	5.87	5.89	34627385	204101760
2017/9/21	5.98	6.02	5.93	5.93	38349069	229367120
2017/9/20	5.94	5.99	5.92	5.99	22216842	132232792
2017/9/19	6	6.01	5.92	5.94	28465077	169679424
2017/9/18	5.96	6.03	5.96	6	44200565	265301216
2017/9/15	5.96	5.99	5.92	5.96	28283270	168480528
2017/9/14	5.98	6.02	5.95	5.96	29710370	177850256
2017/9/13	6	6.01	5.96	5.98	19615507	117372384
2017/9/12	5.97	6.05	5.97	6.01	60360853	363088800
2017/9/11	5.97	6.01	5.94	5.98	30069589	179636448
2017/9/8	5.98	6	5.94	5.97	30194721	180138688
2017/9/7	6.04	6.06	5.96	5.97	41236600	247822192
2017/9/6	6.07	6.07	6.01	6.03	46139928	278486784
2017/9/5	6.09	6.12	6.07	6.07	33364339	203206960
2017/9/4	6.1	6.12	6.05	6.08	45957203	279261056
2017/9/1	6.08	6.13	6.07	6.1	55269712	336853408
2017/8/31	6.06	6.13	6.04	6.08	61011422	371200224
2017/8/30	6.04	6.17	6.04	6.06	76673862	468159552
2017/8/29	6.11	6.13	6.02	6.03	77114504	467824032
2017/8/28	5.92	6.16	5.91	6.11	175122336	1065776576
2017/8/25	5.74	5.9	5.74	5.87	60992934	356627552
2017/8/24	5.82	5.83	5.74	5.75	26989682	156280992
2017/8/23	5.79	5.87	5.76	5.83	36702143	213632144
2017/8/22	5.82	5.84	5.77	5.78	23465415	136232576
2017/8/21	5.8	5.83	5.79	5.82	20398421	118476656
2017/8/18	5.83	5.83	5.78	5.8	24087578	139810144
2017/8/17	5.8	5.87	5.8	5.86	29640909	172943840
2017/8/16	5.82	5.84	5.77	5.81	21263257	123424744
2017/8/15	5.87	5.87	5.78	5.82	25034435	145690384
2017/8/14	5.71	5.87	5.7	5.85	47256914	273524768
2017/8/11	5.8	5.83	5.68	5.68	43354667	249006432
2017/8/10	5.84	5.91	5.8	5.84	36686033	214547472
2017/8/9	5.9	5.92	5.85	5.85	30226869	177359200
2017/8/8	5.91	5.96	5.85	5.93	39862484	235108464
2017/8/7	5.95	5.97	5.88	5.91	37841076	224095248
2017/8/4	5.95	6.06	5.94	5.97	64852266	389756192
2017/8/3	5.95	6.02	5.93	5.95	47272670	282552672
2017/8/2	5.95	6.03	5.91	5.96	65150098	389131136
2017/8/1	5.91	6.02	5.91	5.94	52067652	310800416
2017/7/31	5.87	5.94	5.85	5.91	40532241	239407152
2017/7/28	5.88	5.9	5.86	5.87	22428265	131754352
2017/7/27	5.81	5.93	5.78	5.9	67901148	398346752
2017/7/26	5.8	5.84	5.78	5.82	29260263	169986304
2017/7/25	5.85	5.88	5.78	5.8	32121446	186787200
2017/7/24	5.82	5.91	5.82	5.84	41356128	242482336
2017/7/21	5.86	5.92	5.82	5.84	37254475	218518320
2017/7/20	5.88	5.95	5.85	5.87	56628446	333078752
2017/7/19	5.61	5.91	5.58	5.91	101457870	587338944
2017/7/18	5.62	5.64	5.58	5.62	29512225	165532112
2017/7/17	5.76	5.79	5.58	5.62	59241183	336113952
2017/7/14	5.81	5.84	5.76	5.79	26723796	154778096
2017/7/13	5.72	5.82	5.7	5.81	43893025	253659056
2017/7/12	5.75	5.79	5.68	5.72	38210902	218743312
2017/7/11	5.75	5.85	5.73	5.75	46451991	268894240
2017/7/10	5.72	5.82	5.7	5.74	54073735	311588320
2017/7/7	5.63	5.75	5.6	5.74	47992629	272989664
2017/7/6	5.63	5.66	5.58	5.65	34264933	192589488
2017/7/5	5.62	5.64	5.6	5.64	17506074	98380072
2017/7/4	5.63	5.65	5.56	5.62	30935924	173440800
2017/7/3	5.6	5.63	5.57	5.63	20023657	112165128
2017/6/30	5.58	5.62	5.54	5.6	24022267	133946464
2017/6/29	5.58	5.62	5.58	5.58	17897746	100187440
2017/6/28	5.6	5.63	5.58	5.59	17844041	100001992
2017/6/27	5.62	5.64	5.59	5.62	20547873	115328504
2017/6/26	5.56	5.64	5.55	5.63	32228050	180783872
2017/6/23	5.56	5.58	5.52	5.56	27900228	154803088
2017/6/22	5.58	5.67	5.57	5.59	53336321	300128960
2017/6/21	5.62	5.65	5.56	5.59	34493466	193047440
2017/6/20	5.61	5.61	5.54	5.58	28729528	160332256
2017/6/19	5.53	5.63	5.51	5.6	41042496	229238144
2017/6/16	5.6	5.61	5.51	5.53	62554022	347256096
2017/6/15	5.67	5.72	5.65	5.68	35862548	203749840
2017/6/14	5.66	5.68	5.63	5.67	35780441	202617824
2017/6/13	5.62	5.67	5.6	5.66	16862743	95148768
2017/6/12	5.7	5.71	5.61	5.61	40969271	231901744
2017/6/9	5.72	5.74	5.69	5.72	18692536	106802224
2017/6/8	5.71	5.74	5.68	5.7	18568807	105976864
2017/6/7	5.68	5.74	5.66	5.72	24402633	139385680
2017/6/6	5.66	5.69	5.63	5.68	14680584	83163072
2017/6/5	5.64	5.68	5.62	5.65	15298877	86428624
2017/6/2	5.65	5.66	5.57	5.64	23683061	133102392
2017/6/1	5.67	5.69	5.62	5.65	29374993	166201184
2017/5/31	5.68	5.73	5.62	5.7	50059281	284593376
2017/5/26	5.62	5.67	5.58	5.63	43594933	245009984
2017/5/25	5.47	5.68	5.44	5.64	60927604	340103680
2017/5/24	5.44	5.48	5.39	5.47	23245294	126618944
2017/5/23	5.42	5.5	5.35	5.46	40607790	220352752
2017/5/22	5.47	5.51	5.36	5.44	26035831	141230000
2017/5/19	5.5	5.53	5.47	5.49	14725596	81047056
2017/5/18	5.53	5.57	5.5	5.51	20103657	111236200
2017/5/17	5.57	5.65	5.56	5.58	33419259	187109824
2017/5/16	5.55	5.58	5.48	5.57	24112976	133340776
2017/5/15	5.57	5.59	5.53	5.55	24352734	135544192
2017/5/12	5.46	5.59	5.44	5.57	38467968	212814544
2017/5/11	5.46	5.49	5.31	5.48	43822930	237429520
2017/5/10	5.55	5.57	5.48	5.5	28531455	157803424
2017/5/9	5.51	5.57	5.5	5.56	21873081	121126864
2017/5/8	5.53	5.57	5.49	5.51	29688938	164041712
2017/5/5	5.7	5.7	5.55	5.56	47485778	266200096
2017/5/4	5.81	5.82	5.71	5.72	27610456	159549888
2017/5/3	5.88	5.88	5.81	5.83	19309343	112741448
2017/5/2	5.9	5.9	5.85	5.87	20004252	117374392
2017/4/28	5.88	5.91	5.82	5.91	23168211	135882464
2017/4/27	5.91	5.92	5.8	5.9	34976468	204769280
2017/4/26	5.92	6	5.9	5.92	24367476	144785824
2017/4/25	5.92	5.95	5.9	5.91	18384921	108995848
2017/4/24	6.03	6.03	5.9	5.92	33696498	200337312
2017/4/21	6.02	6.06	6.01	6.04	20563239	124067632
2017/4/20	6.05	6.07	5.99	6.02	25237641	152097744
2017/4/19	6.11	6.11	6.03	6.05	36903803	223638992
2017/4/18	6.15	6.17	6.12	6.12	19689874	120965360
2017/4/17	6.17	6.18	6.12	6.14	26343254	161966512
2017/4/14	6.23	6.24	6.16	6.17	40691324	251920384
2017/4/13	6.23	6.25	6.21	6.24	30365843	189287264
2017/4/12	6.27	6.33	6.24	6.24	47368527	297693120
2017/4/11	6.24	6.28	6.17	6.27	48946406	304469856
2017/4/10	6.28	6.3	6.24	6.25	31038348	194697488
2017/4/7	6.27	6.3	6.25	6.28	36639844	230055616
2017/4/6	6.28	6.29	6.25	6.27	29560596	185185312
2017/4/5	6.21	6.29	6.2	6.28	35758663	223876304
2017/3/31	6.19	6.21	6.18	6.2	22537225	139631776
2017/3/30	6.23	6.27	6.17	6.18	39461523	245301072
2017/3/29	6.27	6.29	6.23	6.23	26430385	165474832
2017/3/28	6.29	6.32	6.27	6.27	24223764	152357728
2017/3/27	6.29	6.31	6.26	6.29	28507642	179146720
2017/3/24	6.23	6.3	6.21	6.29	36215355	226520352
2017/3/23	6.23	6.27	6.2	6.22	30276355	188556992
2017/3/22	6.25	6.26	6.21	6.21	34765384	216535648
2017/3/21	6.27	6.3	6.25	6.26	30125878	188935424
2017/3/20	6.27	6.31	6.26	6.28	28717242	180428640
2017/3/17	6.39	6.41	6.29	6.29	44822447	284491616
2017/3/16	6.3	6.41	6.3	6.39	72235224	460695808
2017/3/15	6.28	6.3	6.26	6.29	20692506	129951424
2017/3/14	6.31	6.32	6.27	6.28	23375267	147218112
2017/3/13	6.26	6.31	6.22	6.3	26493781	166267456
2017/3/10	6.27	6.29	6.26	6.27	21437496	134471856
2017/3/9	6.32	6.32	6.25	6.27	35464923	222364208
2017/3/8	6.35	6.35	6.3	6.31	33310775	210412048
2017/3/7	6.37	6.37	6.32	6.35	30150435	191022400
2017/3/6	6.3	6.37	6.3	6.36	32698969	207468896
2017/3/3	6.35	6.37	6.3	6.32	41106277	259998320
2017/3/2	6.41	6.5	6.37	6.38	53274471	342422784
2017/3/1	6.4	6.44	6.38	6.4	34763482	222715376
2017/2/28	6.39	6.42	6.37	6.41	23676513	151517344
2017/2/27	6.44	6.45	6.38	6.39	30399249	195000224
2017/2/24	6.45	6.48	6.42	6.46	24222778	156097808
2017/2/23	6.5	6.51	6.41	6.44	41151129	265359392
2017/2/22	6.53	6.54	6.47	6.51	36867477	239519408
2017/2/21	6.5	6.59	6.49	6.53	49802386	325452448
2017/2/20	6.43	6.5	6.4	6.5	47567456	306560992
2017/2/17	6.47	6.65	6.45	6.46	117690961	770086144
2017/2/16	6.37	6.47	6.36	6.46	60546895	389295168
2017/2/15	6.43	6.49	6.38	6.4	52974009	340633408
2017/2/14	6.45	6.47	6.41	6.43	34845955	224134272
2017/2/13	6.41	6.47	6.39	6.44	53594544	345145696
2017/2/10	6.39	6.46	6.37	6.42	56847409	364702656
2017/2/9	6.37	6.43	6.34	6.39	46484735	297034240
2017/2/8	6.29	6.43	6.26	6.38	59166887	375391328
2017/2/7	6.3	6.31	6.27	6.3	32860151	206749328
2017/2/6	6.28	6.31	6.26	6.3	34427502	216159104
2017/2/3	6.31	6.32	6.25	6.25	33377214	209607280
2017/1/26	6.29	6.35	6.25	6.31	92589004	582676608
2016/12/20	6.22	6.26	6.2	6.25	38738037	241364944
2016/12/19	6.27	6.27	6.2	6.22	34860979	217325952
2016/12/16	6.28	6.31	6.22	6.26	57747234	361859072
2016/12/15	6.26	6.34	6.24	6.29	51966861	326538208
2016/12/14	6.36	6.37	6.27	6.28	45397707	286618848
2016/12/13	6.33	6.39	6.3	6.36	48032740	305098144
2016/12/12	6.58	6.59	6.31	6.34	77210312	495626080
2016/12/9	6.56	6.63	6.55	6.59	49114658	323787456
2016/12/8	6.66	6.67	6.56	6.57	43401065	286528800
2016/12/7	6.6	6.66	6.56	6.66	35790013	236612128
2016/12/6	6.59	6.64	6.56	6.58	40334768	266387776
2016/12/5	6.78	6.84	6.56	6.59	83412376	556148352
2016/12/2	6.97	6.97	6.8	6.84	71904045	494051232
2016/12/1	6.91	7	6.89	6.96	60011202	416644512
2016/11/30	7.04	7.14	6.89	6.92	86526313	606627392
2016/11/29	7.04	7.14	6.97	7.06	91399851	644249280
2016/11/28	7.16	7.19	7.05	7.07	90240887	641301376
2016/11/25	7	7.06	6.88	7.06	74919319	522293888
2016/11/24	6.95	7.16	6.93	7.02	98016808	690409856
2016/11/23	7.01	7.08	6.95	6.96	81368306	570631680
2016/11/22	6.94	7.06	6.94	7.02	90627231	634494848
2016/11/21	6.86	7.04	6.84	6.94	99886358	696370048
2016/11/18	6.91	7.14	6.85	6.88	118748305	826305792
2016/11/17	6.86	7.19	6.78	7.08	177852844	1249378688
2016/11/16	6.95	6.95	6.8	6.91	95256454	654121536
2016/11/15	6.83	6.97	6.81	6.95	137498912	947877632
2016/11/14	6.74	6.97	6.71	6.81	155801504	1068616832
2016/11/11	6.53	6.84	6.51	6.74	154530015	1032877312
2016/11/10	6.49	6.59	6.47	6.51	57582096	375550944
2016/11/9	6.54	6.55	6.38	6.43	50879111	328685952
2016/11/8	6.55	6.59	6.51	6.54	39342688	257492736
2016/11/7	6.54	6.56	6.5	6.52	33139019	216380960
2016/11/4	6.56	6.64	6.51	6.53	61984953	407842688
2016/11/3	6.4	6.64	6.4	6.56	110494333	724278272
2016/11/2	6.46	6.53	6.42	6.43	33969716	219530576
2016/11/1	6.45	6.54	6.41	6.48	36651991	237541632
2016/10/31	6.45	6.48	6.37	6.45	28910554	185393600
2016/10/28	6.43	6.57	6.42	6.47	71782488	466626720
2016/10/27	6.43	6.44	6.38	6.41	23541006	150732864
2016/10/26	6.49	6.51	6.41	6.44	33143904	213936512
2016/10/25	6.49	6.5	6.44	6.47	34910654	225727888
2016/10/24	6.4	6.57	6.38	6.49	83727165	543871168
2016/10/21	6.37	6.46	6.35	6.4	34252226	219284272
2016/10/20	6.38	6.41	6.35	6.37	20163589	128638624
2016/10/19	6.44	6.46	6.37	6.39	26644712	170671280
2016/10/18	6.32	6.46	6.31	6.44	44232375	282721088
2016/10/17	6.42	6.43	6.31	6.33	24420449	155747136
2016/10/14	6.4	6.43	6.35	6.42	24345142	155409872
2016/10/13	6.38	6.44	6.35	6.4	28323625	181239840
2016/10/12	6.38	6.41	6.36	6.38	17058157	108854392
2016/10/11	6.42	6.43	6.34	6.41	30421081	194392112
2016/10/10	6.3	6.42	6.29	6.42	53810459	342263904
2016/9/30	6.2	6.28	6.19	6.26	22316830	139304912
2016/9/29	6.2	6.3	6.17	6.22	41801964	260886384
2016/9/28	6.17	6.21	6.15	6.18	16944152	104715200
2016/9/27	6.13	6.19	6.11	6.19	22753626	140216112
2016/9/26	6.21	6.25	6.13	6.13	40008588	247411328
2016/9/23	6.25	6.25	6.2	6.22	17786324	110641488
2016/9/22	6.23	6.28	6.2	6.24	39394045	245701456
2016/9/21	6.17	6.23	6.15	6.19	28608537	176934144
2016/9/20	6.18	6.19	6.16	6.17	14613587	90156824
2016/9/19	6.17	6.21	6.17	6.19	22755764	140744224
2016/9/14	6.18	6.2	6.15	6.17	23186034	143148976
2016/9/13	6.22	6.24	6.18	6.2	25474588	157906784
2016/9/12	6.35	6.35	6.18	6.2	51475588	321992928
2016/9/9	6.46	6.48	6.41	6.41	26924304	173623024
2016/9/8	6.48	6.48	6.43	6.46	21510220	138787632
2016/9/7	6.49	6.52	6.46	6.49	29938263	194313488
2016/9/6	6.46	6.51	6.41	6.49	31927538	206048640
2016/9/5	6.47	6.54	6.44	6.47	31462909	204088832
2016/9/2	6.41	6.53	6.4	6.44	32231195	208270336
2016/9/1	6.49	6.5	6.4	6.4	29889260	192910896
2016/8/31	6.47	6.52	6.43	6.5	27570655	178656528
2016/8/30	6.45	6.51	6.44	6.47	30200635	195476800
2016/8/29	6.5	6.51	6.43	6.45	21269981	137285920
2016/8/26	6.5	6.52	6.45	6.47	25240395	163825600
2016/8/25	6.49	6.55	6.42	6.49	35217809	228364736
2016/8/24	6.53	6.56	6.49	6.5	24024848	156536624
2016/8/23	6.5	6.56	6.49	6.53	31566047	205910688
2016/8/22	6.55	6.59	6.5	6.5	38996897	254797696
2016/8/19	6.52	6.59	6.49	6.56	39744613	259776560
2016/8/18	6.58	6.66	6.49	6.53	77051805	505955840
2016/8/17	6.65	6.85	6.61	6.62	98277844	658263104
2016/8/16	6.59	6.65	6.53	6.61	86682042	572635200
2016/8/15	6.38	6.85	6.34	6.61	189232058	1249177216
2016/8/12	6.24	6.37	6.21	6.35	51874845	326108736
2016/8/11	6.24	6.32	6.23	6.24	47849713	300205984
2016/8/10	6.25	6.29	6.21	6.23	30236274	188958000
2016/8/9	6.24	6.27	6.2	6.26	24864501	155038496
2016/8/8	6.19	6.25	6.15	6.24	19124099	118711280
2016/8/5	6.18	6.26	6.15	6.21	23983829	148720064
2016/8/4	6.18	6.19	6.13	6.19	16300009	100540264
2016/8/3	6.15	6.19	6.15	6.17	15110657	93163680
2016/8/2	6.13	6.19	6.13	6.19	17089234	105323160
2016/8/1	6.18	6.2	6.08	6.13	32068395	196694480
2016/7/29	6.2	6.24	6.17	6.18	26089774	161945456
2016/7/28	6.23	6.26	6.15	6.19	34973525	217006992
2016/7/27	6.43	6.44	6.16	6.22	71012649	445764768
2016/7/26	6.35	6.43	6.34	6.43	38599274	247141952
2016/7/25	6.35	6.38	6.31	6.35	25347003	160799616
2016/7/22	6.4	6.43	6.33	6.34	34350524	218916480
2016/7/21	6.39	6.47	6.38	6.42	50118584	322579296
2016/7/20	6.39	6.42	6.37	6.4	33450823	213913200
2016/7/19	6.35	6.43	6.34	6.4	38733713	247438688
2016/7/18	6.4	6.41	6.31	6.35	46283870	294451840
2016/7/15	6.42	6.44	6.37	6.4	36065644	230704048
2016/7/14	6.41	6.45	6.38	6.42	45620197	292106240
2016/7/13	6.43	6.56	6.38	6.44	86280924	558592960
2016/7/12	6.33	6.45	6.2	6.43	96536539	613012864
2016/7/11	6.34	6.48	6.32	6.33	55072271	351169792
2016/7/8	6.34	6.41	6.29	6.34	48566766	308316032
2016/7/7	6.3	6.38	6.25	6.35	53285748	336015520
2016/7/6	6.41	6.41	6.26	6.34	86955096	549743360
2016/7/5	8.62	8.88	8.61	8.79	80460246	705893056
2016/7/4	8.39	8.75	8.34	8.65	77207980	664086592
2016/7/1	8.44	8.45	8.34	8.39	38373133	322701920
2016/6/30	8.34	8.48	8.3	8.41	62138487	522690144
2016/6/29	8.28	8.33	8.23	8.26	46618409	385344608
2016/6/28	8.14	8.31	8.1	8.24	47532035	389689888
2016/6/27	8.03	8.19	8	8.16	35313247	287228736
2016/6/24	8.19	8.3	7.91	8.07	45886887	372442240
2016/6/23	8.25	8.25	8.13	8.21	21989946	180167872
2016/6/22	8.15	8.26	8.1	8.26	29587727	242490064
2016/6/21	8.11	8.5	8.11	8.18	57506852	476638208
2016/6/20	8.07	8.12	8.02	8.09	17415103	140579328
2016/6/17	8.05	8.16	8.04	8.07	26627520	215797680
2016/6/16	8.1	8.11	7.98	8.02	28199861	226836144
2016/6/15	7.94	8.28	7.89	8.14	42975819	348451968
2016/6/14	7.99	8.09	7.97	8.04	21732329	174379440
2016/6/13	8.25	8.28	8.01	8.01	33300475	272394688
2016/6/8	8.37	8.4	8.3	8.37	22568263	188547200
2016/6/7	8.4	8.46	8.35	8.37	23293571	195776864
2016/6/6	8.5	8.5	8.36	8.37	21731987	182572928
2016/6/3	8.44	8.53	8.37	8.45	37169499	313436320
2016/6/2	8.39	8.44	8.33	8.43	36452241	305955552
2016/6/1	8.51	8.6	8.39	8.4	62066765	525148768
2016/5/31	8.03	8.65	8	8.54	96349354	814236928
2016/5/30	7.97	8.04	7.91	8.03	17421145	139247296
2016/5/27	8	8.03	7.94	7.98	14500563	115781680
2016/5/26	7.96	8.04	7.89	8.01	17237265	137162384
2016/5/25	8.03	8.11	7.99	8	18051588	145352928
2016/5/24	8.08	8.09	7.98	8	13823967	110762560
2016/5/23	8.06	8.13	8.04	8.08	20108317	162560656
2016/5/20	8	8.09	7.96	8.09	19365063	155668624
2016/5/19	8	8.1	8	8.03	17062768	137402304
2016/5/18	8	8.08	7.88	8.07	30751445	245711616
2016/5/17	8.09	8.16	7.98	8.06	22747203	183389808
2016/5/16	8.01	8.08	7.94	8.08	21333124	171007664
2016/5/13	8.01	8.15	8.01	8.06	27668940	223221760
2016/5/12	7.9	8.08	7.81	8.06	30645905	243756896
2016/5/11	8.06	8.07	7.91	7.96	21364201	170635072
2016/5/10	7.99	8.09	7.92	8	29523266	236858496
2016/5/9	8.13	8.16	7.95	8	33463866	268823104
2016/5/6	8.48	8.52	8.19	8.2	40005902	333723904
2016/5/5	8.47	8.51	8.42	8.47	25348376	214626176
2016/5/4	8.5	8.55	8.4	8.49	34752782	294870016
2016/5/3	8.4	8.6	8.36	8.56	51862812	441784000
2016/4/29	8.4	8.49	8.35	8.4	28646358	241122096
2016/4/28	8.42	8.55	8.3	8.44	42692774	359919552
2016/4/27	8.46	8.57	8.36	8.42	39264658	332153984
2016/4/26	8.27	8.35	8.24	8.34	18450608	153077632
2016/4/25	8.25	8.29	8.16	8.24	18092958	148636304
2016/4/22	8.22	8.33	8.19	8.31	21639240	179133344
2016/4/21	8.31	8.44	8.27	8.28	28126437	234769904
2016/4/20	8.78	8.79	8.15	8.38	56212301	475316640
2016/4/19	8.76	8.81	8.66	8.75	24299367	212022976
2016/4/18	8.81	8.84	8.68	8.72	32254150	281432480
2016/4/15	9.02	9.02	8.87	8.92	32051904	286183040
2016/4/14	9.03	9.07	8.91	9	38181215	342577856
2016/4/13	8.85	9.15	8.84	8.99	93581071	846009664
2016/4/12	8.81	8.85	8.71	8.79	34533197	302893632
2016/4/11	8.96	9.12	8.88	8.89	65938210	592467776
2016/4/8	8.72	8.75	8.58	8.68	32170087	278571648
2016/4/7	8.96	9	8.77	8.78	36821016	326253696
2016/4/6	8.96	9.01	8.86	8.93	37309313	333788832
2016/4/5	8.77	9.05	8.77	8.98	51891513	464179456
2016/4/1	8.89	8.95	8.67	8.84	37824963	333442912
2016/3/31	8.92	9.08	8.83	8.89	56277677	503084320
2016/3/30	8.75	8.9	8.69	8.88	57345537	505598304
2016/3/29	8.7	8.8	8.55	8.62	45137900	391785984
2016/3/28	8.85	9.03	8.6	8.67	48366250	427313408
2016/3/25	8.78	8.95	8.76	8.87	36309491	321524288
2016/3/24	9	9.01	8.77	8.78	63641712	565704832
2016/3/23	8.96	9.18	8.87	9.14	76431143	689410944
2016/3/22	9.17	9.25	8.94	8.97	117748037	1069728384
2016/3/21	8.61	9.23	8.61	9.23	233867434	2121697408
2016/3/18	8.13	8.5	8.13	8.39	116657405	976185024
2016/3/17	8.01	8.23	7.99	8.15	54309911	441012320
2016/3/16	8.04	8.11	7.93	7.96	33925157	272410624
2016/3/15	8.04	8.09	7.96	8.02	29489037	236569488
2016/3/14	7.93	8.2	7.86	8.08	58532691	472192960
2016/3/11	7.73	7.95	7.68	7.84	33086549	258904960
2016/3/10	7.98	8.04	7.78	7.8	35579962	281366304
2016/3/9	8.05	8.15	7.91	7.96	49436170	396032064
2016/3/8	8.25	8.28	7.95	8.21	55978400	453802752
2016/3/7	8.2	8.44	8.2	8.31	60419492	502627712
2016/3/4	7.97	8.39	7.97	8.18	94150053	768976128
2016/3/3	8.08	8.16	7.98	8.02	51833963	418440704
2016/3/2	7.77	8.16	7.69	8.08	60776136	482454144
2016/3/1	7.52	7.89	7.41	7.7	45250950	344628096
2016/2/29	7.78	7.78	7.25	7.43	44528939	331664608
2016/2/26	7.82	7.86	7.63	7.8	37166956	289608064
2016/2/25	8.36	8.36	7.58	7.7	60155691	482178016
2016/2/24	8.29	8.4	8.21	8.39	40678121	338046624
2016/2/23	8.42	8.44	8.22	8.34	46866057	389771616
2016/2/22	8.31	8.57	8.23	8.44	67190980	564043648
2016/2/19	8.19	8.25	8.12	8.2	29643040	242718528
2016/2/18	8.3	8.45	8.18	8.19	46788253	388107168
2016/2/17	8.19	8.24	8.08	8.22	40481149	331260352
2016/2/16	7.92	8.23	7.92	8.19	42719246	348434848
2016/2/15	7.7	7.95	7.7	7.89	20874637	163480320
2016/2/5	8.14	8.14	8.01	8.02	26873574	216892544
2016/2/4	8.1	8.23	8.1	8.17	34314593	280302688
2016/2/3	8.03	8.09	7.91	8.07	23775348	190199520
2016/2/2	7.92	8.19	7.9	8.1	35102628	284002336
2016/2/1	8.1	8.1	7.79	7.92	31132590	248058128
2016/1/29	7.82	8.18	7.77	8.12	47030430	379018848
2016/1/28	7.82	8.09	7.71	7.75	33201597	262503248
2016/1/27	8.11	8.16	7.67	7.89	44775849	355348416
2016/1/26	8.5	8.58	7.99	8.03	53037657	441998464
2016/1/25	8.79	8.84	8.67	8.7	28370868	248439920
2016/1/22	8.78	8.81	8.56	8.74	26218747	228102240
2016/1/21	8.84	9.07	8.64	8.64	37783297	334717152
2016/1/20	9.05	9.14	8.91	8.96	38306331	345395808
2016/1/19	8.85	9.16	8.77	9.1	49097622	441846304
2016/1/18	8.56	8.91	8.53	8.81	32974569	289933408
2016/1/15	8.92	8.92	8.6	8.71	41283722	362508800
2016/1/14	8.47	8.94	8.42	8.93	44173692	388037568
2016/1/13	8.94	8.98	8.67	8.7	45350392	401830944
2016/1/12	8.8	9.03	8.7	8.81	48169177	426669440
2016/1/11	9.03	9.19	8.58	8.63	59536805	532233856
2016/1/8	9.33	9.59	8.8	9.21	75215210	697565952
2016/1/7	9.71	9.72	8.95	9	13974828	131061568
2016/1/6	9.7	9.94	9.58	9.87	51530501	503592640
2016/1/5	9.37	9.96	9.12	9.67	65383186	629107200
2016/1/4	10.7	10.77	9.67	9.69	47996670	493005504
2015/12/31	11.01	11.05	10.68	10.71	55398446	601712512
2015/12/30	10.96	11.08	10.85	10.99	41048446	449168352
2015/12/29	10.81	11.03	10.81	10.98	34984699	382328832
2015/12/28	11.19	11.29	10.85	10.85	63551679	704525760
2015/12/25	11.06	11.2	10.97	11.1	39456177	437244160
2015/12/24	11.3	11.46	10.87	11.04	78810910	878646720
2015/12/23	11.35	11.85	11.21	11.46	144944492	1671815168
2015/12/22	11.15	11.33	11.07	11.26	72245090	810932224
2015/12/21	10.86	11.27	10.81	11.11	78841617	875742528
2015/12/18	11.02	11.1	10.83	10.89	58337983	638715712
2015/12/17	10.96	11.19	10.9	11.02	73047521	805967296
2015/12/16	10.94	11.1	10.82	10.83	58037300	635509312
2015/12/15	11.14	11.18	10.8	10.82	80605762	883469248
2015/12/14	10.3	11.25	10.21	11.25	110470136	1194787072
2015/12/11	10.34	10.68	10.16	10.45	53043816	551520320
2015/12/10	10.43	10.86	10.39	10.45	60401177	642778880
2015/12/9	10.37	10.55	10.19	10.38	40831527	424037728
2015/12/8	10.56	10.75	10.38	10.41	41161258	434261184
2015/12/7	10.52	10.73	10.32	10.65	48080608	506713888
2015/12/4	10.8	10.8	10.49	10.54	58441215	620274880
2015/12/3	10.8	11.05	10.65	10.87	66246802	720120576
2015/12/2	10.38	10.9	10.3	10.9	82057398	870625152
2015/12/1	10.4	10.49	10.26	10.32	50199305	521130080
2015/11/30	10.4	10.55	9.91	10.41	89450962	918154048
2015/11/27	11.41	11.5	10.48	10.48	111738768	1223894784
2015/11/26	11.7	11.98	11.63	11.64	95369483	1125028864
2015/11/25	11.53	11.73	11.52	11.65	76421873	888793344
2015/11/24	11.41	11.76	11.32	11.66	76606903	884829312
2015/11/23	11.41	11.68	11.36	11.41	66496270	765445184
2015/11/20	11.5	11.53	11.31	11.38	64608030	736467904
2015/11/19	11.39	11.53	11.3	11.52	65206949	743431168
2015/11/18	11.7	11.99	11.3	11.39	113604742	1323841536
2015/11/17	11.73	12.38	11.66	11.79	199331727	2402734336
2015/11/16	11.37	11.59	11.31	11.58	76795292	881679680
2015/11/13	11.45	11.93	11.37	11.66	138529454	1620841728
2015/11/12	11.94	11.99	11.5	11.62	117430039	1380616320
2015/11/11	11.6	12.15	11.5	11.9	156957779	1840171392
2015/11/10	11.48	12.38	11.36	11.81	219538110	2610156800
2015/11/9	12.05	12.67	11.6	11.64	353020211	4281006848
2015/11/6	10.9	12.15	10.7	11.97	351431452	4017115136
2015/11/5	10.59	11.39	10.4	11.05	390909676	4345833472
2015/11/4	9.43	10.35	9.42	10.35	217622979	2184960512
2015/11/3	9.43	9.55	9.34	9.41	46181535	436483552
2015/11/2	9.55	9.7	9.41	9.42	62404767	595475136
2015/10/30	9.56	9.97	9.4	9.72	96786612	942215488
2015/10/29	9.6	9.68	9.48	9.57	43908586	420619936
2015/10/28	9.63	9.85	9.5	9.55	71884407	696455872
2015/10/27	9.67	9.67	9.29	9.59	61753112	585879360
2015/10/26	9.78	9.98	9.6	9.71	99885346	978689280
2015/10/23	9.42	9.55	9.29	9.53	70937396	668194560
2015/10/22	9.16	9.38	9.09	9.37	67485134	624915264
2015/10/21	9.87	9.9	9.16	9.19	100523520	964756352
2015/10/20	9.88	9.9	9.63	9.88	75672076	740136704
2015/10/19	9.7	10.15	9.67	9.85	126282423	1253113088
2015/10/16	9.59	9.78	9.53	9.68	112116188	1084054528
2015/10/15	9.3	9.53	9.26	9.51	74685009	703605952
2015/10/14	9.37	9.56	9.28	9.3	71682805	674560064
2015/10/13	9.28	9.46	9.25	9.41	64122970	601723456
2015/10/12	9.1	9.68	9.04	9.5	116341857	1094859392
2015/10/9	8.9	9.17	8.86	9.08	59223817	534281248
2015/10/8	9	9.09	8.86	8.9	51622094	461131776
2015/9/30	8.55	8.8	8.53	8.58	34222532	296085024
2015/9/29	8.52	8.78	8.31	8.57	42158568	359146720
2015/9/28	8.52	8.67	8.46	8.65	26315374	225931776
2015/9/25	8.92	8.95	8.5	8.58	41340638	359930080
2015/9/24	8.95	9.05	8.8	8.95	35288267	315512288
2015/9/23	9.03	9.16	8.85	8.88	50490745	455337408
2015/9/22	8.97	9.53	8.93	9.22	89149079	827401472
2015/9/21	8.67	8.96	8.61	8.93	43684587	386724768
2015/9/18	8.63	8.93	8.56	8.82	64204609	562361216
2015/9/17	8.76	8.97	8.54	8.55	68425928	600705472
2015/9/16	8.15	8.93	8.14	8.81	69329376	584817216
2015/9/15	8.6	8.79	8.06	8.13	63706430	534961152
2015/9/14	9.59	9.59	8.57	8.78	90765490	818764480
2015/9/11	9.47	9.65	9.36	9.52	48805645	464398688
2015/9/10	9.55	9.67	9.43	9.45	72897424	696576704
2015/9/9	9.4	9.84	9.31	9.73	129846294	1245247488
2015/9/8	9	9.37	8.91	9.35	58647092	537331712
2015/9/7	9.15	9.38	9.08	9.13	63533229	588037184
2015/9/2	9	9.55	8.88	9.02	71319967	654364288
2015/9/1	9.38	9.69	8.89	9.38	100498334	936600768
2015/8/31	9.8	9.8	9.24	9.39	89339222	848170688
2015/8/28	9.6	10.07	9.39	9.96	117266544	1128210816
2015/8/27	9.3	9.52	8.8	9.47	98051976	904249984
2015/8/26	9.77	10.23	8.88	9	110540639	1054804416
2015/8/25	9.8	10.15	9.77	9.77	81213153	800611648
2015/8/24	11.7	11.86	10.86	10.86	78129262	865810624
2015/8/21	12.6	12.93	12.01	12.07	68150232	848219200
2015/8/20	13.05	13.39	12.75	12.88	90906233	1194763520
2015/8/19	12.56	12.94	12.12	12.89	79750268	1007940032
2015/8/18	13.71	14.18	12.58	12.79	134681867	1844099712
2015/8/17	13.76	13.77	13.45	13.63	56280680	765361792
2015/8/14	13.79	13.94	13.61	13.78	89429329	1229560192
2015/8/13	13.48	13.72	13.31	13.64	63811993	864029824
2015/8/12	13.55	13.97	13.51	13.6	72134837	990337088
2015/8/11	13.78	13.91	13.65	13.69	83495883	1148993792
2015/8/10	13.3	14.2	13.18	13.9	126098765	1725245824
2015/8/7	13.16	13.44	13.11	13.21	47964735	635157248
2015/8/6	13.09	13.33	13	13.04	42775137	562194304
2015/8/5	13.77	13.77	13.3	13.33	56234927	762008960
2015/8/4	13.51	13.85	13.31	13.79	87340767	1190544768
2015/8/3	13.06	13.58	12.98	13.58	81237219	1079959808
2015/7/31	12.95	13.29	12.81	13.26	68572809	899511360
2015/7/30	13.5	13.73	13.07	13.07	71188410	958525376
2015/7/29	13.35	14	13.01	13.6	100718258	1344308608
2015/7/28	12.33	13.85	11.67	13.42	238769580	3097563392
2015/7/27	13.75	13.88	12.59	12.59	132297856	1757232512
2015/7/24	14.38	14.44	13.88	13.99	118292454	1687504000
2015/7/23	14.09	14.4	14.03	14.37	117510950	1680513664
2015/7/22	14.2	14.34	13.89	14.02	87229061	1229452800
2015/7/21	13.95	14.47	13.8	14.22	120176688	1704563968
2015/7/20	14.25	14.46	13.98	14.12	110081853	1560319360
2015/7/17	13.75	14.49	13.67	14.26	118557807	1667446144
2015/7/16	13.49	14.05	13.21	13.67	109804493	1501675264
2015/7/15	14.54	14.95	13.46	13.49	138807831	1962543488
2015/7/14	15.37	15.56	14.7	14.82	198031465	3003668736
2015/7/13	15.37	16.56	15.18	15.83	293837469	4639629312
2015/7/10	14.35	15.69	14.01	15.68	292615915	4490900992
2015/7/9	12.96	14.26	12.11	14.26	223341380	3044075520
2015/7/8	13.08	13.48	12.96	12.96	373381925	4945596416
2015/7/7	14	14.4	12.96	14.4	297637276	4083884800
2015/7/6	14.99	14.99	13.56	14.4	221675751	3172331264
2015/7/3	14.9	14.95	13.38	13.63	164902631	2342440192
2015/7/2	15.66	15.7	14.02	14.72	172113537	2595188224
2015/7/1	15.99	16.39	15	15.09	165938514	2638195968
2015/6/30	15.11	16.29	14.26	16.25	216229253	3352259584
2015/6/29	16.75	16.75	14.58	15.1	209837916	3300885248
2015/6/26	17.25	17.95	15.72	16.14	214696612	3631410688
2015/6/25	18	18.2	17.3	17.47	142636295	2548204800
2015/6/24	17.94	18	17.56	17.97	141286420	2517614080
2015/6/23	17.38	17.87	16.85	17.83	144747807	2533838336
2015/6/19	17.49	18.1	17.15	17.21	158448496	2801797120
2015/6/18	18.23	18.4	17.55	17.59	137306775	2471302656
2015/6/17	18.56	18.65	17.81	18.42	165100319	3003491328
2015/6/16	18.7	19.19	18.17	18.34	187178702	3496611072
2015/6/15	19.54	20.27	18.9	18.98	294249804	5758773248
2015/6/5	19.65	19.75	18.76	19.15	275835478	5320601088
2015/6/4	19.35	19.76	18.29	19.34	270095042	5148018688
2015/6/3	20.1	20.1	19.16	19.28	260994068	5126656000
2015/6/2	19.5	19.98	19.21	19.9	298035714	5846981120
2015/6/1	18.7	19.91	18.2	19.52	328819704	6283590656
2015/5/29	18.62	19.18	18.01	18.7	318495936	5969560576
2015/5/28	19.65	20.58	18.29	18.51	478938464	9495664640
2015/5/27	19.03	19.8	18.76	19.59	377641674	7301563904
2015/5/26	18.86	19.24	18.48	19.01	314703780	5918033920
2015/5/25	18.47	19.18	18.47	18.81	290906755	5479255552
2015/5/22	18.12	18.77	18.03	18.44	257546168	4746692608
2015/5/21	17.95	18.1	17.73	17.95	139876320	2504937728
2015/5/20	18.19	18.27	17.85	17.95	220940768	3980654080
2015/5/19	17.39	18.88	17.36	18.32	330108715	6006494208
2015/5/18	17.48	17.77	17.33	17.41	109260247	1914893184
2015/5/15	17.59	18.2	17.22	17.77	185385160	3280032768
2015/5/14	17.75	17.93	17.51	17.63	97439694	1722680576
2015/5/13	18.15	18.15	17.67	17.72	132521773	2362872064
2015/5/12	17.89	18.47	17.63	18.14	187897347	3403016448
2015/5/11	17.77	17.89	17.55	17.88	142715719	2531161088
2015/5/8	17.68	17.8	17.18	17.52	107991149	1884734976
2015/5/7	17.15	17.7	17.15	17.37	107544849	1872067968
2015/5/6	17.7	18.08	17.12	17.3	139561878	2460915712
2015/5/5	18.06	18.47	17.48	17.55	146985459	2648738048
2015/5/4	18.17	18.36	17.94	18.08	104698431	1892924928
2015/4/30	18.56	18.58	18.15	18.18	129825800	2385338368
2015/4/29	18.55	18.6	18.19	18.46	111617457	2056653056
2015/4/28	18.56	18.79	18.3	18.44	169359141	3140715520
2015/4/27	18.49	18.8	18.32	18.55	148517570	2755165696
2015/4/24	18.7	18.8	18.18	18.39	191115087	3537468416
2015/4/23	19.65	19.73	18.96	19.02	276624878	5339266560
2015/4/22	18.81	19.97	18.68	19.58	303277553	5802979840
2015/4/21	17.82	19	17.82	18.74	206983582	3845618944
2015/4/20	18.7	18.75	18.08	18.08	208200312	3825452288
2015/4/17	18.77	19.17	18.56	18.69	199881953	3763872768
2015/4/16	18.25	18.81	18.03	18.55	152452230	2808183552
2015/4/15	19.15	19.15	18.46	18.47	158532693	2986231040
2015/4/14	19.1	19.44	18.54	19.18	232268237	4395884544
2015/4/13	19.2	19.46	18.82	19.15	229106226	4369213952
2015/4/10	18.9	19.21	18.62	19.1	240651399	4556914176
2015/4/9	19.32	20.59	19.01	19.08	514467075	10136816640
2015/4/8	18.01	19.63	17.82	19.18	508489661	9522503680
2015/4/7	17.9	17.97	17.61	17.93	262024620	4670383616
2015/4/3	17.21	17.88	17.19	17.7	249207399	4386372096
2015/4/2	17.57	17.68	17.18	17.37	177613667	3084623616
2015/4/1	17.32	17.67	17.17	17.48	194816251	3390374912
2015/3/31	17.6	18.25	17.2	17.26	274723683	4870209024
2015/3/30	17.25	17.59	17.18	17.43	191608983	3334113024
2015/3/27	17.21	17.36	17.1	17.22	125250648	2159041024
2015/3/26	17	17.42	16.83	17.21	185459271	3178770176
2015/3/25	17.28	17.66	17.06	17.12	203497114	3514445824
2015/3/24	17.85	17.86	17	17.3	270826718	4715207680
2015/3/23	17.8	18.18	17.57	17.9	292739943	5226910208
2015/3/20	17.22	18.57	16.88	17.95	442537683	7853674496
2015/3/19	17.31	17.46	16.91	17.18	256462068	4397697536
2015/3/18	16.8	17.6	16.6	17.29	398776502	6849320960
2015/3/17	15.78	17.1	15.7	16.78	458779061	7489495552
2015/3/16	15.39	15.67	15.26	15.66	203043114	3153751040
2015/3/13	15.4	15.59	15.26	15.35	116482679	1796282752
2015/3/12	15.25	15.53	15.11	15.33	128255692	1965937280
2015/3/11	15.38	15.58	15.12	15.19	121578229	1865269888
2015/3/10	15.23	15.6	15.11	15.38	123955506	1899032704
2015/3/9	15.03	15.34	14.88	15.28	134023796	2017582336
2015/3/6	15.49	15.63	15.39	15.4	97587017	1512189568
2015/3/5	15.42	15.67	15.35	15.45	119927983	1856576128
2015/3/4	15.4	15.7	15.4	15.52	104884499	1629174400
2015/3/3	15.85	15.86	15.42	15.43	177715672	2768033536
2015/3/2	16.01	16.27	15.81	15.93	209563382	3357588736
2015/2/27	15.83	15.96	15.71	15.76	142434085	2254747392
2015/2/26	15.43	16.1	15.19	15.93	212915107	3345515264
2015/2/25	15.85	15.85	15.45	15.49	100306161	1561035904
2015/2/17	15.65	15.94	15.65	15.79	121216445	1918480512
2015/2/16	15.77	15.82	15.56	15.63	126813936	1987431040
2015/2/13	15.9	16.07	15.72	15.76	162471571	2580065024
2015/2/12	15.76	15.94	15.58	15.78	157518604	2482387456
2015/2/11	15.4	15.98	15.2	15.9	245122220	3845895424
2015/2/10	15.4	15.64	15.12	15.31	187082277	2879595520
2015/2/9	14.91	15.77	14.82	15.52	263003773	4062699520
2015/2/6	15.14	15.46	14.86	14.95	196406084	2973104640
2015/2/5	15.99	15.99	15.38	15.39	233707168	3657292544
2015/2/4	16	16.16	15.51	15.53	252635066	3986040320
2015/2/3	15.85	16.08	15.61	15.98	244130649	3874595328
2015/2/2	16.18	16.35	15.5	15.61	296803034	4709138432
2015/1/30	17.49	17.73	16.8	16.85	268831053	4614103552
2015/1/29	16.7	17.98	16.56	17.6	395604727	6838197760
2015/1/28	17.6	17.6	16.8	17.17	368204171	6344390144
2015/1/27	18.4	18.99	17.69	17.73	687550484	12429621248
2015/1/26	17.77	21.1	16.37	19.65	1225927830	23755591680

:						
000166   						
      	    	    	    	    	    	    