2019/9/23	4.37	4.53	4.34	4.5	15023644	67187088
2019/9/20	4.34	4.38	4.33	4.38	3786920	16542779
2019/9/19	4.34	4.37	4.3	4.36	3906130	16899650
2019/9/18	4.36	4.37	4.3	4.34	6119603	26470368
2019/9/17	4.37	4.4	4.29	4.36	11384649	49425892
2019/9/16	4.39	4.43	4.35	4.38	9065843	39653952
2019/9/12	4.37	4.42	4.35	4.37	5873930	25791474
2019/9/11	4.35	4.43	4.35	4.37	5657070	24887132
2019/9/10	4.52	4.52	4.35	4.39	10871776	47888704
2019/9/9	4.65	4.65	4.41	4.49	10370108	46611284
2019/9/6	4.65	4.65	4.57	4.59	4497680	20686978
2019/9/5	4.67	4.74	4.62	4.65	6759562	31513008
2019/9/4	4.69	4.69	4.61	4.65	3025168	14037014
2019/9/3	4.75	4.75	4.62	4.71	4514875	21053508
2019/9/2	4.66	4.76	4.6	4.73	4587136	21523030
2019/8/30	4.73	4.73	4.55	4.65	4131870	19087800
2019/8/29	4.79	4.79	4.65	4.72	5954222	28047366
2019/8/28	4.69	4.84	4.69	4.79	5461944	26009480
2019/8/27	4.67	4.76	4.65	4.74	5103734	23997740
2019/8/26	4.61	4.69	4.57	4.68	3452800	16002447
2019/8/23	4.71	4.72	4.63	4.68	5310935	24765862
2019/8/22	4.74	4.75	4.66	4.67	3162649	14800494
2019/8/21	4.61	4.74	4.61	4.68	6909514	32297788
2019/8/20	4.62	4.75	4.61	4.67	9273274	43466260
2019/8/19	4.54	4.62	4.5	4.62	5253775	24025068
2019/8/16	4.46	4.56	4.46	4.5	5623003	25358468
2019/8/15	4.32	4.52	4.29	4.47	7234160	32126854
2019/8/14	4.42	4.44	4.37	4.39	5323822	23446332
2019/8/13	4.43	4.44	4.31	4.37	7010500	30656126
2019/8/12	4.08	4.45	4.08	4.37	12041465	51930092
2019/8/9	4.08	4.14	4.06	4.11	3996914	16347249
2019/8/8	4.19	4.25	4.1	4.12	8187740	34112968
2019/8/7	4.17	4.22	4.14	4.21	4096736	17160486
2019/8/6	4.16	4.2	4.04	4.17	5418562	22361454
2019/8/5	4.13	4.2	4.11	4.18	3160946	13134522
2019/8/2	4.06	4.19	4	4.16	5770600	23747678
2019/8/1	4.09	4.13	4.06	4.12	3671800	15030608
2019/7/31	4.08	4.14	4.03	4.12	5057901	20625798
2019/7/30	4.09	4.11	4.07	4.09	2003700	8184218
2019/7/29	4.12	4.14	4.05	4.11	3003065	12277890
2019/7/26	4.14	4.18	4.1	4.15	3438489	14217513
2019/7/25	4.17	4.18	4.14	4.18	3884502	16153425
2019/7/24	4.19	4.22	4.14	4.21	4151449	17359846
2019/7/23	4.18	4.21	4.12	4.19	3995968	16626438
2019/7/22	4.13	4.23	4.05	4.21	6026822	25029176
2019/7/19	4.05	4.15	4.05	4.14	3963760	16336434
2019/7/18	4.06	4.09	4.02	4.06	2863997	11602610
2019/7/17	4.1	4.1	4.06	4.08	2307581	9430566
2019/7/16	4.09	4.11	4.05	4.1	2540701	10376024
2019/7/15	4.07	4.14	3.99	4.09	9177100	37239740
2019/7/12	4.23	4.35	4.23	4.34	12654946	54386360
2019/7/11	4.18	4.28	4.18	4.25	9661351	41067768
2019/7/10	4.2	4.22	4.17	4.18	2835170	11910770
2019/7/9	4.21	4.25	4.18	4.19	3129400	13176159
2019/7/8	4.32	4.32	4.16	4.27	10314000	43682348
2019/7/5	4.29	4.29	4.23	4.29	5608004	23876518
2019/7/4	4.29	4.36	4.26	4.3	6364804	27406380
2019/7/3	4.23	4.34	4.21	4.3	7244637	30999924
2019/7/2	4.26	4.3	4.21	4.23	6299200	26681908
2019/7/1	4.14	4.37	4.13	4.3	11319511	47863920
2019/6/28	4.07	4.16	4.03	4.14	6514501	26628176
2019/6/27	4.04	4.1	4.02	4.06	4527138	18346592
2019/6/26	4.05	4.07	4.02	4.06	3086401	12490415
2019/6/25	4.03	4.07	4	4.06	4969908	20044532
2019/6/24	4.07	4.12	4.04	4.06	4187856	17025836
2019/6/21	3.99	4.1	3.98	4.1	10438620	42365492
2019/6/20	3.97	4.01	3.93	3.98	8575557	34093932
2019/6/19	3.97	4.01	3.96	3.97	2352293	9372500
2019/6/18	3.95	3.98	3.92	3.94	1297098	5118733
2019/6/17	3.97	3.98	3.94	3.96	1567701	6199530
2019/6/14	4.01	4.01	3.94	3.95	1982700	7894444
2019/6/13	3.97	4.01	3.95	3.99	1634200	6510260
2019/6/12	4	4.03	3.96	3.97	2392400	9551623
2019/6/11	3.93	4.03	3.93	4.02	3744974	14961948
2019/6/10	3.96	3.96	3.89	3.93	1643252	6465770.5
2019/6/6	3.96	3.97	3.89	3.95	3015550	11826757
2019/6/5	3.98	4.02	3.94	3.96	2588508	10293415
2019/6/4	4	4	3.93	3.98	3575465	14170353
2019/6/3	4.07	4.1	3.9	4.01	6253941	24957390
2019/5/31	4.11	4.12	4.06	4.08	2195100	8976320
2019/5/30	4.11	4.12	4.06	4.11	2589900	10587897
2019/5/29	4.08	4.13	4.08	4.11	3485342	14310255
2019/5/28	4.1	4.15	4.08	4.09	3599400	14822073
2019/5/27	4.1	4.13	4.05	4.11	5228929	21401928
2019/5/24	4.09	4.15	4.05	4.12	3692098	15165683
2019/5/23	4.1	4.16	4.03	4.07	3550727	14574204
2019/5/22	4.12	4.14	4.05	4.12	3434753	14104738
2019/5/21	4.05	4.12	4.02	4.09	2390068	9760156
2019/5/20	4.04	4.07	3.99	4.03	3237557	13007300
2019/5/17	4.24	4.24	4.02	4.04	5086269	20955196
2019/5/16	4.18	4.25	4.17	4.23	3414871	14395223
2019/5/15	4.14	4.22	4.14	4.19	2849302	11917760
2019/5/14	4.21	4.21	4.1	4.12	4141540	17226216
2019/5/13	4.2	4.23	4.15	4.18	2913315	12215297
2019/5/10	4.2	4.24	4.1	4.22	3193314	13410944
2019/5/9	4.16	4.25	4.15	4.15	3526800	14781110
2019/5/8	4.13	4.31	4.07	4.2	6714862	28394804
2019/5/7	4.13	4.17	4.08	4.14	6214407	25692962
2019/5/6	4.22	4.24	4	4.04	9994673	41291288
2019/4/30	4.24	4.36	4.23	4.32	6422071	27603224
2019/4/29	4.49	4.49	4.17	4.24	10856412	46631876
2019/4/26	4.53	4.57	4.43	4.47	7325577	32822046
2019/4/25	4.79	4.79	4.53	4.56	9609241	44687352
2019/4/24	4.76	4.82	4.69	4.79	7792139	37113020
2019/4/23	4.89	4.92	4.73	4.8	9519577	45648224
2019/4/22	5.02	5.06	4.88	4.92	8078313	40044656
2019/4/19	5.03	5.07	4.94	5.01	8226435	41185340
2019/4/18	5.09	5.09	4.96	5.02	7351331	36844632
2019/4/17	4.95	5.1	4.92	5.04	15326286	77240136
2019/4/16	4.83	4.99	4.68	4.94	13840743	67007384
2019/4/15	5	5	4.82	4.82	11591916	56987824
2019/4/12	4.93	4.99	4.91	4.97	7791902	38543472
2019/4/11	5.07	5.14	4.9	4.96	12784340	63928648
2019/4/10	5.05	5.12	4.96	5.09	13033742	65873868
2019/4/9	4.93	5.16	4.92	5.05	18874650	94937032
2019/4/8	4.98	5.07	4.84	4.92	12091424	60038620
2019/4/4	4.94	5.1	4.93	4.98	16646374	83108192
2019/4/3	4.88	4.93	4.86	4.91	10203629	49861464
2019/4/2	4.93	4.93	4.8	4.87	10985903	53393400
2019/4/1	4.72	4.92	4.72	4.88	17998701	87161184
2019/3/29	4.6	4.74	4.53	4.7	13316901	61683048
2019/3/28	4.7	4.72	4.56	4.58	8644300	40221672
2019/3/27	4.71	4.76	4.63	4.71	6791623	31901720
2019/3/26	4.85	4.9	4.61	4.69	9212421	44050264
2019/3/25	4.87	4.96	4.8	4.85	9329294	45561136
2019/3/22	4.88	4.95	4.83	4.93	13877390	67970832
2019/3/21	4.8	4.94	4.8	4.86	13170232	64217672
2019/3/20	4.77	4.82	4.65	4.82	9665909	45937772
2019/3/19	4.74	4.82	4.73	4.77	8522876	40579512
2019/3/18	4.65	4.76	4.6	4.76	10599694	49723152
2019/3/15	4.57	4.67	4.57	4.62	9949720	45955112
2019/3/14	4.7	4.77	4.5	4.57	11917906	54753920
2019/3/13	4.71	4.91	4.65	4.73	15010186	71729312
2019/3/12	4.7	4.8	4.62	4.72	11732587	55484240
2019/3/11	4.53	4.74	4.51	4.71	12104546	56094568
2019/3/8	4.68	4.76	4.6	4.6	15388519	71859280
2019/3/7	4.73	5.01	4.69	4.85	19528763	94112864
2019/3/6	4.63	4.72	4.57	4.71	14780089	68385392
2019/3/5	4.53	4.63	4.52	4.62	9200915	42055572
2019/3/4	4.55	4.63	4.53	4.55	10725087	49141828
2019/3/1	4.58	4.58	4.44	4.52	6934132	31193296
2019/2/28	4.51	4.61	4.51	4.56	7567831	34529584
2019/2/27	4.48	4.66	4.48	4.54	13279633	60377152
2019/2/26	4.53	4.55	4.45	4.46	14173114	63779184
2019/2/25	4.33	4.54	4.32	4.54	13568960	60232884
2019/2/22	4.28	4.32	4.24	4.32	5486915	23521052
2019/2/21	4.38	4.4	4.26	4.3	8199217	35458972
2019/2/20	4.29	4.45	4.26	4.41	9103246	39723640
2019/2/19	4.35	4.38	4.25	4.26	5293711	22763864
2019/2/18	4.16	4.31	4.16	4.3	6004000	25549790
2019/2/15	4.18	4.22	4.17	4.18	2719100	11413597
2019/2/14	4.23	4.24	4.18	4.21	3468400	14602205
2019/2/13	4.16	4.24	4.13	4.22	5404833	22709444
2019/2/12	4.12	4.16	4.06	4.15	3892076	16055960
2019/2/11	4.09	4.11	4.04	4.11	4013423	16377232
2019/2/1	3.99	4.09	3.99	4.05	3396600	13726544
2019/1/31	4.03	4.08	3.96	3.96	3244900	13059818
2019/1/30	4.04	4.14	4.02	4.03	3972685	16202654
2019/1/29	4.16	4.18	4	4.04	5251905	21349494
2019/1/28	4.13	4.23	4.13	4.19	4418669	18558834
2019/1/25	4.17	4.2	4.12	4.12	2230410	9287114
2019/1/24	4.14	4.21	4.13	4.17	2605614	10895817
2019/1/23	4.17	4.18	4.11	4.15	1899404	7884613
2019/1/22	4.18	4.22	4.12	4.14	4304679	17982136
2019/1/21	4.18	4.26	4.13	4.15	3794504	15934881
2019/1/18	4.15	4.19	4.13	4.19	2971600	12410870
2019/1/17	4.15	4.19	4.14	4.16	2903942	12096842
2019/1/16	4.12	4.18	4.1	4.16	2969940	12333792
2019/1/15	4.11	4.19	4.1	4.15	3689169	15304153
2019/1/14	4.22	4.24	4.1	4.15	5913483	24558726
2019/1/11	4.17	4.28	4.14	4.22	4688493	19779910
2019/1/10	4.18	4.19	4.13	4.14	3535000	14684877
2019/1/9	4.06	4.13	4.02	4.1	4815749	19750672
2019/1/8	4.04	4.07	4.01	4.03	3816200	15391873
2019/1/7	4.01	4.07	3.97	4.05	4838243	19461514
2019/1/4	3.95	4.02	3.91	4	4073420	16209810
2019/1/3	3.94	3.97	3.9	3.91	1825260	7168828.5
2019/1/2	3.92	3.98	3.9	3.93	2733570	10777686
2018/12/28	3.88	3.96	3.88	3.91	2874602	11264644
2018/12/27	4.03	4.05	3.88	3.88	5666923	22313344
2018/12/26	4	4	3.95	3.99	1988944	7922188.5
2018/12/25	4	4.03	3.9	3.98	3535918	14014665
2018/12/24	3.96	4.05	3.96	4.03	3278071	13175230
2018/12/21	3.95	4.01	3.94	4	2467803	9837621
2018/12/20	3.99	4	3.95	3.97	2215222	8806899
2018/12/19	3.96	4.02	3.96	3.97	1873681	7479325.5
2018/12/18	3.95	4.02	3.92	3.99	2552348	10143787
2018/12/17	3.93	4.01	3.92	3.99	2823747	11232266
2018/12/14	4.07	4.07	3.93	3.94	3762901	15054161
2018/12/13	4.04	4.09	4.01	4.07	3538441	14376658
2018/12/12	4.04	4.04	4	4.04	2944421	11857247
2018/12/11	3.98	4.04	3.98	4.02	2331500	9333831
2018/12/10	4.01	4.07	3.98	4	3079640	12347136
2018/12/7	4.1	4.12	4.03	4.06	2843700	11571237
2018/12/6	4.13	4.15	4.05	4.09	4457920	18210432
2018/12/5	4.12	4.19	4.11	4.13	6109772	25296062
2018/12/4	4.23	4.25	4.17	4.19	8377897	35219968
2018/12/3	4.04	4.3	4.04	4.24	16786071	70166272
2018/11/30	3.96	4	3.9	3.99	5130109	20255218
2018/11/29	4.15	4.16	3.97	3.97	9921408	40456116
2018/11/28	4.16	4.24	4.12	4.17	11623971	48635116
2018/11/27	4.08	4.3	4.06	4.15	12262431	51095804
2018/11/26	4.03	4.1	4.01	4.07	4609440	18729216
2018/11/23	4.28	4.28	4.02	4.05	6953260	28639472
2018/11/22	4.32	4.33	4.22	4.26	6012888	25643234
2018/11/21	4.17	4.34	4.13	4.31	7272909	30859244
2018/11/20	4.28	4.39	4.18	4.19	8764541	37730248
2018/11/19	4.29	4.37	4.27	4.35	8845434	38269988
2018/11/16	4.37	4.4	4.22	4.28	10491669	45283524
2018/11/15	4.16	4.3	4.15	4.28	10199297	43283164
2018/11/14	4.2	4.33	4.15	4.15	10054527	42344936
2018/11/13	4.09	4.23	4.07	4.19	10006701	41707324
2018/11/12	4.05	4.15	4.03	4.13	9652260	39476508
2018/11/9	4.05	4.09	4.02	4.07	7493285	30415264
2018/11/8	4.06	4.1	4.03	4.06	8716340	35349260
2018/11/7	4.04	4.06	4.01	4.04	6801799	27464142
2018/11/6	4.06	4.06	3.98	4.03	4276099	17183872
2018/11/5	4.04	4.09	4	4.06	6300259	25501934
2018/11/2	3.99	4.03	3.97	4.03	7682818	30816608
2018/11/1	4	4.04	3.94	3.95	7552750	30142184
2018/10/31	3.92	4.06	3.91	3.97	8038127	31979090
2018/10/30	3.92	3.98	3.85	3.92	5902580	23132960
2018/10/29	3.98	4.03	3.92	3.92	7174113	28378864
2018/10/26	3.91	4.16	3.87	4	14626502	58637484
2018/10/25	3.7	3.96	3.6	3.94	15032865	57252728
2018/10/24	3.97	4.02	3.82	3.88	12411742	48585412
2018/10/23	4.15	4.2	4.04	4.04	14986280	61593512
2018/10/22	4.21	4.36	4.02	4.26	44940655	188615840
2018/10/19	4.02	4.31	4.02	4.22	16242857	68323656
2018/10/18	4.18	4.32	3.98	4.2	22188235	93213600
2018/10/17	3.74	4.39	3.74	4.38	36818636	145106640
2018/10/16	4.5	4.5	4.06	4.16	20265570	83062432
2018/10/15	4.87	5.05	4.41	4.51	12276635	56231080
2018/10/12	5.05	5.05	4.72	4.9	4258645	20675264
2018/10/11	5.28	5.28	4.88	5.09	6649824	34021180
2018/10/10	5.32	5.36	5.3	5.36	3807850	20312020
2018/10/9	5.38	5.38	5.3	5.33	1774785	9449135
2018/10/8	5.39	5.4	5.32	5.38	3650750	19614830
2018/9/28	5.42	5.44	5.39	5.39	6709400	36343016
2018/9/27	5.45	5.49	5.42	5.43	8160900	44457552
2018/9/26	5.46	5.5	5.36	5.5	8082063	44041712
2018/9/25	5.41	5.5	5.38	5.46	5759171	31369726
2018/9/21	5.38	5.47	5.38	5.42	4824523	26191088
2018/9/20	5.37	5.44	5.34	5.41	5293854	28500278
2018/9/19	5.29	5.43	5.23	5.41	8755840	46725092
2018/9/18	5.25	5.3	5.25	5.27	1767810	9311358
2018/9/17	5.31	5.32	5.23	5.29	1401900	7405624
2018/9/14	5.32	5.4	5.29	5.31	1955901	10460619
2018/9/13	5.32	5.34	5.29	5.31	2409601	12794519
2018/9/12	5.31	5.34	5.28	5.31	2538590	13471622
2018/9/11	5.27	5.41	5.2	5.34	4565485	24229666
2018/9/10	5.37	5.37	5.21	5.27	4485401	23646098
2018/9/7	5.34	5.4	5.31	5.38	2409767	12919703
2018/9/6	5.4	5.41	5.28	5.38	5058200	26998802
2018/9/5	5.4	5.42	5.37	5.4	2252547	12147513
2018/9/4	5.41	5.44	5.38	5.4	2533400	13677231
2018/9/3	5.46	5.47	5.4	5.43	1785617	9688857
2018/8/31	5.4	5.5	5.32	5.5	5078860	27576450
2018/8/30	5.43	5.44	5.37	5.43	2733708	14776999
2018/8/29	5.43	5.45	5.37	5.45	2133586	11544972
2018/8/28	5.42	5.46	5.38	5.42	3016400	16323542
2018/8/27	5.39	5.45	5.38	5.42	1991809	10790572
2018/8/24	5.26	5.42	5.22	5.4	2697858	14408752
2018/8/23	5.28	5.3	5.23	5.27	2520081	13272254
2018/8/22	5.33	5.36	5.23	5.23	1518980	8049528.5
2018/8/21	5.35	5.46	5.3	5.33	2617758	14061080
2018/8/20	5.35	5.39	5.32	5.35	2661840	14250188
2018/8/17	5.36	5.39	5.32	5.36	1403524	7529906.5
2018/8/16	5.32	5.41	5.25	5.36	2492000	13294525
2018/8/15	5.36	5.38	5.25	5.34	2828800	15053819
2018/8/14	5.36	5.39	5.32	5.36	993501	5323262.5
2018/8/13	5.39	5.42	5.35	5.36	1055500	5677763
2018/8/10	5.35	5.45	5.35	5.4	1651839	8916728
2018/8/9	5.39	5.41	5.35	5.39	2368340	12767186
2018/8/8	5.38	5.42	5.34	5.39	2564900	13793787
2018/8/7	5.3	5.43	5.28	5.4	2719002	14631057
2018/8/6	5.21	5.37	5.16	5.37	4966061	26170624
2018/8/3	5.2	5.26	5.16	5.25	4103200	21429896
2018/8/2	5.34	5.34	5.09	5.25	7444144	38824760
2018/8/1	5.45	5.45	5.29	5.39	5855110	31335802
2018/7/31	5.41	5.46	5.39	5.45	1731032	9401961
2018/7/30	5.43	5.51	5.42	5.44	1212000	6608238
2018/7/27	5.5	5.5	5.42	5.47	2084752	11390908
2018/7/26	5.49	5.54	5.45	5.47	1787753	9829908
2018/7/25	5.53	5.57	5.49	5.49	2055561	11328523
2018/7/24	5.44	5.61	5.42	5.53	4581462	25266178
2018/7/23	5.46	5.53	5.4	5.44	4325475	23561246
2018/7/20	5.38	5.46	5.35	5.42	1863648	10088103
2018/7/19	5.37	5.4	5.34	5.39	4556754	24484604
2018/7/18	5.36	5.39	5.29	5.39	9351760	50010080
2018/7/17	5.38	5.4	5.33	5.4	8014948	43006184
2018/7/16	5.44	5.46	5.3	5.41	11921302	64072688
2018/7/13	5.4	5.46	5.39	5.44	8984812	48739032
2018/7/12	5.31	5.49	5.26	5.41	9354780	50698820
2018/7/11	5.28	5.35	5.2	5.35	6131447	32390800
2018/7/10	5.36	5.42	5.27	5.42	8272976	44280584
2018/7/9	5.44	5.45	5.28	5.43	14805020	79299608
2018/7/6	5.43	5.49	5.24	5.49	12572200	67664904
2018/7/5	5.58	5.58	5.33	5.53	15770121	86279752
2018/7/4	5.55	5.6	5.53	5.6	2993440	16696257
2018/7/3	5.57	5.6	5.34	5.6	6389346	34974196
2018/7/2	5.67	5.68	5.56	5.6	4128854	23159052
2018/6/29	5.59	5.68	5.56	5.67	3038945	17084260
2018/6/28	5.58	5.6	5.55	5.6	4068114	22699988
2018/6/27	5.57	5.59	5.54	5.59	3532541	19687714
2018/6/26	5.54	5.6	5.52	5.6	3946174	21979118
2018/6/25	5.6	5.62	5.53	5.6	4428461	24699294
2018/6/22	5.55	5.6	5.51	5.6	3384692	18820472
2018/6/21	5.6	5.6	5.48	5.6	4106904	22791596
2018/6/20	5.32	5.6	5.3	5.6	9371307	51438104
2018/6/19	5.5	5.57	5.3	5.39	5615200	30526306
2018/6/15	5.69	5.71	5.38	5.63	7957080	44274148
2018/6/14	5.67	5.74	5.62	5.7	2601148	14774124
2018/6/13	5.73	5.76	5.67	5.67	1777400	10166775
2018/6/12	5.72	5.78	5.71	5.75	1913414	10985563
2018/6/11	5.86	5.86	5.73	5.78	3961520	22913646
2018/6/8	5.9	5.91	5.8	5.84	6192791	36271788
2018/6/7	5.94	5.99	5.76	5.95	9524844	55881304
2018/6/6	5.97	5.99	5.92	5.95	5976375	35579520
2018/6/5	5.99	6.01	5.91	5.94	4554401	27143778
2018/6/4	6.12	6.15	5.9	5.91	11057900	66193392
2018/6/1	6.2	6.29	6.07	6.16	17201287	105959296
2018/5/31	6.11	6.27	6.06	6.16	8232759	50859564
2018/5/30	6.44	6.44	6.09	6.1	9902800	61778044
2018/5/29	6.35	6.51	6.35	6.42	6419893	41360792
2018/5/28	6.28	6.49	6.23	6.44	9864398	63180676
2018/5/25	6.27	6.28	6.2	6.2	1906798	11876135
2018/5/24	6.26	6.3	6.24	6.24	4029000	25247644
2018/5/23	6.28	6.32	6.2	6.31	6157591	38558352
2018/5/22	6.24	6.35	6.19	6.3	16569841	103864712
2018/5/21	6.15	6.32	6.12	6.24	23098559	144617376
2018/5/18	6.01	6.21	6.01	6.16	13272323	81400096
2018/5/17	6.01	6.15	5.94	6	13315411	80436384
2018/5/16	5.9	6.16	5.88	6	14011037	84911408
2018/5/15	5.64	6.01	5.64	5.92	17709738	104208640
2018/5/14	5.82	5.84	5.6	5.64	7721015	43918212
2018/5/11	5.88	5.93	5.79	5.84	3421465	20011254
2018/5/10	5.89	5.91	5.83	5.9	3605649	21147040
2018/5/9	5.81	6.1	5.79	5.95	6577280	38971276
2018/5/8	5.8	5.85	5.75	5.82	3154486	18266512
2018/5/7	5.74	5.8	5.73	5.79	1895811	10943097
2018/5/4	5.71	5.74	5.69	5.73	1202102	6879556.5
2018/5/3	5.71	5.74	5.68	5.71	1304786	7452618
2018/5/2	5.77	5.8	5.7	5.71	1840995	10545892
2018/4/27	5.76	5.81	5.73	5.75	2080705	11983576
2018/4/26	5.8	5.88	5.77	5.77	2172884	12608862
2018/4/25	5.93	5.94	5.77	5.8	3584412	20931044
2018/4/24	5.82	5.93	5.82	5.93	1994511	11776447
2018/4/23	5.89	5.9	5.83	5.84	1926460	11273824
2018/4/20	6.03	6.03	5.88	5.89	3689180	21926884
2018/4/19	6.03	6.06	5.99	6.03	3163372	19053896
2018/4/18	6.01	6.09	5.92	6.09	7060205	42331228
2018/4/17	6.19	6.27	5.98	6.1	12062164	74272000
2018/4/16	6.01	6.32	6	6.17	10109376	62079896
2018/4/13	6.03	6.1	5.93	6.07	4969701	29902554
2018/4/12	6.03	6.08	5.91	6.08	6392362	38153856
2018/4/11	6.05	6.07	6	6.03	3250068	19597196
2018/4/10	6.07	6.08	5.95	6.02	4508857	27094364
2018/4/9	6.03	6.1	6.01	6.07	2959222	17925914
2018/4/4	6.05	6.23	6.05	6.05	3647220	22328030
2018/4/3	6.06	6.12	6.02	6.05	5299205	32085650
2018/4/2	6.24	6.34	6.16	6.19	7914640	49554884
2018/3/30	6.13	6.16	6.06	6.12	4365104	26643234
2018/3/29	6.11	6.24	6.02	6.16	7072100	43220732
2018/3/28	6.23	6.36	6.15	6.15	11638597	72549712
2018/3/27	6.5	6.78	6.45	6.45	23305079	153699904
2018/3/26	5.88	6.5	5.78	6.47	14241181	87285712
2018/3/23	6.17	6.58	6.01	6.23	13928197	87212328
2018/3/22	6.1	6.19	6.04	6.17	4055540	24862184
2018/3/21	6.05	6.16	6.03	6.07	3071091	18689980
2018/3/20	6.19	6.19	6.01	6.08	4434756	26945868
2018/3/19	6.3	6.31	6.17	6.21	5468006	34005372
2018/3/16	6.14	6.36	6.14	6.3	8108165	50925488
2018/3/15	6.12	6.21	6.05	6.11	4675706	28600692
2018/3/14	6.2	6.35	6.16	6.2	6120365	38130428
2018/3/13	6.1	6.48	6.08	6.32	9875168	62252856
2018/3/12	6.05	6.12	6.02	6.12	4109166	24927874
2018/3/9	6.05	6.06	6	6.05	1986267	11972543
2018/3/8	6.1	6.14	5.99	6.03	2997182	18070174
2018/3/7	6.14	6.16	6.07	6.12	2238318	13678519
2018/3/6	6.13	6.19	6.09	6.14	2880552	17682480
2018/3/5	6.15	6.19	6.1	6.14	2079592	12775022
2018/3/2	6.16	6.19	6.09	6.13	3516003	21573114
2018/3/1	6.16	6.24	6.14	6.18	2785968	17219628
2018/2/28	6.12	6.25	6.09	6.22	3053435	18868840
2018/2/27	6.12	6.21	6.1	6.18	2469866	15213402
2018/2/26	6.08	6.17	6.05	6.16	3548681	21727976
2018/2/23	6.15	6.15	6.06	6.09	2206112	13447152
2018/2/22	6.18	6.24	6.12	6.14	2237923	13756628
2018/2/14	5.94	6.19	5.89	6.18	4079570	24855370
2018/2/13	5.89	6	5.78	6	3469546	20421286
2018/2/12	5.85	5.95	5.83	5.87	2173180	12778092
2018/2/9	5.93	5.93	5.73	5.85	3439920	20109860
2018/2/8	6.05	6.06	5.92	6	2348130	14090033
2018/2/7	5.95	6.09	5.92	6.06	5036587	30378310
2018/2/6	5.84	6	5.84	5.98	4531516	26869512
2018/2/5	5.91	6.06	5.85	6.03	3186426	18933082
2018/2/2	6	6.03	5.75	6.03	3704236	21803236
2018/2/1	6.01	6.17	5.9	5.99	4534535	27315136
2018/1/31	6.06	6.3	5.99	6.13	11629184	70900296
2018/1/30	6.55	6.96	6.45	6.45	16332263	110214024
2018/1/29	6.65	6.7	6.32	6.33	4952929	32081592
2018/1/26	6.62	6.73	6.61	6.65	2780700	18559694
2018/1/25	6.65	6.76	6.59	6.67	5264651	35184340
2018/1/24	6.55	6.74	6.5	6.7	6331586	42249356
2018/1/23	6.49	6.61	6.47	6.52	2953917	19376672
2018/1/22	6.4	6.6	6.33	6.54	3182647	20649830
2018/1/19	6.43	6.54	6.41	6.44	2593220	16825216
2018/1/18	6.42	6.56	6.41	6.43	2492291	16148243
2018/1/17	6.65	6.65	6.44	6.51	5098222	33307864
2018/1/16	6.37	6.78	6.32	6.65	10473724	69212400
2018/1/15	6.4	6.5	6.3	6.38	4639738	29773242
2018/1/12	6.39	6.51	6.33	6.45	4365515	28230128
2018/1/11	6.33	6.4	6.25	6.4	3395002	21440992
2018/1/10	6.45	6.45	6.31	6.39	3692100	23575724
2018/1/9	6.44	6.5	6.35	6.5	5998468	38528752
2018/1/8	6.35	6.5	6.31	6.49	10641232	68137136
2018/1/5	5.97	6.32	5.93	6.31	9941399	61052984
2018/1/4	5.8	6.03	5.77	6.02	5509832	32557118
2018/1/3	5.74	5.83	5.74	5.79	2616878	15146599
2018/1/2	5.71	5.84	5.67	5.79	3659883	21094228
2017/12/29	5.6	5.77	5.57	5.7	2208071	12487628
2017/12/28	5.58	5.62	5.54	5.58	1425087	7967735
2017/12/27	5.67	5.67	5.57	5.58	1900072	10689388
2017/12/26	5.66	5.8	5.65	5.68	1257214	7171436.5
2017/12/25	5.79	5.79	5.61	5.71	1899500	10827059
2017/12/22	5.83	5.86	5.75	5.82	1312310	7631124.5
2017/12/21	5.84	5.88	5.8	5.85	1960674	11426412
2017/12/20	5.9	5.94	5.84	5.88	2913392	17133154
2017/12/19	5.8	5.93	5.8	5.9	3266142	19175052
2017/12/18	5.84	5.93	5.77	5.85	2084784	12173434
2017/12/15	5.76	5.94	5.74	5.85	3371051	19655476
2017/12/14	5.78	5.81	5.71	5.77	2965959	17069000
2017/12/13	5.82	5.87	5.71	5.81	4484218	25971294
2017/12/12	5.66	6.17	5.6	5.84	9095331	53514088
2017/12/11	5.63	5.67	5.6	5.66	3797098	21387132
2017/12/8	5.63	5.69	5.59	5.68	4188275	23600776
2017/12/7	5.63	5.69	5.52	5.68	4173322	23361440
2017/12/6	5.5	5.65	5.47	5.65	4431157	24705872
2017/12/5	5.77	5.77	5.47	5.5	5523753	30844126
2017/12/4	5.93	5.95	5.75	5.76	3384531	19791744
2017/12/1	5.93	5.95	5.88	5.92	2058186	12193766
2017/11/30	5.95	5.98	5.93	5.95	2160655	12858549
2017/11/29	5.97	6.01	5.92	5.96	2140827	12747700
2017/11/28	5.95	6.04	5.94	6.01	2110930	12626625
2017/11/27	6.01	6.03	5.95	5.95	1676908	10058915
2017/11/24	5.97	6.05	5.97	6.04	2415796	14497149
2017/11/23	6.18	6.18	5.98	5.98	3396801	20575368
2017/11/22	6.18	6.23	6.17	6.17	1422269	8804027
2017/11/21	6.23	6.25	6.16	6.23	3135002	19437754
2017/11/20	6.26	6.27	6	6.27	5010301	30787522
2017/11/17	6.41	6.43	6.21	6.29	4624737	29046626
2017/11/16	6.4	6.45	6.39	6.44	2319280	14884989
2017/11/15	6.41	6.48	6.36	6.44	2692119	17272458
2017/11/14	6.5	6.51	6.36	6.44	4220894	27082032
2017/11/13	6.46	6.48	6.4	6.45	3387691	21774436
2017/11/10	6.48	6.5	6.43	6.46	1669826	10779138
2017/11/9	6.49	6.52	6.46	6.47	2203218	14285243
2017/11/8	6.43	6.6	6.41	6.51	4038358	26293932
2017/11/7	6.44	6.45	6.39	6.45	2351431	15117185
2017/11/6	6.43	6.48	6.38	6.46	2634589	16946036
2017/11/3	6.44	6.49	6.35	6.45	4208870	27040280
2017/11/2	6.57	6.57	6.39	6.49	6975020	45150392
2017/11/1	6.57	6.61	6.52	6.59	5299121	34768348
2017/10/31	6.59	6.62	6.54	6.6	5508115	36236996
2017/10/30	6.65	6.65	6.5	6.65	5440962	35728760
2017/10/27	6.66	6.69	6.6	6.69	4382856	29075812
2017/10/26	6.64	6.7	6.55	6.7	8412484	55528316
2017/10/25	6.54	6.67	6.49	6.65	8146863	53507952
2017/10/24	6.72	6.75	6.49	6.58	10375198	68132584
2017/10/23	6.79	6.81	6.57	6.71	5361130	35945144
2017/10/20	6.85	6.95	6.72	6.78	4955171	33724004
2017/10/19	6.77	7.04	6.75	6.85	9260630	63758088
2017/10/18	6.88	6.88	6.66	6.74	6827304	45964300
2017/10/17	7.06	7.06	6.81	6.83	6989940	48235048
2017/10/16	6.94	7.07	6.94	7.05	5494536	38505468
2017/10/13	7.02	7.03	6.9	6.95	3404890	23764190
2017/10/12	7.05	7.08	6.98	7.01	3021027	21217276
2017/10/11	7.15	7.15	7	7.05	5039711	35573600
2017/10/10	7.2	7.23	7.1	7.17	4291078	30728350
2017/10/9	7.24	7.24	7.13	7.18	3236154	23189742
2017/9/29	7.16	7.23	7.06	7.12	4397127	31342108
2017/9/28	7.75	7.75	7.01	7.12	10323783	75343096
2017/9/27	7.47	7.7	7.38	7.65	4432286	33157306
2017/9/26	7.34	7.49	7.33	7.41	3432180	25450526
2017/9/25	7.56	7.56	7.33	7.35	3339053	24871692
2017/9/22	7.57	7.59	7.43	7.46	3639982	27232648
2017/9/21	7.66	7.7	7.55	7.61	3110134	23768530
2017/9/20	7.65	7.7	7.55	7.66	3599863	27468532
2017/9/19	7.63	7.77	7.56	7.71	4619106	35576520
2017/9/18	7.6	7.68	7.55	7.63	2909335	22179014
2017/9/15	7.63	7.69	7.55	7.6	4083144	31160512
2017/9/14	7.66	7.67	7.54	7.63	2894764	21970864
2017/9/13	7.59	7.62	7.46	7.59	3393502	25587172
2017/9/12	7.67	7.75	7.6	7.62	4468356	34307676
2017/9/11	7.63	7.72	7.6	7.63	4400366	33696400
2017/9/8	7.49	7.72	7.44	7.63	6843611	52035976
2017/9/7	7.54	7.69	7.45	7.45	5706211	43206056
2017/9/6	7.37	7.6	7.33	7.54	7921599	59367968
2017/9/5	7.31	7.41	7.26	7.37	5217723	38283604
2017/9/4	7.15	7.36	7.13	7.31	7225632	52648280
2017/9/1	7.15	7.18	7.09	7.17	4146574	29645600
2017/8/31	7.1	7.15	7.09	7.13	2258428	16108052
2017/8/30	7.14	7.18	7.09	7.09	2804521	19945064
2017/8/29	7.14	7.19	7.07	7.19	3686216	26258188
2017/8/28	7.14	7.18	7.12	7.15	5402647	38639672
2017/8/25	7.15	7.17	7.11	7.15	4061155	29030662
2017/8/24	7.08	7.15	7.08	7.14	3820015	27212896
2017/8/23	7.14	7.15	7.05	7.08	2960647	21023158
2017/8/22	7.06	7.15	7.06	7.1	3812305	27157256
2017/8/21	6.91	7.12	6.91	7.1	5611559	39712620
2017/8/18	7.01	7.04	6.92	6.94	3807964	26555788
2017/8/17	6.88	7.02	6.88	7.01	3889730	27141708
2017/8/16	6.94	6.95	6.86	6.93	2916961	20142698
2017/8/15	6.77	6.94	6.77	6.91	2650009	18239934
2017/8/14	6.67	6.88	6.67	6.81	3025169	20592512
2017/8/11	6.78	6.81	6.67	6.7	2559798	17255492
2017/8/10	6.88	6.93	6.75	6.79	2733700	18664382
2017/8/9	6.94	6.94	6.87	6.88	1506860	10382029
2017/8/8	6.98	6.98	6.9	6.94	1933465	13422828
2017/8/7	6.91	7.02	6.85	6.96	3141666	21864188
2017/8/4	6.84	6.97	6.8	6.91	4539053	31295230
2017/8/3	6.83	6.87	6.7	6.85	2888133	19721836
2017/8/2	6.85	6.87	6.82	6.84	2208207	15107813
2017/8/1	6.85	6.9	6.79	6.85	2597786	17762780
2017/7/31	6.83	6.86	6.8	6.85	2939686	20100892
2017/7/28	6.8	6.89	6.77	6.83	3169729	21701422
2017/7/27	6.74	6.81	6.7	6.79	3086810	20904404
2017/7/26	6.81	6.84	6.74	6.78	2224794	15104714
2017/7/25	6.84	6.91	6.8	6.83	1800966	12300913
2017/7/24	6.77	6.97	6.74	6.88	3068636	21074956
2017/7/21	6.8	6.83	6.72	6.77	2537030	17182410
2017/7/20	6.77	6.83	6.72	6.77	3414531	23138860
2017/7/19	6.62	6.81	6.62	6.77	2822617	18965004
2017/7/18	6.5	6.68	6.5	6.67	3519540	23290940
2017/7/17	7.04	7.04	6.5	6.6	7845726	52858324
2017/7/14	7.04	7.04	7	7.03	2172801	15255405
2017/7/13	7.07	7.11	7.04	7.1	2140295	15156969
2017/7/12	7.13	7.14	7.02	7.09	3113260	22020872
2017/7/11	7.13	7.16	7.1	7.11	3041184	21680314
2017/7/10	7.2	7.2	7.1	7.13	4716434	33602964
2017/7/7	7.15	7.44	7.1	7.21	5579734	40497320
2017/7/6	7.16	7.18	7.13	7.15	2346094	16774051
2017/7/5	7.13	7.16	7.12	7.16	2157136	15414328
2017/7/4	7.15	7.16	7.1	7.11	1762166	12541063
2017/7/3	7.12	7.19	7.1	7.16	2416694	17282316
2017/6/30	7.1	7.13	7.06	7.11	2046600	14527986
2017/6/29	7.08	7.13	7.08	7.11	2080103	14779669
2017/6/28	7.14	7.14	7.07	7.1	2578104	18299022
2017/6/27	7.16	7.17	7.11	7.14	2499892	17845660
2017/6/26	7.1	7.17	7.09	7.16	2837496	20270512
2017/6/23	7.13	7.19	7.05	7.12	4932315	35032360
2017/6/22	7.2	7.23	7.13	7.15	4158339	29895442
2017/6/21	7.24	7.26	7.18	7.2	3731526	26899300
2017/6/20	7.28	7.29	7.2	7.23	6099578	44140616
2017/6/19	7.22	7.29	7.22	7.28	4445484	32231982
2017/6/16	7.27	7.33	7.23	7.26	5561420	40395840
2017/6/15	7.21	7.46	7.21	7.32	16425458	120089536
2017/6/14	7.8	7.8	7.35	7.39	27930441	210878560
2017/6/13	7.2	7.27	7.11	7.17	6023177	43372468
2017/6/12	7.25	7.29	7.2	7.2	3823871	27665860
2017/6/9	7.38	7.44	7.27	7.36	8255074	60517612
2017/6/8	7.32	7.7	7.28	7.49	10898750	81515792
2017/6/7	7.25	7.34	7.23	7.32	3525441	25692984
2017/6/6	7.32	7.34	7.19	7.22	3547244	25652266
2017/6/5	7.17	7.6	7.11	7.37	4926743	36306356
2017/6/2	7.1	7.2	7.09	7.2	1871264	13370115
2017/6/1	7.22	7.26	7.12	7.2	2840734	20372330
2017/5/31	7.3	7.34	7.17	7.29	4125839	29863466
2017/5/26	7.22	7.28	7.15	7.23	2528324	18200462
2017/5/25	7.28	7.49	7.21	7.28	4728374	34654240
2017/5/24	7.12	7.27	7.02	7.24	2234406	16071483
2017/5/23	7.2	7.2	7.05	7.18	3548302	25264286
2017/5/22	7.54	7.58	7.18	7.2	4484132	32944674
2017/5/19	7.56	7.6	7.46	7.54	2659467	20058116
2017/5/18	7.46	7.56	7.39	7.54	3334579	25017868
2017/5/17	7.43	7.56	7.39	7.47	2885782	21508364
2017/5/16	7.46	7.5	7.35	7.48	3607004	26779178
2017/5/15	7.29	7.62	7.19	7.47	6105793	45519608
2017/5/12	7.22	7.29	7.15	7.25	2135535	15446376
2017/5/11	7.11	7.25	7.1	7.22	3246777	23265646
2017/5/10	7.22	7.36	7.12	7.14	3113046	22555388
2017/5/9	7.13	7.23	7.1	7.19	1892548	13597832
2017/5/8	7.18	7.23	7.03	7.15	3614435	25707474
2017/5/5	7.26	7.34	7.21	7.21	2564651	18609512
2017/5/4	7.39	7.43	7.3	7.31	3105377	22809582
2017/5/3	7.44	7.53	7.36	7.38	2860456	21278980
2017/5/2	7.5	7.58	7.47	7.49	2225720	16786620
2017/4/28	7.5	7.58	7.45	7.53	2581296	19350614
2017/4/27	7.49	7.53	7.29	7.53	3702039	27458890
2017/4/26	7.43	7.56	7.43	7.52	2360134	17712894
2017/4/25	7.42	7.54	7.42	7.51	3181799	23818170
2017/4/24	7.56	7.62	7.4	7.43	5037202	37556640
2017/4/21	7.67	7.73	7.5	7.56	1988079	15175861
2017/4/20	7.7	7.73	7.6	7.67	3145628	24061232
2017/4/19	7.55	7.75	7.46	7.72	5952043	45232384
2017/4/18	7.61	7.67	7.58	7.59	4034302	30740154
2017/4/17	7.72	7.79	7.55	7.62	6926841	52977712
2017/4/14	7.95	7.97	7.75	7.78	6454974	50456352
2017/4/13	7.8	8.03	7.76	7.95	8202100	65135912
2017/4/12	8.18	8.18	7.85	7.85	14285525	113474904
2017/4/11	8.08	8.4	8.07	8.27	20944151	172137104
2017/4/10	7.84	8.3	7.75	8.07	20652497	166792096
2017/4/7	7.9	7.98	7.65	7.92	14935722	116507104
2017/4/6	8.34	8.34	7.9	7.91	21583798	173992944
2017/4/5	8.2	8.33	7.86	8.33	28912487	236951632
2017/3/31	7.52	7.59	7.47	7.57	2350895	17727972
2017/3/30	7.68	7.68	7.48	7.5	4841476	36519204
2017/3/29	7.74	7.77	7.66	7.68	3151386	24259538
2017/3/28	7.81	7.82	7.73	7.75	2703644	20977264
2017/3/27	7.91	7.92	7.72	7.79	4546664	35501052
2017/3/24	7.9	7.93	7.82	7.9	3132314	24637162
2017/3/23	7.93	7.96	7.82	7.89	3975863	31352734
2017/3/22	7.95	8.1	7.88	7.93	6309847	50131140
2017/3/21	8.04	8.12	8.01	8.02	4306440	34728296
2017/3/20	8.06	8.14	7.95	8.03	8145686	65517828
2017/3/17	8.41	8.47	8.27	8.29	3582142	29847250
2017/3/16	8.28	8.43	8.28	8.41	4355136	36526980
2017/3/15	8.42	8.43	8.25	8.27	3334874	27722566
2017/3/14	8.53	8.55	8.39	8.43	4402063	37275708
2017/3/13	8.51	8.53	8.36	8.52	4950159	41967960
2017/3/10	8.46	8.54	8.46	8.52	5040968	42892588
2017/3/9	8.34	8.59	8.34	8.46	9679599	81934952
2017/3/8	8.39	8.47	8.33	8.38	4947485	41483364
2017/3/7	8.46	8.53	8.35	8.43	8280855	69820040
2017/3/6	8.06	8.29	8.06	8.28	3538652	29113844
2017/3/3	8.16	8.17	8.01	8.09	3599907	29105884
2017/3/2	8.19	8.23	8.13	8.14	3317811	27128532
2017/3/1	8.22	8.27	8.13	8.23	5203751	42697820
2017/2/28	8.22	8.28	8.1	8.19	4395727	35951984
2017/2/27	8.5	8.5	8.15	8.2	8145377	67721480
2017/2/24	8.35	8.88	8.29	8.49	7842399	67039176
2017/2/23	8.63	8.64	8.35	8.42	5640808	47552556
2017/2/22	8.33	8.66	8.19	8.58	10094218	85398208
2017/2/21	8.43	8.49	8.3	8.32	5637311	47144772
2017/2/20	7.91	8.65	7.91	8.39	12174890	100914136
2017/2/17	7.94	7.95	7.86	7.95	2783407	22003038
2017/2/16	7.83	7.95	7.83	7.94	2687128	21221228
2017/2/15	7.95	7.97	7.77	7.84	2968378	23386606
2017/2/14	7.87	7.95	7.83	7.95	3292099	25982274
2017/2/13	7.92	7.92	7.85	7.87	2413000	19033940
2017/2/10	7.87	7.91	7.82	7.9	2576297	20284682
2017/2/9	7.9	7.92	7.85	7.87	2229511	17554772
2017/2/8	7.93	7.93	7.82	7.88	2143915	16848316
2017/2/7	7.8	7.92	7.75	7.91	4100303	32262098
2017/2/6	7.72	7.83	7.69	7.8	4872007	37790476
2017/2/3	7.71	7.73	7.64	7.72	2102766	16154559
2017/1/26	7.66	7.77	7.65	7.71	2331039	17965162
2017/1/25	7.72	7.72	7.62	7.65	1761949	13516920
2017/1/24	7.7	7.78	7.65	7.68	3064601	23628184
2017/1/23	7.6	7.71	7.53	7.69	4671187	35616392
2017/1/20	7.62	7.64	7.5	7.58	3337500	25266564
2017/1/19	7.73	7.75	7.6	7.61	1452900	11117210
2017/1/18	7.54	7.73	7.47	7.72	2841592	21773494
2017/1/17	7.5	7.55	7.38	7.54	2929372	21901932
2017/1/16	7.8	7.82	7.29	7.49	5281828	40216076
2017/1/13	7.88	7.94	7.77	7.79	3959783	30949204
2017/1/12	8.09	8.09	7.86	7.86	4146430	32866108
2017/1/11	8.12	8.16	8.07	8.09	2124915	17222474
2017/1/10	8.16	8.23	8.15	8.16	2453343	20093638
2017/1/9	8.21	8.25	8.12	8.15	4249837	34720976
2017/1/6	8.3	8.34	8.2	8.21	3023195	24946590
2017/1/5	8.3	8.46	8.24	8.3	6985098	58216256
2017/1/4	8.37	8.4	8.23	8.29	5672691	47020676
2017/1/3	8.6	8.6	8.35	8.37	4331421	36445140
2016/12/30	8.39	8.51	8.32	8.48	3692821	31147400
2016/12/29	8.29	8.43	8.27	8.33	4069413	33940496
2016/12/28	8.45	8.48	8.25	8.36	4235044	35340896
2016/12/27	8.67	8.67	8.38	8.46	3716315	31427126
2016/12/26	8.65	8.7	8.27	8.53	5719246	48702492
2016/12/23	8.62	8.82	8.54	8.65	4948748	42720348
2016/12/22	8.55	8.71	8.52	8.63	6361952	55049192
2016/12/21	8.5	8.78	8.5	8.62	10025693	86639112
2016/12/20	8.19	8.93	8.19	8.59	25981482	225761248
2016/12/19	7.85	8.17	7.8	8.13	6983594	55845216
2016/12/16	7.7	7.83	7.64	7.82	3255616	25348380
2016/12/15	7.64	7.76	7.6	7.7	3406873	26181978
2016/12/14	7.88	7.88	7.66	7.67	3587322	27708734
2016/12/13	7.88	8.05	7.76	7.86	3515713	27602174
2016/12/12	8.33	8.37	7.85	7.88	6140015	49598752
2016/12/9	8.4	8.41	8.31	8.31	3342849	27893032
2016/12/8	8.47	8.47	8.33	8.35	3890247	32586198
2016/12/7	8.45	8.52	8.38	8.47	2778839	23502410
2016/12/6	8.35	8.47	8.28	8.44	5170016	43469272
2016/12/5	8.73	8.73	8.25	8.32	11536614	97635424
2016/12/2	8.94	8.94	8.74	8.76	8575581	75615440
2016/12/1	8.94	8.95	8.89	8.94	3753994	33498156
2016/11/30	8.96	8.97	8.87	8.95	6713390	59809132
2016/11/29	8.95	8.98	8.93	8.96	5986499	53601576
2016/11/28	8.98	8.99	8.91	8.97	7657689	68539592
2016/11/25	9	9	8.8	8.98	8618991	76630752
2016/11/24	8.95	9.01	8.91	9	6156550	55127820
2016/11/23	9.03	9.03	8.94	8.95	5648991	50687904
2016/11/22	8.95	9.06	8.93	9	5549763	49930632
2016/11/21	8.96	8.99	8.9	8.95	5008657	44850448
2016/11/18	9	9	8.94	8.96	3855126	34536252
2016/11/17	9.06	9.07	8.92	9	6790074	60955412
2016/11/16	9.15	9.17	9.06	9.07	6342674	57750296
2016/11/15	8.97	9.25	8.94	9.16	10235335	93225536
2016/11/14	8.94	8.99	8.93	8.99	8751044	78446216
2016/11/11	8.97	8.99	8.92	8.99	8196527	73319088
2016/11/10	8.98	9.02	8.94	8.99	7847518	70413040
2016/11/9	8.94	9	8.78	8.98	7371855	65776400
2016/11/8	8.96	9	8.9	9	5955644	53364948
2016/11/7	8.91	8.98	8.86	8.98	5934858	53040928
2016/11/4	8.91	8.99	8.8	8.86	6433257	57025052
2016/11/3	8.86	9.04	8.86	8.91	6597162	59064640
2016/11/2	9.02	9.03	8.86	9	7443683	66534212
2016/11/1	9.08	9.1	8.93	9.06	8017003	72298936
2016/10/31	9.05	9.1	8.73	9.1	15820736	141102048
2016/10/28	9.17	9.25	9.07	9.07	9694587	88712752
2016/10/27	9.23	9.32	9.16	9.17	8130215	74922512
2016/10/26	9.12	9.31	9.1	9.26	11885407	109523896
2016/10/25	9.15	9.17	9.11	9.13	5556860	50715828
2016/10/24	9.11	9.18	9.1	9.12	6853500	62564408
2016/10/21	9.13	9.16	9.08	9.1	6237980	56792328
2016/10/20	9.11	9.15	9.1	9.14	5499930	50202540
2016/10/19	9.21	9.21	9.1	9.12	7043275	64325744
2016/10/18	9.12	9.2	9.08	9.18	9446906	86321712
2016/10/17	9.37	9.49	9.1	9.12	11680918	108455800
2016/10/14	9.52	9.52	9.28	9.33	12318716	115314736
2016/10/13	9.76	9.76	9.47	9.56	18625420	178220368
2016/10/12	9.33	10.15	9.25	9.76	28899929	281349408
2016/10/11	9.12	9.38	9.08	9.36	9389423	87069032
2016/10/10	9.12	9.16	9.02	9.13	7969388	72492184
2016/9/30	9.01	9.15	9.01	9.12	5312594	48433016
2016/9/29	9.04	9.09	9	9.02	5557317	50197416
2016/9/28	9.07	9.11	9.01	9.01	5435932	49213640
2016/9/27	9.05	9.2	9.02	9.09	6368028	57883584
2016/9/26	9.2	9.22	8.96	9.1	8082135	73473624
2016/9/23	9.41	9.42	9.17	9.17	8353274	77542792
2016/9/22	9.39	9.55	9.34	9.36	10857993	102523976
2016/9/21	9.39	9.45	9.32	9.33	5390872	50489288
2016/9/20	9.25	9.44	9.19	9.37	9702038	90424560
2016/9/19	9.16	9.24	9.15	9.23	9881482	90936512
2016/9/14	9.05	9.21	8.94	9.07	7074330	64246700
2016/9/13	9.19	9.24	9.08	9.09	7948899	72447048
2016/9/12	9.16	9.26	9.03	9.14	15504328	141820144
2016/9/9	9.44	9.48	9.28	9.35	12515652	117135496
2016/9/8	9.45	9.5	9.36	9.44	11456811	108113648
2016/9/7	9.29	9.5	9.22	9.46	21551350	202424000
2016/9/6	9.3	9.4	9.06	9.36	21211018	196041888
2016/9/5	9.36	9.58	9.3	9.34	19752295	186366720
2016/9/2	9.28	9.59	9.2	9.38	24721441	233008864
2016/9/1	9.42	9.65	9.35	9.38	22280046	211516336
2016/8/31	9.47	9.62	9.29	9.45	24364056	230810480
2016/8/30	9.73	9.78	9.4	9.43	25035675	239275360
2016/8/29	9.65	9.77	9.56	9.71	20921910	202266976
2016/8/26	9.8	9.91	9.57	9.75	43404406	420786720
2016/8/25	10	10	9.52	9.88	65084196	635637568
2016/8/24	9.97	10.67	9.75	10.48	112954700	1181959296
2016/8/23	10.05	10.06	9.63	9.7	36363386	355341280
2016/8/22	10.98	10.98	10.2	10.3	62037384	653223872
2016/8/19	10.35	11.31	10.21	11.15	101267412	1089428992
2016/8/18	10.29	10.47	10.04	10.28	38398291	392909568
2016/8/17	9.95	10.55	9.67	10.2	34148130	344302080
2016/8/16	9.99	10.2	9.78	9.92	10296415	101968424
2016/8/15	9.67	10.15	9.6	10	21295629	211556656
2016/8/12	9.41	9.88	9.35	9.75	10398062	100178880
2016/8/11	9.46	9.55	9.35	9.49	7304505	68969384
2016/8/10	9.63	9.63	9.37	9.55	6645067	62970236
2016/8/9	9.64	9.79	9.47	9.54	7007279	66755720
2016/8/8	9.49	9.65	9.42	9.6	12322748	117392480
2016/8/5	9.25	9.54	9.25	9.47	10882850	102616456
2016/8/4	9.16	9.45	9.13	9.31	8864076	82567144
2016/8/3	9.02	9.2	8.97	9.16	6828649	62094536
2016/8/2	9	9.16	8.9	9.09	3931884	35471324
2016/8/1	8.93	9.07	8.72	9.03	5971506	53211632
2016/7/29	8.92	9.05	8.7	9	7615758	67586912
2016/7/28	9.01	9.05	8.85	9	5219539	46832288
2016/7/27	9.3	9.35	8.71	9	6904751	62198336
2016/7/26	9.09	9.29	9.06	9.25	4953827	45399800
2016/7/25	9	9.14	8.95	9.08	6158777	55751148
2016/7/22	9.06	9.21	8.95	9	6957471	62870464
2016/7/21	9.2	9.32	9	9.06	7872680	72027344
2016/7/20	9.03	9.18	9.03	9.11	4110016	37465520
2016/7/19	9.12	9.19	8.98	9.01	19706455	178493536
2016/7/18	9.4	9.44	9.07	9.12	13591475	125830920
2016/7/15	9.46	9.54	9.38	9.4	3662496	34490280
2016/7/14	9.33	9.55	9.32	9.45	4921758	46402260
2016/7/13	9.44	9.51	9.29	9.37	5560812	52030112
2016/7/12	9.34	9.57	9.3	9.43	6580578	61880912
2016/7/11	9.58	9.72	9.37	9.38	5800698	55447788
2016/7/8	9.74	10	9.6	9.6	9542923	92905024
2016/7/7	9.32	9.84	9.32	9.8	22657187	216774608
2016/7/6	9.39	9.58	9.37	9.56	21725754	206829296
2016/7/5	9.05	9.37	9.05	9.37	16506359	153291280
2016/7/4	8.97	9.08	8.88	9.05	7299630	65794084
2016/7/1	9.1	9.15	8.78	8.96	16197437	144506608
2016/6/30	9.23	9.23	8.99	9.15	7733726	70185792
2016/6/29	9.12	9.26	8.99	9.11	21544131	195735376
2016/6/28	9.25	9.33	9.11	9.25	13320077	122816288
2016/6/27	9.25	9.35	9.06	9.29	19580965	179841104
2016/6/24	9.47	9.63	8.65	9.3	32529908	305600960
2016/6/23	9.18	9.59	9.18	9.56	17714834	167814368
2016/6/22	9.05	9.23	9.02	9.22	11376433	103861400
2016/6/21	9.16	9.36	9.05	9.15	20082928	184490560
2016/6/20	8.74	9.22	8.7	9.09	56923316	515738752
2016/6/17	8.49	8.76	8.21	8.76	32516206	277401280
2016/6/16	8.62	8.92	8.38	8.43	19763828	171583248
2016/6/15	8.21	8.78	8.21	8.64	21425649	184837744
2016/6/14	7.91	8.46	7.91	8.35	23022025	189987136
2016/6/13	8.09	8.11	7.92	8	19881915	159317488
2016/6/8	8.1	8.4	8.02	8.22	33270268	273434048
2016/6/7	7.71	8.19	7.71	8.1	54779645	437952960
2016/6/6	7.38	7.99	7.37	7.69	34069005	263250832
2016/6/3	7.45	7.47	7.31	7.36	8380313	61841064
2016/6/2	7.32	7.48	7.3	7.4	7784249	57439684
2016/6/1	7.36	7.42	7.33	7.34	10331784	76221952
2016/5/31	7.13	7.41	7.11	7.36	14832112	108627080
2016/5/30	7.08	7.23	7	7.16	9016278	64338856
2016/5/27	7.06	7.09	6.98	7.05	5938658	41809632
2016/5/26	7.07	7.1	6.81	7.06	11175418	77338624
2016/5/25	7.14	7.25	7.05	7.07	12861925	91812216
2016/5/24	7.1	7.15	7.03	7.1	4528554	32091896
2016/5/23	7.13	7.24	7.1	7.17	8531694	61070924
2016/5/20	7.1	7.18	7.02	7.11	6045122	42993784
2016/5/19	7.18	7.24	7.08	7.1	5273512	37704504
2016/5/18	7.24	7.34	7	7.14	10643634	76686696
2016/5/17	7.36	7.44	7.26	7.33	5327174	39173300
2016/5/16	7.24	7.44	7.2	7.4	6457814	47273688
2016/5/13	7.37	7.58	7.28	7.35	7753639	57627080
2016/5/12	7.38	7.55	7.15	7.44	9590798	70882600
2016/5/11	7.38	7.67	7.18	7.57	16004793	119367520
2016/5/10	7.32	7.44	7.15	7.26	12743811	92795744
2016/5/9	7.67	7.99	7.21	7.26	20387785	153603920
2016/5/6	7.75	8.05	7.6	7.77	27860720	219150384
2016/5/5	7.47	7.87	7.47	7.75	24194105	186951744
2016/5/4	7.22	7.58	7.17	7.58	17145890	126672440
2016/5/3	7.1	7.28	7.05	7.26	7658179	55123544
2016/4/29	7.04	7.18	7	7.05	6176158	43992768
2016/4/28	7.2	7.22	6.95	7.05	10076112	71352960
2016/4/27	7.11	7.26	7.08	7.2	11551089	82696088
2016/4/26	7.08	7.15	6.88	7.07	11919044	83459384
2016/4/25	7.05	7.11	6.9	7.03	7997100	56175876
2016/4/22	7.09	7.14	6.92	7.03	13565886	95031168
2016/4/21	7.12	7.25	7.02	7.14	11794839	84498560
2016/4/20	7.72	7.72	6.95	7.14	33726270	243722736
2016/4/19	7.58	7.72	7.54	7.72	10703175	81546968
2016/4/18	7.71	7.76	7.46	7.53	15434297	116801520
2016/4/15	7.78	7.84	7.66	7.76	14157861	109786576
2016/4/14	7.64	7.75	7.6	7.7	12945295	99378208
2016/4/13	7.42	7.77	7.39	7.62	19661835	149585152
2016/4/12	7.64	7.64	7.24	7.38	15801196	116843808
2016/4/11	7.53	7.7	7.46	7.59	15688764	119088520
2016/4/8	7.44	7.49	7.26	7.32	12053033	88886136
2016/4/7	7.79	7.79	7.5	7.51	26286504	199992336
2016/4/6	7.74	7.9	7.65	7.8	26142233	203252624
2016/4/5	7.47	7.89	7.31	7.89	45242879	344643712
2016/4/1	7.56	7.59	7.42	7.56	8230832	61763128
2016/3/31	7.7	7.71	7.49	7.5	13032704	99174448
2016/3/30	7.42	7.64	7.36	7.63	9077203	68025640
2016/3/29	7.48	7.52	7.3	7.31	5777748	42619648
2016/3/28	7.56	7.72	7.41	7.49	7904070	59924612
2016/3/25	7.46	7.57	7.35	7.53	9203472	68631832
2016/3/24	7.7	7.77	7.5	7.5	10579421	80844448
2016/3/23	7.69	7.83	7.52	7.68	13693228	104568728
2016/3/22	7.6	7.91	7.45	7.75	16879396	129794864
2016/3/21	7.6	7.79	7.44	7.68	16431617	124604424
2016/3/18	7.11	7.54	7.07	7.51	20295974	148995568
2016/3/17	6.95	7.16	6.89	7.09	10171435	71400376
2016/3/16	6.98	7.1	6.86	6.89	6522636	45254756
2016/3/15	7.12	7.19	6.94	7.02	11221249	79151952
2016/3/14	7.15	7.35	7.13	7.24	17951907	130215560
2016/3/11	6.89	7.25	6.85	7.1	12028887	84914216
2016/3/10	6.86	6.92	6.77	6.83	7849574	53779760
2016/3/9	6.81	6.91	6.71	6.8	6741817	45946088
2016/3/8	7.23	7.23	6.7	7.02	12226321	84482640
2016/3/7	7.2	7.28	7.08	7.2	10155406	73059256
2016/3/4	7.3	7.47	7.05	7.09	14820761	107489680
2016/3/3	7.55	7.89	7.35	7.37	17236508	129900344
2016/3/2	7.01	7.7	7.01	7.6	25826725	192331296
2016/3/1	6.72	7.3	6.65	7.14	18548973	130104648
2016/2/29	7.1	7.1	6.5	6.69	13510697	90666552
2016/2/26	7.17	7.24	6.85	7.18	18609212	131511472
2016/2/25	7.92	7.97	7.18	7.18	28967888	214206544
2016/2/24	8.01	8.08	7.7	7.98	21770300	172034080
2016/2/23	8.25	8.27	7.85	8.1	16867893	135410240
2016/2/22	8.27	8.34	8.12	8.26	15943625	131419008
2016/2/19	8.35	8.41	8.11	8.19	24001367	197567392
2016/2/18	8.3	8.63	8.21	8.48	36100480	302427136
2016/2/17	7.49	8.05	7.45	8.05	33004565	262339600
2016/2/16	6.65	7.32	6.65	7.32	14513147	103073160
2016/2/15	6.64	6.69	6.42	6.65	4203349	27475910
2016/2/5	6.85	6.88	6.72	6.77	4075778	27659136
2016/2/4	6.85	6.95	6.8	6.86	6217371	42700436
2016/2/3	6.86	6.98	6.7	6.82	6720878	46127720
2016/2/2	6.72	6.93	6.7	6.85	6830828	46561236
2016/2/1	6.71	6.83	6.45	6.72	5539115	37014124
2016/1/29	6.5	6.79	6.36	6.79	9545287	62675300
2016/1/28	6.32	6.63	6.18	6.47	8632550	55068788
2016/1/27	6.69	6.76	6.06	6.54	9854046	62912948
2016/1/26	7.19	7.22	6.59	6.59	6607710	45810056
2016/1/25	7.31	7.38	7.22	7.31	2858439	20872756
2016/1/22	7.24	7.4	7.1	7.26	4351927	31452986
2016/1/21	7.23	7.51	7.13	7.19	6704361	49141968
2016/1/20	7.4	7.49	7.21	7.28	5360499	39357356
2016/1/19	7.1	7.54	7.09	7.48	10283355	75741992
2016/1/18	7.05	7.25	6.98	7.13	6982901	49664928
2016/1/15	7.45	7.52	6.95	7.2	8840009	63393820
2016/1/14	7	7.6	7	7.59	8581634	62757728
2016/1/13	8.06	8.07	7.5	7.5	4559770	35748440
2016/1/12	7.83	8.09	7.83	7.94	6280090	50033636
2016/1/11	8.04	8.1	7.7	7.83	15621537	123761280
2016/1/8	8.4	8.49	7.8	8.17	8828915	72157856
2016/1/7	8.9	8.9	8.12	8.13	1915752	16177832
2016/1/6	8.99	9.08	8.85	9.02	5179147	46513552
2016/1/5	8.67	9.15	8.55	8.87	10166705	90171232
2016/1/4	10.13	10.15	9.18	9.2	7586584	73034936
2015/12/31	10.33	10.33	10.1	10.11	6832187	69819568
2015/12/30	10.12	10.46	9.98	10.33	7472855	75581888
2015/12/29	10.02	10.15	9.94	10.09	7301237	73276992
2015/12/28	10.32	10.36	10.01	10.02	9176339	93290504
2015/12/25	10.35	10.39	10.23	10.3	5401450	55622264
2015/12/24	10.42	10.48	10.23	10.31	8055476	83154520
2015/12/23	10.87	10.88	10.43	10.43	12584160	133011024
2015/12/22	10.36	10.77	10.31	10.72	17109906	180865552
2015/12/21	10.33	10.4	10.12	10.36	8563078	87943072
2015/12/18	10.5	10.59	10.24	10.3	10884695	112728848
2015/12/17	10.22	10.68	10.22	10.49	13971128	146282880
2015/12/16	10.32	10.41	10.18	10.19	6556281	67367536
2015/12/15	10.32	10.49	10.22	10.27	6083017	62909644
2015/12/14	9.95	10.34	9.91	10.32	5468768	55728496
2015/12/11	10.23	10.23	9.88	10.08	7452051	74639784
2015/12/10	10.16	10.39	10.13	10.15	5050141	51829780
2015/12/9	10.09	10.29	10.03	10.27	6540747	66554444
2015/12/8	10.5	10.58	10.03	10.18	8129203	83657352
2015/12/7	10.49	10.76	10.46	10.59	6530760	69360208
2015/12/4	10.69	10.77	10.44	10.48	8439770	89313704
2015/12/3	10.68	10.94	10.67	10.75	8493881	91137744
2015/12/2	10.5	10.8	10.32	10.7	12988826	137854992
2015/12/1	10.11	10.94	10	10.49	15036660	156582448
2015/11/30	10.29	10.42	9.65	10.11	13057956	132638680
2015/11/27	11.14	11.2	10.16	10.27	19421882	208466992
2015/11/26	11.71	11.79	11.18	11.28	24344681	280314688
2015/11/25	11.2	11.35	11.08	11.28	10315335	115879640
2015/11/24	11.15	11.29	11.01	11.22	7134529	79465392
2015/11/23	11.35	11.42	11	11.07	12067652	135395184
2015/11/20	11.39	11.55	11.2	11.28	12284651	139401168
2015/11/19	11.11	11.38	11.11	11.33	9999269	112316568
2015/11/18	11.33	11.79	11.22	11.28	14774252	169926800
2015/11/17	11.9	11.92	11.35	11.4	19414112	225544416
2015/11/16	11.04	11.75	11.02	11.74	14700820	168159696
2015/11/13	11.45	11.61	11.18	11.33	18083897	206060048
2015/11/12	11.82	11.9	11.3	11.5	23179867	266747840
2015/11/11	11.75	11.89	11.56	11.71	19788455	231919616
2015/11/10	11.71	12.05	11.61	11.65	21179080	249198944
2015/11/9	11.86	12.03	11.55	11.76	31076721	366694176
2015/11/6	12	12.15	11.81	12.01	30792401	369865472
2015/11/5	12.34	12.8	11.6	12.23	38618803	465926624
2015/11/4	10.99	11.77	10.81	11.77	19764403	227086368
2015/11/3	10.55	10.87	10.4	10.7	9536930	101626640
2015/11/2	10.74	10.96	10.51	10.55	12446388	133429328
2015/10/30	11.25	11.52	10.96	11.01	13572680	152746816
2015/10/29	11.15	11.26	10.97	11.11	9110445	101296760
2015/10/28	11.4	11.74	11.03	11.1	14605294	165876960
2015/10/27	11.39	11.9	10.84	11.7	23449684	267626384
2015/10/26	12.3	12.34	11.3	11.61	27230518	317522560
2015/10/23	11.8	12.58	11.63	12.1	36357243	440590496
2015/10/22	10.29	11.44	10.29	11.44	25521692	279544032
2015/10/21	11.25	11.88	10.22	10.4	23289493	260091632
2015/10/20	11.36	11.82	11.11	11.3	17576082	201399856
2015/10/19	10.69	11.87	10.69	11.36	30479060	342535808
2015/10/16	10.65	11.13	10.47	10.8	20361378	220202112
2015/10/15	10.06	10.74	9.99	10.47	16357866	169150192
2015/10/14	9.96	10.48	9.91	10.07	18302699	187099504
2015/10/13	10.01	10.19	9.97	9.99	13187496	132542768
2015/10/12	9.65	10.27	9.58	10.19	18065813	181334224
2015/10/9	9.32	9.79	9.1	9.62	15771222	149067184
2015/10/8	9.19	9.42	9.08	9.32	10652652	98726624
2015/9/30	8.98	9.12	8.83	8.9	7097273	63269972
2015/9/29	9.02	9.16	8.9	8.95	4913931	44429868
2015/9/28	9.07	9.3	8.83	9.23	7055669	64250528
2015/9/25	9.1	9.29	8.75	9.07	8847500	79453576
2015/9/24	9.2	9.44	9.03	9.16	8970748	82909480
2015/9/23	9.11	9.3	8.84	9.02	10142207	91629616
2015/9/22	9.26	9.44	9.13	9.32	11671785	108615296
2015/9/21	8.51	9.46	8.48	9.26	14532630	132521920
2015/9/18	8.58	8.79	8.37	8.6	8286789	70922240
2015/9/17	9.09	9.2	8.5	8.58	15744173	140714512
2015/9/16	8.4	9.1	8.08	8.98	14832071	127612720
2015/9/15	8.83	9.19	8.27	8.27	14569975	125655560
2015/9/14	10.11	10.36	8.88	9.19	18773404	184724656
2015/9/11	9.87	10.08	9.6	9.8	9841457	96777248
2015/9/10	9.8	10.25	9.68	9.92	12825310	129098648
2015/9/9	9.63	10.37	9.63	10.03	16814910	168512016
2015/9/8	9.25	9.8	8.9	9.61	11413428	105898608
2015/9/7	9.51	10.17	9.19	9.31	15109223	146089072
2015/9/2	8.5	9.5	8.2	9.5	28736082	253361856
2015/9/1	10.1	10.1	9.11	9.11	16889186	158438384
2015/8/31	10.8	10.86	10.1	10.12	21190313	221538160
2015/8/28	10.52	11.02	10.26	11	29068868	311037440
2015/8/27	9.2	10.02	9.11	10.02	35790622	343982368
2015/8/26	9.11	10.36	9.11	9.11	48187983	462341024
2015/8/25	10.12	10.36	10.12	10.12	27732610	280736800
2015/8/24	11.8	11.8	11.24	11.24	4944900	56045096
2015/8/21	13.39	13.75	12.49	12.49	32828527	423313344
2015/8/20	14.09	14.67	13.69	13.88	44985670	639211840
2015/8/19	12.7	14.3	12.16	14.06	47483749	626976192
2015/8/18	13.55	14.5	12.66	13.08	47610470	657201088
2015/8/17	14.51	14.51	13.5	13.65	55339913	772810816
2015/8/14	13.19	13.19	13.19	13.19	745822	9837392
2015/8/4	11.1	12	11.1	11.99	39979097	465356992
2015/8/3	10.6	11	10.15	11	40338936	419840736
2015/7/31	10.53	10.83	10.36	10.68	36347437	386803776
2015/7/30	10.16	11.1	10.02	10.4	44332574	472363776
2015/7/29	9.8	10.19	9.4	10.18	32173252	313124288
2015/7/28	9.5	10.3	9.27	9.6	52345462	502493536
2015/7/27	11.08	11.9	10.3	10.3	44972467	504264704
2015/7/24	11.3	12.35	11.01	11.44	60231479	698409024
2015/7/23	11.3	11.52	10.91	11.31	44873286	504082400
2015/7/22	10.56	11.26	10.52	11.1	42906889	471166336
2015/7/21	10.65	11.22	10.5	10.79	40981064	444882592
2015/7/20	10.3	11	10.1	10.98	54115862	572944192
2015/7/17	9.4	10.28	9.31	10.24	41633610	412953984
2015/7/16	8.71	9.87	8.71	9.38	46412708	436754272
2015/7/15	10.08	10.08	8.66	9.41	87195856	841296000
2015/7/14	9.16	9.16	9.16	9.16	979156	8969069
2015/7/7	8.36	8.58	8.33	8.33	19486701	162488816
2015/7/6	11.29	11.29	9.25	9.25	48554986	478177824
2015/7/3	10.34	11.36	10.28	10.28	31852051	335695456
2015/7/2	12.86	13.16	11.42	11.42	31280622	377008192
2015/7/1	13.43	14.83	12.5	12.69	43387459	598976192
2015/6/30	12.62	13.73	11.5	13.62	47742664	595979456
2015/6/29	14.51	14.95	12.78	12.78	49221372	669032128
2015/6/26	15.11	15.18	14.2	14.2	25592526	373935360
2015/6/25	15.89	17	15.1	15.78	35123102	567208192
2015/6/24	15.6	16.48	15.25	16.22	36267741	574069888
2015/6/23	15	15.5	13.53	15.38	30463640	445715360
2015/6/19	16.2	16.48	15.03	15.03	29528423	458405888
2015/6/18	17.86	18.28	16.61	16.7	30964376	544526976
2015/6/17	18.5	18.5	16.91	17.92	37793799	666491648
2015/6/16	17.9	18.91	17.4	18.4	41691506	762476416
2015/6/15	18.88	19.5	18.06	18.15	57067346	1072752704
2015/6/12	18.22	18.56	17.62	18.07	48399816	874772224
2015/6/11	18.5	19.84	18	18.21	66346108	1238474624
2015/6/10	16.38	18.04	15.8	18.04	48616517	854067136
2015/6/9	17.09	17.28	15.97	16.4	40211412	667209408
2015/6/8	17.85	17.85	16.88	17.3	43123583	744698240
2015/6/5	17.44	18.48	16.86	18.13	70123445	1246833920
2015/6/4	15.12	16.87	14.51	16.87	68514703	1057638016
2015/6/3	16.57	16.57	15	15.34	82186149	1303441408
2015/6/2	14.4	15.07	13.87	15.07	77819747	1127654272
2015/6/1	12.43	13.7	12.43	13.7	54591370	730286592
2015/5/29	11.83	12.85	11	12.45	56275508	679359104
2015/5/28	13.28	13.8	12.01	12.01	53336668	688051456
2015/5/27	13.39	13.57	12.6	13.34	53298381	701557440
2015/5/26	13.05	13.98	13	13.28	50344948	672269568
2015/5/25	11.6	12.9	11.5	12.9	67392279	835832704
2015/5/22	11.75	11.95	11.15	11.73	49456565	571285376
2015/5/21	11.86	11.86	11.45	11.69	31638250	367612224
2015/5/20	12.01	12.39	11.62	11.66	51280826	614210688
2015/5/19	10.98	11.98	10.9	11.96	56658624	650363840
2015/5/18	10.67	11.2	10.65	10.9	35783524	391770336
2015/5/15	10.89	11.28	10.5	10.61	39392232	428049120
2015/5/14	10.17	11.02	9.94	10.78	44776896	469456480
2015/5/13	10.1	10.1	9.8	10.02	24525802	243924416
2015/5/12	10.36	10.38	9.99	10.15	25773124	260822464
2015/5/11	9.91	10.29	9.85	10.22	25984258	262456816
2015/5/8	9.48	9.74	9.31	9.72	19259669	182637584
2015/5/7	9.66	9.79	9.23	9.23	21529492	202210560
2015/5/6	10.32	10.46	9.71	9.77	26044690	263186368
2015/5/5	10.68	10.81	10.06	10.22	28320100	293747232
2015/5/4	11	11.36	10.73	10.81	33030881	364514528
2015/4/30	10.5	11.04	10.5	10.92	33740860	365425728
2015/4/29	10.35	10.75	10.14	10.52	26680863	278503904
2015/4/28	10.9	10.9	10.2	10.38	34941446	367120160
2015/4/27	10.94	11.37	10.72	10.9	40868323	449996288
2015/4/24	11.22	11.22	10.6	10.92	59317928	643587456
2015/4/23	12.65	12.65	11.21	11.42	79789430	953339904
2015/4/9	11.05	11.91	10.53	11.81	65259464	734513728
2015/4/8	10.7	11.55	10.45	11	73491455	801800768
2015/4/7	9.55	10.51	9.43	10.51	65815587	647322816
2015/4/3	9.48	9.61	9.32	9.55	33912496	320788000
2015/4/2	9.56	9.75	9.35	9.5	34252686	324165728
2015/4/1	9.65	9.93	9.48	9.54	31780372	304775552
2015/3/31	9.8	9.95	9.32	9.54	38344568	368163936
2015/3/30	8.98	9.68	8.98	9.47	52871563	498011616
2015/3/27	9.01	9.1	8.78	8.97	20599803	183406352
2015/3/26	8.83	9.12	8.69	8.97	21291179	190484656
2015/3/25	8.9	8.92	8.67	8.83	17306606	152227712
2015/3/24	9.19	9.19	8.59	8.94	32578638	289777696
2015/3/23	9.27	9.39	9.17	9.19	26839404	248507440
2015/3/20	9	9.34	8.93	9.27	33252312	306520096
2015/3/19	9	9.02	8.8	8.9	20362469	180816416
2015/3/18	9.05	9.06	8.79	9	25631068	228898576
2015/3/17	9.1	9.16	8.9	9.06	23388355	210913632
2015/3/16	9	9.2	8.89	9.05	20249948	182467296
2015/3/13	8.85	9.11	8.72	8.86	19873072	176174048
2015/3/12	8.79	9.3	8.7	8.92	33114503	300379040
2015/3/11	8.54	8.99	8.48	8.82	33882852	299407840
2015/3/10	8.45	8.58	8.33	8.53	19788134	167091456
2015/3/9	8.21	8.48	8.11	8.45	18961184	158902224
2015/3/6	8.58	8.58	8.23	8.28	20032061	167024896
2015/3/5	8.02	8.58	8.01	8.52	37201659	309340576
2015/3/4	7.9	8.14	7.9	7.99	22611043	180493168
2015/3/3	8.23	8.3	7.91	7.96	32082626	258955264
2015/3/2	8.3	8.78	8.22	8.31	34350621	290879072
2015/2/27	7.85	8.4	7.78	8.17	31456729	256900464
2015/2/26	7.55	8.1	7.53	7.89	25007533	196158880
2015/2/25	7.62	7.76	7.31	7.64	15991158	120489040
2015/2/17	7.56	7.65	7.51	7.55	13574226	102837816
2015/2/16	7.31	7.64	7.29	7.59	20579975	154974592
2015/2/13	7.31	7.54	7.26	7.36	14700830	108919752
2015/2/12	7.22	7.41	7.21	7.27	10964892	80278720
2015/2/11	7.06	7.33	6.97	7.25	12907839	92521424
2015/2/10	6.85	7.05	6.82	7.04	9427402	65179596
2015/2/9	7.02	7.18	6.88	6.91	11682546	82002344
2015/2/6	7.05	7.3	6.9	7.15	20028783	142771088
2015/2/5	7.64	7.69	7.14	7.16	25151986	186207408
2015/2/4	7.38	7.7	7.31	7.4	32160683	241734752
2015/2/3	7.41	7.51	7.21	7.38	38116052	279883488
2015/2/2	7	7.78	6.96	7.47	76267629	568890624
2015/1/30	6.89	7.09	6.75	7.07	16624089	114908936
2015/1/29	6.83	6.95	6.78	6.88	10396754	71384912
2015/1/28	7.05	7.08	6.88	6.9	16228372	113261784
2015/1/27	7.14	7.28	6.96	7.1	36903932	263619536
2015/1/26	6.76	7.19	6.67	7.13	26431436	182025968
2015/1/23	6.58	6.78	6.53	6.7	17805164	118941976
2015/1/22	6.52	6.66	6.5	6.57	12590216	82776776
2015/1/21	6.35	6.58	6.3	6.52	16049166	103592528
2015/1/20	6.27	6.45	6.25	6.39	23503388	148398736
2015/1/19	6.57	6.63	6.1	6.29	14881476	96018992
2015/1/16	6.69	6.78	6.59	6.74	12536445	83890896
2015/1/15	6.6	6.74	6.54	6.7	9072144	60390100
2015/1/14	6.51	6.63	6.5	6.57	8402343	55143376
2015/1/13	6.64	6.73	6.39	6.58	19005768	124216552
2015/1/12	6.73	6.74	6.55	6.68	8648044	57226368
2015/1/9	6.76	6.91	6.74	6.75	15165489	103342576
2015/1/8	7.05	7.08	6.73	6.76	20563080	141650224
2015/1/7	6.96	7.08	6.87	6.95	15501388	107944624
2015/1/6	7.29	7.29	6.9	7	37365887	262952304
2015/1/5	7.38	7.66	7.17	7.35	45658275	338339744
2014/12/31	6.69	7.37	6.64	7.37	44860437	320323584
2014/12/30	6.8	7.04	6.68	6.7	20707055	142456848
2014/12/29	6.64	6.81	6.52	6.78	18683431	124152184
2014/12/26	6.64	6.8	6.55	6.64	18018696	119396072
2014/12/25	6.76	6.85	6.61	6.66	12674609	84706232
2014/12/24	6.65	6.77	6.61	6.77	7290337	48934352
2014/12/23	6.45	6.76	6.44	6.59	8709656	57557188
2014/12/22	7	7.05	6.45	6.56	11936558	79984680
2014/12/19	7	7.04	6.8	6.97	9586909	66226660
2014/12/18	7.22	7.27	7	7.04	10095849	71808592
2014/12/17	7.27	7.45	7.15	7.23	18287888	133126448
2014/12/16	7.27	7.35	7.12	7.28	16869340	121928072
2014/12/15	7.18	7.4	7.08	7.3	18142128	131453016
2014/12/12	7.22	7.28	7.06	7.12	13666748	97812536
2014/12/11	6.89	7.22	6.89	7.17	12461010	87797880
2014/12/10	6.71	7.06	6.61	7	16599254	113759264
2014/12/9	7.3	7.33	6.7	6.77	21961407	156040480
2014/12/8	7.27	7.44	7.13	7.33	20146569	147059328
2014/12/5	7.7	7.7	6.93	7.18	25195272	184069712
2014/12/4	7.45	7.63	7.3	7.5	25757815	193300000
2014/12/3	7.47	7.76	7.28	7.48	23326796	174873344
2014/12/2	7.3	7.63	7.22	7.42	24008765	178915056
2014/12/1	7.05	7.67	7.04	7.37	44278217	322892832
2014/11/28	6.77	7.15	6.73	7.1	28398273	196370000
2014/11/27	6.73	6.83	6.7	6.76	12111142	81921000
2014/11/26	6.8	6.84	6.65	6.74	17884065	120216608
2014/11/25	6.8	6.88	6.75	6.8	14119554	96024368
2014/11/24	7.05	7.05	6.75	6.79	22971521	157487120
2014/11/21	6.7	6.76	6.66	6.73	6945648	46547144
2014/11/20	6.64	6.77	6.62	6.66	7413026	49713744
2014/11/19	6.69	6.8	6.64	6.66	8613157	57769376
2014/11/18	6.51	6.71	6.46	6.69	10070807	66699804
2014/11/17	6.47	6.61	6.4	6.52	6901685	45061028
2014/11/14	6.38	6.46	6.35	6.45	5270528	33840356
2014/11/13	6.45	6.47	6.33	6.4	8271040	52755408
2014/11/12	6.44	6.46	6.3	6.44	9492026	60800252
2014/11/11	6.67	6.71	6.35	6.43	10772406	69985328
2014/11/10	6.68	6.72	6.6	6.65	7740571	51458872
2014/11/7	6.8	6.88	6.63	6.63	10884866	73798432
2014/11/6	6.83	6.91	6.78	6.87	12904510	88481192
2014/11/5	6.71	6.82	6.61	6.82	8614640	57677512
2014/11/4	6.8	6.83	6.67	6.71	8176725	55024112
2014/11/3	6.75	6.92	6.75	6.84	17103444	116889576
2014/10/31	6.81	6.88	6.63	6.73	17629876	118514472
2014/10/30	6.6	6.85	6.57	6.8	18263479	123147384
2014/10/29	6.6	6.63	6.48	6.61	8940578	58713328
2014/10/28	6.4	6.64	6.37	6.55	11074639	72524272
2014/10/27	6.18	6.54	6.09	6.41	11652230	74163824
2014/10/24	6.13	6.21	6.11	6.17	4077695	25138666
2014/10/23	6.24	6.3	6.09	6.14	9903351	61452724
2014/10/22	6.53	6.55	6.26	6.29	10554590	67547176
2014/10/21	6.51	6.62	6.47	6.53	7717288	50507264
2014/10/20	6.66	6.67	6.5	6.55	11829853	77665056
2014/10/17	6.56	6.7	6.4	6.65	13072320	85830960
2014/10/16	6.79	6.84	6.57	6.57	13465448	90602984
2014/10/15	6.9	6.97	6.7	6.84	13651877	93090488
2014/10/14	6.98	7.04	6.83	6.92	17242113	119677992
2014/10/13	7.02	7.11	6.81	7.01	21598973	150667568
2014/10/10	7	7.12	6.96	7.01	18536459	130127728
2014/10/9	6.71	7.19	6.71	7.08	35846173	250124928
2014/10/8	6.74	6.81	6.61	6.7	12287177	82133432
2014/9/30	6.73	6.88	6.65	6.69	13992493	94490688
2014/9/29	6.63	6.79	6.61	6.74	15972858	106686944
2014/9/26	6.56	6.65	6.45	6.63	10545815	69223592
2014/9/25	6.68	6.75	6.55	6.58	14112314	93286232
2014/9/24	6.58	6.69	6.53	6.63	16316951	108048576
2014/9/23	6.44	6.76	6.44	6.62	31774074	209377696
2014/9/22	6.35	6.49	6.19	6.42	20645200	131195424
2014/9/19	6.32	6.4	6.24	6.35	15818695	99965976
2014/9/18	6.28	6.43	6.25	6.34	18894504	119814160
2014/9/17	6.13	6.28	6.05	6.28	18863886	116673512
2014/9/16	6.34	6.4	6.07	6.13	23923146	150019504
2014/9/15	6.19	6.45	6.18	6.38	33459097	212439360
2014/9/12	6.14	6.23	6.1	6.21	15227478	94169032
2014/9/11	6.18	6.25	6.08	6.15	28363725	175135136
2014/9/10	6.05	6.45	5.99	6.26	49690023	308608864
2014/9/9	6.01	6.08	6.01	6.04	15536912	93805136
2014/9/5	6.03	6.05	5.98	6.02	13360717	80265728
2014/9/4	6.02	6.09	5.97	6.04	26375195	158652256
2014/9/3	5.97	6.11	5.97	6	14357808	86764432
2014/9/2	5.89	5.98	5.86	5.96	11072645	65524088
2014/9/1	5.82	5.9	5.8	5.88	5607100	32945536
2014/8/29	5.76	5.84	5.74	5.82	4762090	27650954
2014/8/28	5.86	5.89	5.68	5.73	7019605	40525732
2014/8/27	5.8	5.86	5.75	5.86	6254341	36310848
2014/8/26	5.9	5.97	5.77	5.79	10417049	61064524
2014/8/25	6.18	6.19	5.94	5.95	17320190	104425424
2014/8/22	6.21	6.22	6.15	6.2	8118770	50144536
2014/8/21	6.2	6.26	6.13	6.24	14326863	88866024
2014/8/20	6.14	6.35	6.08	6.22	20005629	124281696
2014/8/19	6.16	6.16	6.07	6.14	10313474	63047512
2014/8/18	6.17	6.22	6.05	6.16	14046489	86069400
2014/8/15	5.9	6.25	5.9	6.14	22946930	139750960
2014/8/14	6	6.05	5.89	5.9	11183913	66559488
2014/8/13	5.99	6.07	5.92	6.02	19696960	117825648
2014/8/12	5.73	6.18	5.67	6.08	36909585	219003296
2014/8/11	5.65	5.74	5.65	5.73	12089139	68901840
2014/8/8	5.66	5.7	5.6	5.63	7872936	44408212
2014/8/7	5.8	5.84	5.63	5.64	10744207	61451312
2014/8/6	5.82	5.86	5.76	5.81	6348116	36815208
2014/8/5	5.75	5.89	5.73	5.84	12146922	70513552
2014/8/4	5.69	5.75	5.67	5.75	7069958	40458228
2014/8/1	5.73	5.8	5.69	5.71	10830099	62164080
2014/7/31	5.7	5.78	5.65	5.77	9663334	55310684
2014/7/30	5.7	5.7	5.64	5.69	7522184	42584424
2014/7/29	5.63	5.7	5.62	5.7	10404907	58983012
2014/7/28	5.6	5.66	5.59	5.64	10095967	56813868
2014/7/25	5.63	5.63	5.51	5.59	8375550	46554012
2014/7/24	5.45	5.69	5.45	5.63	15260315	85468680
2014/7/23	5.49	5.53	5.42	5.44	4616139	25296490
2014/7/22	5.43	5.52	5.41	5.49	3319880	18246866
2014/7/21	5.49	5.55	5.45	5.46	2676069	14686316
2014/7/18	5.42	5.53	5.39	5.5	3858513	21135138
2014/7/17	5.52	5.59	5.43	5.44	4635843	25551006
2014/7/16	5.58	5.59	5.5	5.52	5716423	31651348
2014/7/15	5.5	5.63	5.47	5.62	7998296	44493444
2014/7/14	5.5	5.54	5.4	5.52	5985280	32839106
2014/7/11	5.55	5.58	5.52	5.57	3800460	21078410
2014/7/10	5.53	5.62	5.48	5.54	3945427	21840496
2014/7/9	5.73	5.73	5.56	5.56	6006562	33845624
2014/7/8	5.74	5.78	5.64	5.76	4911253	28013434
2014/7/7	5.69	5.87	5.64	5.75	9420078	54396972
2014/7/4	5.7	5.73	5.58	5.64	5683681	32089160
2014/7/3	5.69	5.79	5.66	5.71	8767144	50292512
2014/7/2	5.62	5.76	5.52	5.7	8840061	49819332
2014/7/1	5.55	5.67	5.53	5.63	5022578	28160918
2014/6/30	5.7	5.85	5.59	5.61	10481479	59635108
2014/6/27	5.44	5.52	5.4	5.51	5271935	28800436
2014/6/26	5.41	5.52	5.4	5.45	4957952	27114468
2014/6/25	5.41	5.43	5.23	5.42	4865155	25953692
2014/6/24	5.36	5.43	5.35	5.4	2980514	16053397
2014/6/23	5.37	5.49	5.34	5.36	3760942	20309742
2014/6/20	5.36	5.44	5.32	5.39	3602660	19337164
2014/6/19	5.68	5.68	5.28	5.36	8593249	47022592
2014/6/18	5.79	5.85	5.65	5.67	6919463	39705072
2014/6/17	5.93	5.93	5.79	5.79	6939914	40670828
2014/6/16	5.93	5.99	5.88	5.92	7531718	44631796
2014/6/13	5.93	5.98	5.9	5.91	5805149	34408656
2014/6/12	6	6	5.89	5.92	4136836	24598214
2014/6/11	5.94	6.07	5.87	6	8051191	48073620
2014/6/10	5.92	5.99	5.8	5.94	4804350	28383278
2014/6/9	5.99	6.05	5.88	5.88	4899240	29217712
2014/6/6	5.95	6	5.9	5.99	4412994	26292192
2014/6/5	5.83	5.94	5.83	5.94	4310481	25449842
2014/6/4	5.92	5.92	5.76	5.81	4204939	24473062
2014/6/3	5.98	6.01	5.88	5.92	5455914	32318882
2014/5/30	5.96	6.02	5.89	5.99	4269106	25381784
2014/5/29	6.07	6.09	5.94	5.97	6200854	37245908
2014/5/28	6.12	6.17	5.9	6.07	9831525	59442292
2014/5/27	6.28	6.33	6.11	6.13	6040331	37527936
2014/5/26	6.33	6.39	6.27	6.31	4867930	30665668
2014/5/23	6.19	6.45	6.17	6.35	8796186	55707012
2014/5/22	6.18	6.35	6.16	6.25	7589320	47598160
2014/5/21	6.04	6.25	5.99	6.2	6663983	40968580
2014/5/20	6.13	6.3	6.11	6.11	7413005	45897936
2014/5/19	6	6.21	5.92	6.13	7981496	48575448
2014/5/16	5.98	6.03	5.85	6.02	4872351	29023470
2014/5/15	6.25	6.25	5.89	5.98	9693500	58560692
2014/5/14	6.25	6.38	6.2	6.26	6743133	42342004
2014/5/13	6.39	6.39	6.23	6.28	13576003	85351536
2014/5/12	5.9	6.4	5.77	6.4	15644976	96135448
2014/5/9	5.85	5.99	5.76	5.82	5639836	33020978
2014/5/8	5.87	6.11	5.74	5.95	9960567	59414208
2014/5/7	6.21	6.26	5.83	5.87	13751348	82732376
2014/5/6	6.21	6.37	6.19	6.29	7853391	49257296
2014/5/5	6.29	6.29	6.13	6.25	5175417	32045820
2014/4/30	6.24	6.33	6.21	6.26	5935323	37185588
2014/4/29	6.1	6.41	6.06	6.31	7765082	48213320
2014/4/28	6.53	6.53	6.09	6.1	11888642	74068248
2014/4/25	6.91	7.04	6.57	6.6	12935337	88012608
2014/4/24	7.2	7.27	6.9	6.93	16286608	115124912
2014/4/23	7.25	7.41	7.15	7.3	11945211	86993080
2014/4/22	7.46	7.5	7.08	7.22	16876361	122200864
2014/4/21	7.35	7.72	7.35	7.44	17202291	129049856
2014/4/18	7.59	7.83	7.54	7.56	19373441	148618720
2014/4/17	7.7	7.76	7.51	7.7	29379099	224303136
2014/4/16	7.2	7.99	7.15	7.83	52467230	400149376
2014/4/15	7.6	7.64	7.25	7.26	37167704	275660320
2014/4/14	6.99	7.58	6.96	7.58	44230683	325952192
2014/4/11	6.99	6.99	6.83	6.89	10754917	74176536
2014/4/10	7.1	7.15	6.98	7	18479045	130742032
2014/4/9	7.15	7.34	7.05	7.1	25959670	186132672
2014/4/8	7.37	7.78	7.16	7.25	45401635	336564832
2014/4/4	6.62	7.24	6.62	7.24	25452623	178497616
2014/4/3	6.78	6.81	6.51	6.58	6569986	43464712
2014/4/2	6.56	6.79	6.56	6.69	8749717	58685780
2014/4/1	6.43	6.56	6.4	6.56	3477392	22610554
2014/3/31	6.54	6.61	6.39	6.42	5593144	36126720
2014/3/28	6.86	7.02	6.5	6.55	9957496	66668756
2014/3/27	6.94	7.16	6.9	6.92	11781295	83052928
2014/3/26	7.05	7.06	6.87	6.99	12103488	84182584
2014/3/25	7.4	7.4	7.06	7.09	22301090	160041984
2014/3/24	6.7	7.3	6.69	7.28	30653509	216901232
2014/3/21	6.45	6.79	6.31	6.77	11857200	78310992
2014/3/20	6.66	6.89	6.56	6.56	12740678	85885920
2014/3/19	6.7	6.75	6.51	6.65	13231138	87815128
2014/3/18	6.64	7.05	6.49	6.89	18692756	126306456
2014/3/17	6.39	6.59	6.31	6.57	7782877	50273456
2014/3/14	6.45	6.51	6.29	6.39	6065363	38761100
2014/3/13	6.48	6.49	6.35	6.45	5795757	37230672
2014/3/12	6.5	6.66	6.38	6.52	9857596	64267208
2014/3/11	6.36	6.55	6.27	6.39	9477489	60624400
2014/3/10	6.89	6.92	6.37	6.41	15262684	100971184
2014/3/7	7.2	7.23	6.93	6.98	14186157	100267048
2014/3/6	6.82	7.35	6.8	7.26	21467201	153367968
2014/3/5	7.03	7.06	6.8	6.87	10023212	69595680
2014/3/4	6.95	7.07	6.88	6.99	10722380	74745584
2014/3/3	6.9	7.06	6.83	7	12564910	87414016
2014/2/28	7.04	7.04	6.75	6.88	15762614	108359304
2014/2/27	7.16	7.39	7.06	7.07	13691772	99171200
2014/2/26	7.07	7.24	6.91	7.24	13227559	93642232
2014/2/25	7.13	7.3	7.08	7.15	15276302	109424904
2014/2/24	7.32	7.33	7.08	7.16	15518615	111384680
2014/2/21	7.3	7.43	7.26	7.36	11697314	86071992
2014/2/20	7.72	7.74	7.28	7.3	22706135	168875856
2014/2/19	8	8.1	7.66	7.77	26125160	203262528
2014/2/18	8.3	8.31	7.95	7.99	25520476	205359952
2014/2/17	8.05	8.33	7.99	8.3	24681295	201721376
2014/2/14	7.95	8.27	7.9	8.06	24149453	196366032
2014/2/13	8.07	8.3	7.95	7.99	26971703	219597552
2014/2/12	8.15	8.16	7.85	8.05	31119378	248781344
2014/2/11	9.02	9.08	8.25	8.27	47861785	413291808
2014/2/10	8.1	8.72	7.86	8.72	34732146	289449216
2014/2/7	7.8	8.14	7.62	7.93	23766981	189511472
2014/1/30	8.29	8.35	7.68	7.9	31898459	253629984
2014/1/29	8.57	8.66	8.2	8.38	35839277	302519488
2014/1/28	8.2	8.51	8.06	8.31	37822304	314233856
2014/1/27	8.47	8.55	8	8.17	42655635	350237888
2014/1/24	8.68	8.78	8.4	8.55	48185481	414689152
2014/1/23	8.65	8.95	8.5	8.79	51549740	451692160
2014/1/22	8.41	9	8.31	8.73	82801603	725962688
2014/1/21	7.4	8.18	7.28	8.18	71484126	569494784
2014/1/20	6.85	7.45	6.79	7.44	43690405	311720032
2014/1/17	6.84	6.92	6.6	6.83	25024958	170003728
2014/1/16	7.05	7.33	6.7	6.76	46545642	324228608
2014/1/15	6.7	7.43	6.66	7.15	52908283	377259648
2014/1/14	6.9	6.96	6.61	6.87	34908998	236722416
2014/1/13	7.2	7.45	6.89	7	55454515	396067712
2014/1/10	6.71	7.13	6.46	6.77	74119604	500285280
2014/1/9	6.11	6.55	6	6.55	54214272	346977728
2014/1/8	6.2	6.52	5.85	5.95	43333663	268949248
2014/1/7	5.65	6	5.55	5.93	23374221	137024064
2014/1/6	5.55	5.93	5.5	5.71	25548754	146793456
2014/1/3	5.46	5.69	5.25	5.64	10284292	56007472
2014/1/2	5.5	5.6	5.41	5.46	3979500	21723654
2013/12/31	5.43	5.55	5.42	5.5	3781949	20731260
2013/12/30	5.46	5.6	5.44	5.49	4419503	24371582
2013/12/27	5.36	5.5	5.36	5.45	4196137	22830462
2013/12/26	5.38	5.49	5.35	5.4	7215019	39168632
2013/12/25	5.23	5.43	5.17	5.41	6750864	36125228
2013/12/24	5.2	5.26	5.1	5.23	4684565	24329476
2013/12/23	5.36	5.48	5.23	5.23	7222534	39025604
2013/12/20	5.28	5.39	5.25	5.36	6875215	36742540
2013/12/19	5.24	5.33	5.22	5.29	6276532	33125546
2013/12/18	5.2	5.23	5.13	5.23	3232356	16741493
2013/12/17	5.19	5.23	5.17	5.18	2736471	14209375
2013/12/16	5.3	5.3	5.18	5.21	4218900	22029416
2013/12/13	5.28	5.33	5.2	5.3	5410713	28502678
2013/12/12	5.35	5.37	5.28	5.31	6096019	32442742
2013/12/11	5.49	5.61	5.37	5.39	8651932	47488484
2013/12/10	5.47	5.55	5.45	5.49	5864607	32343700
2013/12/9	5.4	5.48	5.39	5.48	3883065	21057418
2013/12/6	5.48	5.5	5.33	5.41	5878998	31834484
2013/12/5	5.54	5.62	5.47	5.5	6625480	36669600
2013/12/4	5.7	5.7	5.48	5.56	11223561	62820796
2013/12/3	5.2	5.45	5.17	5.4	6877416	36604600
2013/12/2	5.51	5.56	5.11	5.24	11624163	62329288
2013/11/29	5.57	5.67	5.54	5.62	7907852	44245796
2013/11/28	5.6	5.68	5.57	5.57	8775222	49327504
2013/11/27	5.52	5.64	5.5	5.62	10158731	56582944
2013/11/26	5.6	5.66	5.51	5.55	12722145	70858480
2013/11/25	5.57	5.8	5.55	5.6	14189190	80422992
2013/11/22	6.06	6.28	5.69	5.7	31063307	184947520
2013/11/21	5.65	5.92	5.6	5.88	21470969	124371856
2013/11/20	5.66	5.77	5.55	5.75	15199670	86566472
2013/11/19	5.79	5.96	5.68	5.68	35972041	208844640
2013/11/18	5.41	5.78	5.41	5.78	40040710	229321056
2013/11/15	5.28	5.37	5.17	5.25	12495919	65900300
2013/11/14	5.18	5.26	5.12	5.21	9889775	51392072
2013/11/13	5.29	5.32	5.1	5.12	11533514	59632836
2013/11/12	5.4	5.44	5.25	5.35	11004238	58645780
2013/11/11	5.28	5.55	5.23	5.44	15558956	84112280
2013/11/8	5.48	5.5	5.27	5.27	16310814	86923816
2013/11/7	5.47	5.69	5.42	5.5	17553492	97323968
2013/11/6	5.65	5.84	5.46	5.5	34583692	195374288
2013/11/5	5.35	5.93	5.22	5.81	54349062	310037952
2013/11/4	4.82	5.39	4.76	5.39	26211225	134478880
2013/11/1	5.19	5.19	4.79	4.9	21637427	108114176
2013/10/31	5.17	5.17	5.17	5.17	10297666	53238932
2013/10/30	4.68	4.7	4.61	4.7	3244973	15125963
2013/10/29	4.58	4.79	4.3	4.72	7755582	35614516
2013/10/28	4.53	4.63	4.46	4.59	2509390	11427958
2013/10/25	4.67	4.67	4.49	4.54	3164841	14476632
2013/10/24	4.72	4.72	4.62	4.63	2761045	12872365
2013/10/23	4.85	4.89	4.73	4.73	3631483	17422590
2013/10/22	4.88	4.94	4.83	4.86	3660845	17868556
2013/10/21	4.86	4.89	4.82	4.88	4504422	21893676
2013/10/18	4.85	4.88	4.76	4.85	4033903	19461238
2013/10/17	4.84	4.99	4.77	4.86	8589482	41468400
2013/10/16	4.96	4.97	4.8	4.82	4510346	21926038
2013/10/15	4.95	4.99	4.89	4.96	4947701	24372944
2013/10/14	5.01	5.02	4.93	4.96	6980930	34729052
2013/10/11	4.92	5.04	4.9	5.01	6934840	34583976
2013/10/10	4.91	4.98	4.85	4.92	5784475	28472256
2013/10/9	4.91	4.94	4.85	4.92	4044492	19760436
2013/10/8	4.81	4.96	4.77	4.88	7260813	35538256
2013/9/30	4.83	4.9	4.67	4.86	6435668	30670318
2013/9/27	4.75	4.9	4.75	4.79	1928294	9268213
2013/9/26	4.86	4.87	4.75	4.77	2525821	12159937
2013/9/25	4.9	4.94	4.83	4.86	4157626	20317214
2013/9/24	4.98	5	4.84	4.87	4226127	20678554
2013/9/23	4.89	5.04	4.89	4.98	4295240	21392326
2013/9/18	4.79	4.93	4.79	4.91	2657282	12921824
2013/9/17	4.91	4.91	4.76	4.79	3202213	15439182
2013/9/16	5.03	5.03	4.84	4.91	5763169	28266036
2013/9/13	4.99	5.1	4.99	5.03	7666719	38704820
2013/9/12	4.92	5	4.88	4.99	5997888	29649920
2013/9/11	4.9	4.96	4.87	4.92	4626759	22740108
2013/9/10	4.89	4.92	4.84	4.91	4528875	22157602
2013/9/9	4.78	4.96	4.78	4.89	4733471	23106858
2013/9/6	4.8	4.84	4.73	4.77	3304900	15785944
2013/9/5	4.86	4.92	4.78	4.81	4033523	19475448
2013/9/4	5.05	5.06	4.81	4.85	6690452	32884560
2013/9/3	4.73	4.94	4.72	4.9	8588449	41768356
2013/9/2	4.7	4.74	4.58	4.7	3565192	16519011
2013/8/30	4.7	4.85	4.65	4.7	5326836	25238426
2013/8/23	4.7	4.74	4.54	4.61	2864485	13282536
2013/8/22	4.74	4.77	4.69	4.7	2233842	10545071
2013/8/21	4.75	4.8	4.71	4.77	2482284	11833366
2013/8/20	4.86	4.9	4.7	4.75	5219736	25008798
2013/8/19	4.71	4.96	4.71	4.92	8287451	40459044
2013/8/9	4.74	4.79	4.68	4.71	4124397	19510558
2013/8/8	4.66	4.77	4.57	4.72	2944500	13692833
2013/8/7	4.67	4.74	4.63	4.65	2663229	12472982
2013/8/6	4.61	4.68	4.61	4.66	2287843	10632163
2013/8/5	4.61	4.65	4.59	4.64	1717744	7953924.5
2013/8/2	4.65	4.69	4.61	4.61	2938191	13653401
2013/8/1	4.48	4.59	4.48	4.58	2365576	10776468
2013/7/31	4.55	4.67	4.49	4.52	2292998	10464739
2013/7/30	4.5	4.54	4.41	4.48	1603281	7189455.5
2013/7/29	4.49	4.56	4.45	4.49	2543939	11432469
2013/7/26	4.55	4.58	4.47	4.52	3622569	16390198
2013/7/25	4.5	4.76	4.46	4.66	5302252	24543062
2013/7/24	4.62	4.62	4.48	4.52	3286602	14896530
2013/7/23	4.54	4.65	4.52	4.63	1953762	8994142
2013/7/22	4.54	4.59	4.47	4.54	2585103	11657828
2013/7/19	4.71	4.76	4.53	4.53	2868330	13284392
2013/7/18	4.79	4.8	4.69	4.71	1905477	9037316
2013/7/17	4.79	4.88	4.73	4.8	4134839	19942528
2013/7/16	4.78	4.85	4.75	4.79	1722860	8252406.5
2013/7/15	4.71	4.91	4.71	4.79	3359127	16104918
2013/7/12	4.85	4.99	4.74	4.76	5422526	26381882
2013/7/11	4.5	4.81	4.45	4.68	4260678	19907328
2013/7/10	4.42	4.51	4.37	4.51	2105953	9378823
2013/7/9	4.42	4.48	4.39	4.42	1058688	4677355
2013/7/8	4.56	4.56	4.4	4.4	4116910	18555356
2013/7/5	4.66	4.8	4.61	4.63	3156575	14763275
2013/7/4	4.61	4.67	4.57	4.66	3039688	14073769
2013/7/3	4.73	4.75	4.57	4.71	3042116	14158943
2013/7/2	4.69	4.76	4.64	4.76	2338147	11009946
2013/7/1	4.7	4.72	4.61	4.69	1987717	9296941
2013/6/28	4.78	4.91	4.7	4.73	3346727	16094222
2013/6/27	4.76	4.84	4.71	4.74	2219229	10609738
2013/6/26	4.65	4.95	4.5	4.77	3886882	18608332
2013/6/25	4.83	4.84	4.26	4.64	3170150	14486325
2013/6/24	5	5	4.68	4.73	2229562	10773106
2013/6/21	4.94	5.02	4.89	5.02	1697508	8413984
2013/6/20	4.98	5.03	4.93	4.94	1826491	9058751
2013/6/19	5.01	5.08	4.93	5	1821748	9092387
2013/6/18	5.02	5.08	5	5.07	1153462	5806863
2013/6/17	5.05	5.07	5	5.03	1241381	6250100
2013/6/14	5.02	5.1	5.01	5.06	1340457	6780708.5
2013/6/13	5.18	5.18	4.96	4.99	2615676	13122325
2013/6/7	5.31	5.35	5.17	5.19	2175176	11398624
2013/6/6	5.36	5.42	5.27	5.3	2736026	14588676
2013/6/5	5.32	5.45	5.31	5.38	2164680	11652649
2013/6/4	5.47	5.49	5.3	5.3	3259362	17483200
2013/6/3	5.52	5.69	5.42	5.46	6873330	38019824
2013/5/31	5.54	5.57	5.36	5.36	5094971	27805666
2013/5/30	5.52	5.57	5.46	5.54	3587259	19799980
2013/5/29	5.58	5.62	5.5	5.55	4818178	26717848
2013/5/28	5.55	5.56	5.45	5.52	4823182	26598084
2013/5/27	5.5	5.74	5.5	5.56	8511052	47647800
2013/5/24	5.54	5.59	5.48	5.56	5096848	28184922
2013/5/23	5.56	5.67	5.48	5.52	8094529	44890948
2013/5/22	5.37	5.66	5.37	5.55	14137611	78791336
2013/5/21	5.38	5.42	5.32	5.39	7077116	38007472
2013/5/20	5.33	5.43	5.28	5.38	10799490	57980456
2013/5/17	5.17	5.32	5.14	5.26	12081697	63654108
2013/5/16	5.07	5.17	5.04	5.16	4817739	24671506
2013/5/15	5.06	5.12	5.05	5.08	1876965	9527757
2013/5/14	5.12	5.14	5.06	5.07	2179131	11075764
2013/5/13	5.18	5.18	5.06	5.15	4936038	25252986
2013/5/10	5.06	5.23	5.04	5.2	8554238	44295880
2013/5/9	5.06	5.17	4.94	5.09	6601803	33329666
2013/5/8	5.08	5.17	5.06	5.1	2740902	14011220
2013/5/7	5.13	5.15	5.03	5.07	2836683	14463177
2013/5/6	5.14	5.14	5.07	5.12	2488536	12718068
2013/5/3	5.05	5.14	5.01	5.1	2855006	14570098
2013/5/2	5.05	5.06	5	5.02	1519230	7631198
2013/4/26	5.11	5.14	5.01	5.02	2031211	10298996
2013/4/25	5.15	5.19	5.07	5.08	3634908	18623096
2013/4/24	5.08	5.17	5.03	5.14	3229489	16493071
2013/4/23	5.23	5.29	5.03	5.08	5148298	26528848
2013/4/22	5.22	5.39	5.19	5.27	11021968	58302644
2013/4/19	5.13	5.19	5.08	5.17	6395575	32942876
2013/4/18	5.09	5.15	5.06	5.08	1817083	9270022
2013/4/17	5.15	5.16	5.07	5.12	2674464	13667752
2013/4/16	4.9	5.15	4.81	5.15	3589948	18074984
2013/4/15	5.1	5.12	4.98	4.99	3176272	16085435
2013/4/12	4.98	5.08	4.98	5.06	1807512	9110431
2013/4/11	5.08	5.09	5.02	5.02	1591091	8022888
2013/4/10	5	5.1	5	5.05	3039172	15366524
2013/4/9	5.02	5.08	4.99	5.03	1644121	8260023.5
2013/4/8	4.98	5	4.91	5	1678535	8331761.5
2013/4/3	5.06	5.13	4.94	5	2381107	11908578
2013/4/2	5.09	5.17	5.05	5.05	3303493	16905202
2013/4/1	4.95	5.18	4.89	5.08	4973894	25370588
2013/3/29	4.89	4.96	4.89	4.9	1762534	8664469
2013/3/28	5.13	5.16	4.89	4.9	4275013	21318284
2013/3/27	5.14	5.22	5.12	5.19	3185941	16424384
2013/3/26	5.15	5.27	5.13	5.16	5778296	30018136
2013/3/25	5.19	5.29	5.12	5.21	4967528	25836576
2013/3/22	5.18	5.35	5.1	5.22	9135511	47818756
2013/3/21	5.16	5.22	5.11	5.12	5307217	27322522
2013/3/20	5.03	5.25	5.03	5.18	6875382	35505220
2013/3/19	5.14	5.19	5.01	5.1	4780738	24351014
2013/3/18	5.09	5.25	5.05	5.18	10597711	54691828
2013/3/15	4.9	5.14	4.76	5.11	8194789	40779140
2013/3/14	4.92	4.95	4.83	4.89	2574069	12583393
2013/3/13	4.85	4.87	4.78	4.84	1588635	7643192.5
2013/3/12	4.93	4.96	4.8	4.83	2542529	12375289
2013/3/11	4.89	4.93	4.84	4.93	1726541	8457099
2013/3/8	4.91	4.93	4.85	4.86	2466780	12058948
2013/3/7	4.9	4.93	4.84	4.91	3549872	17352258
2013/3/6	4.91	5	4.84	4.88	5574635	27344404
2013/3/5	4.81	4.99	4.8	4.91	5354793	26161696
2013/3/4	5.12	5.12	4.77	4.84	12457533	61091004
2013/3/1	5.34	5.39	5.25	5.29	5532409	29282230
2013/2/28	5.3	5.41	5.26	5.34	7346480	39250916
2013/2/27	5.31	5.37	5.25	5.3	7883408	41788748
2013/2/26	5.58	5.65	5.31	5.35	18789408	102633000
2013/2/25	5.79	5.79	5.44	5.68	26529784	151546944
2013/2/22	5.02	5.27	5.02	5.26	5576627	28895006
2013/2/21	5.15	5.16	5.02	5.06	3783406	19280396
2013/2/20	5.2	5.21	5.11	5.2	2745589	14171610
2013/2/19	5.28	5.28	5.13	5.16	3843432	19893332
2013/2/18	5.28	5.3	5.21	5.27	2767234	14570338
2013/2/8	5.25	5.32	5.22	5.26	2674988	14115267
2013/2/7	5.21	5.27	5.2	5.2	1793623	9377306
2013/2/6	5.26	5.28	5.18	5.21	2306193	12061005
2013/2/5	5.12	5.31	5.08	5.27	4586076	23925228
2013/2/4	5.18	5.23	5.08	5.12	4316113	22201370
2013/2/1	5.18	5.25	5.12	5.19	2604883	13525123
2013/1/31	5.37	5.37	5.18	5.23	3741964	19601884
2013/1/30	5.32	5.44	5.3	5.37	4677918	25056852
2013/1/29	5.31	5.45	5.24	5.33	4926484	26391180
2013/1/28	5.19	5.27	5.15	5.26	2836369	14794447
2013/1/25	5.12	5.15	5.08	5.14	1948880	9970917
2013/1/24	5.28	5.34	5.06	5.12	5574243	28988472
2013/1/23	5.2	5.35	5.18	5.27	2860259	15054818
2013/1/22	5.36	5.42	5.22	5.25	4546378	24150860
2013/1/21	5.4	5.56	5.34	5.37	6858328	37270164
2013/1/18	5.14	5.34	5.14	5.34	6525904	34446872
2013/1/17	5.2	5.23	5.13	5.15	2738217	14148794
2013/1/16	5.29	5.33	5.13	5.2	5292880	27716092
2013/1/15	5.26	5.31	5.21	5.28	5545905	29229402
2013/1/14	5.11	5.28	5.1	5.26	4317578	22573554
2013/1/11	5.31	5.34	5.09	5.13	5877605	30495356
2013/1/10	5.25	5.36	5.2	5.33	5714963	30335592
2013/1/9	5.22	5.38	5.22	5.28	8508893	45168964
2013/1/8	5.11	5.24	5.07	5.17	3363449	17307214
2013/1/7	5.14	5.18	5.04	5.1	4735615	24161000
2013/1/4	5.28	5.34	5.13	5.16	5043329	26312484
2012/12/31	5.11	5.36	5.1	5.27	9079886	47631872
2012/12/28	5.06	5.2	5.04	5.14	5309012	27282136
2012/12/27	5.26	5.35	5	5.07	5496669	28281160
2012/12/26	5.03	5.14	4.98	5	4996756	25222606
2012/12/25	4.83	5.07	4.83	5	6675311	33306072
2012/12/24	4.88	4.93	4.85	4.86	2119844	10347517
2012/12/21	4.83	4.99	4.79	4.86	5376447	26219142
2012/12/20	4.7	4.86	4.7	4.84	3619504	17404462
2012/12/19	4.72	4.79	4.7	4.75	2365640	11236471
2012/12/18	4.8	4.86	4.74	4.75	3660308	17555092
2012/12/17	4.82	4.93	4.77	4.82	4645594	22486848
2012/12/14	4.65	4.85	4.6	4.83	6726509	32099392
2012/12/13	4.69	4.77	4.64	4.66	2404934	11302585
2012/12/12	4.66	4.75	4.63	4.69	2334109	10905602
2012/12/11	4.67	4.79	4.64	4.7	4054809	19231368
2012/12/10	4.65	4.72	4.61	4.67	3505561	16335742
2012/12/7	4.56	4.75	4.54	4.68	4297004	19909816
2012/12/6	4.5	4.64	4.48	4.57	3208160	14647745
2012/12/5	4.43	4.66	4.35	4.55	3639257	16515254
2012/12/4	4.4	4.45	4.23	4.41	3770039	16280261
2012/12/3	4.49	4.68	4.44	4.45	2900666	13200772
2012/11/30	4.36	4.52	4.31	4.44	1700488	7555706
2012/11/29	4.32	4.46	4.31	4.33	1483103	6522648
2012/11/28	4.45	4.45	4.3	4.32	1423416	6186732.5
2012/11/27	4.63	4.67	4.4	4.46	2551883	11480519
2012/11/26	4.69	4.76	4.65	4.69	1024734	4810250.5
2012/11/23	4.73	4.81	4.73	4.73	1234121	5882383
2012/11/22	4.8	4.81	4.73	4.74	1249193	5948164.5
2012/11/21	4.7	4.83	4.66	4.83	2268857	10775426
2012/11/20	4.77	4.78	4.6	4.69	2177032	10245200
2012/11/19	4.83	4.83	4.69	4.78	1693358	8017745.5
2012/11/16	4.78	4.86	4.74	4.79	1713244	8222935
2012/11/15	4.79	4.95	4.67	4.79	2085017	10030409
2012/11/14	4.86	4.86	4.7	4.79	3087302	14672219
2012/11/13	5.15	5.15	4.8	4.86	5474444	26991262
2012/11/12	5.02	5.11	4.97	5.11	4694344	23695078
2012/11/9	4.92	5.02	4.92	5	4601073	22902134
2012/11/8	4.92	5.09	4.9	4.91	6352263	31681084
2012/11/7	5.1	5.12	4.9	4.95	7815193	38866776
2012/11/6	5.29	5.29	5.04	5.14	7798536	40137864
2012/11/5	5.28	5.34	5.11	5.18	12230612	63864660
2012/11/2	4.82	5.28	4.76	5.28	14216746	73054704
2012/11/1	4.62	4.89	4.62	4.8	3065693	14655532
2012/10/31	4.64	4.66	4.59	4.63	1048076	4834650
2012/10/30	4.68	4.77	4.58	4.63	2292998	10674500
2012/10/29	4.63	4.77	4.63	4.71	1572521	7381743
2012/10/26	4.8	4.8	4.6	4.65	1799598	8414125
2012/10/25	4.88	4.88	4.75	4.77	2843485	13663128
2012/10/24	4.94	4.97	4.8	4.85	4021343	19588020
2012/10/23	4.99	5.16	4.95	4.97	2546106	12886313
2012/10/22	4.94	5	4.89	4.99	1353453	6710517
2012/10/19	4.96	5.05	4.93	4.95	1888166	9422145
2012/10/18	4.86	4.99	4.85	4.95	1952457	9624465
2012/10/17	4.85	4.87	4.76	4.86	652467	3144887.5
2012/10/16	4.88	4.92	4.83	4.87	574024	2803769.75
2012/10/15	4.9	4.93	4.82	4.85	670259	3255747.75
2012/10/12	4.87	4.93	4.84	4.9	619190	3022163.25
2012/10/11	4.94	4.94	4.85	4.87	857676	4199817
2012/10/10	4.87	4.96	4.84	4.95	1014266	4985247
2012/10/9	4.79	4.9	4.78	4.87	976912	4731921
2012/10/8	4.82	4.86	4.75	4.76	611790	2927730.5
2012/9/28	4.68	4.84	4.68	4.82	923543	4395023
2012/9/27	4.62	4.79	4.62	4.73	1050375	4951259.5
2012/9/26	4.9	4.91	4.63	4.68	1332633	6323218
2012/9/25	4.93	4.98	4.88	4.9	491190	2417593.5
2012/9/24	4.91	4.97	4.83	4.92	493173	2427966.75
2012/9/21	4.92	5.04	4.89	4.91	764935	3791630.25
2012/9/20	5.05	5.11	4.91	4.91	1496801	7482247.5
2012/9/19	5.01	5.05	4.98	5.04	500089	2506948
2012/9/18	4.98	5.03	4.91	5.01	746904	3717106.5
2012/9/17	5.15	5.17	4.98	4.98	1194865	6045160
2012/9/14	5.01	5.17	5	5.17	2010456	10215554
2012/9/13	5.13	5.13	5.04	5.04	1485575	7540671.5
2012/9/12	5.11	5.15	5.07	5.13	1589996	8117985
2012/9/11	5.15	5.17	5.05	5.11	1704166	8687619
2012/9/10	5.18	5.21	5.14	5.18	1926196	9960397
2012/9/7	4.99	5.24	4.99	5.17	2569739	13251707
2012/9/6	5.12	5.18	5	5.05	2128891	10792998
2012/9/5	4.9	4.94	4.83	4.9	570648	2791074
2012/9/4	5.03	5.03	4.86	4.86	973926	4793267.5
2012/9/3	5	5	4.88	4.98	939918	4672019.5
2012/8/31	4.84	4.93	4.84	4.91	646390	3157972
2012/8/30	5.02	5.11	4.82	4.84	1886666	9267701
2012/8/29	5.15	5.17	5.06	5.08	1036452	5289494
2012/8/28	5.18	5.22	5.1	5.18	829274	4269037
2012/8/27	5.23	5.27	5.1	5.18	674899	3483219
2012/8/24	5.46	5.46	5.21	5.24	1329841	7051024.5
2012/8/23	5.42	5.52	5.4	5.46	794840	4335618
2012/8/22	5.37	5.52	5.34	5.42	1229242	6701676.5
2012/8/21	5.35	5.43	5.35	5.39	855847	4621046.5
2012/8/20	5.43	5.43	5.33	5.38	742763	3981932.75
2012/8/17	5.38	5.46	5.33	5.45	718234	3885489.5
2012/8/16	5.47	5.47	5.37	5.38	572759	3097201.5
2012/8/15	5.33	5.52	5.33	5.47	1225146	6687536
2012/8/14	5.36	5.48	5.33	5.43	1692044	9134324
2012/8/13	5.6	5.63	5.36	5.36	2431041	13191533
2012/8/10	5.61	5.66	5.54	5.58	2429844	13566334
2012/8/9	5.57	5.64	5.5	5.61	1810653	10084449
2012/8/8	5.6	5.66	5.51	5.53	1975118	11003576
2012/8/7	5.39	5.65	5.39	5.63	4398699	24491010
2012/8/6	5.32	5.44	5.29	5.43	2336796	12567350
2012/8/3	5.3	5.39	5.27	5.35	1509739	8030578.5
2012/8/2	5.3	5.35	5.22	5.25	2146893	11319301
2012/8/1	5.26	5.36	5.21	5.3	1391938	7373552
2012/7/31	5.14	5.3	5.14	5.26	1385473	7248064.5
2012/7/30	5.3	5.48	5.18	5.18	1367937	7235945
2012/7/27	5.35	5.35	5.27	5.28	755100	4008157
2012/7/26	5.27	5.33	5.24	5.31	968568	5118185
2012/7/25	5.38	5.38	5.24	5.3	2177184	11549528
2012/7/24	5.11	5.4	5.07	5.4	2267853	11927437
2012/7/23	5.13	5.19	5.08	5.15	1102707	5657124
2012/7/20	5.22	5.22	5.11	5.13	1288804	6649777.5
2012/7/19	5.09	5.3	5.09	5.22	1591402	8273333.5
2012/7/18	5.1	5.15	5.02	5.11	1588601	8077191.5
2012/7/17	5.06	5.15	5.01	5.1	1548410	7868483.5
2012/7/16	5.26	5.26	5.01	5.09	2453496	12566647
2012/7/13	5.33	5.43	5.25	5.27	2030197	10771487
2012/7/12	5.34	5.35	5.2	5.33	2506862	13236588
2012/7/11	5.31	5.33	5.22	5.29	2221335	11727984
2012/7/10	5.2	5.38	5.2	5.3	2117499	11215918
2012/7/9	5.22	5.41	5.21	5.24	2980853	15862835
2012/7/6	5.3	5.33	5.13	5.32	3851546	20201718
2012/7/5	5.4	5.42	5.11	5.27	3828210	19964614
2012/7/4	5.47	5.53	5.4	5.42	1237847	6745642.5
2012/7/3	5.56	5.58	5.47	5.49	2201528	12141777
2012/7/2	5.42	5.53	5.42	5.47	2356073	12898255
2012/6/29	5.38	5.44	5.18	5.41	2265271	11989373
2012/6/28	5.57	5.62	5.35	5.38	3294050	17983958
2012/6/27	5.64	5.68	5.58	5.58	1854398	10422470
2012/6/26	5.72	5.8	5.56	5.62	3135386	17724878
2012/6/25	5.98	6.04	5.65	5.72	3324839	19454648
2012/6/21	6.23	6.23	6.04	6.06	3517345	21413642
2012/6/20	6.2	6.33	6.16	6.26	3461701	21610286
2012/6/19	6.19	6.22	6.12	6.16	1832439	11295664
2012/6/18	6.12	6.2	6.08	6.15	2044167	12560223
2012/6/15	6.19	6.28	6	6.11	3242765	19871398
2012/6/14	6.26	6.34	6.18	6.19	4178887	26118990
2012/6/13	6.28	6.43	6.25	6.3	5542281	35078372
2012/6/12	6.1	6.39	6.06	6.27	5106569	31829336
2012/6/11	5.92	6.16	5.91	6.12	2818524	17126634
2012/6/8	6.1	6.17	6.02	6.03	3029208	18454222
2012/6/7	6.08	6.11	5.99	6.01	2468058	14933124
2012/6/6	6	6.1	5.97	6	2959518	17864654
2012/6/5	6.13	6.19	5.99	6	3305020	20014810
2012/6/4	6.13	6.32	6.05	6.13	5707082	35278760
2012/6/1	6.3	6.35	6.22	6.32	3351985	21058776
2012/5/31	6.22	6.44	6.16	6.3	7447651	47139140
2012/5/30	6.18	6.36	6.14	6.26	5058450	31657504
2012/5/29	6.1	6.29	6.02	6.19	5262436	32485638
2012/5/28	5.98	6.06	5.77	6.06	5164566	30495894
2012/5/25	6.12	6.19	6.03	6.04	4034471	24605134
2012/5/24	6.23	6.3	6.1	6.14	5324036	32928302
2012/5/23	6.1	6.25	6.08	6.25	7424899	45834264
2012/5/22	6.06	6.22	6.05	6.12	6756304	41383912
2012/5/21	6.27	6.27	6.05	6.06	9167920	56335568
2012/5/18	6.44	6.69	6.3	6.3	12003108	77906088
2012/5/17	6.4	6.58	6.34	6.54	11694577	75700744
2012/5/16	6.2	6.73	6.13	6.45	17853722	115339848
2012/5/15	6.16	6.27	6.11	6.24	6919532	42813704
2012/5/14	6.17	6.36	6.07	6.29	12565201	78507368
2012/5/11	6.31	6.34	6.05	6.09	8009692	49147372
2012/5/10	6.16	6.48	6.12	6.29	10633593	67312096
2012/5/9	6.14	6.4	6.08	6.24	15037015	94308048
2012/5/8	6.11	6.29	6.09	6.14	10264904	63541508
2012/5/7	6.03	6.16	6.01	6.14	7114998	43382960
2012/5/4	6.26	6.26	6.02	6.1	10529852	64533648
2012/5/3	6.18	6.34	6.11	6.29	12005602	74581920
2012/5/2	6.19	6.27	6.04	6.24	22515948	138967008
2012/4/26	6.31	6.7	6.27	6.45	48204003	315215328
2012/4/25	5.48	6.09	5.45	6.09	16364805	98341968
2012/4/24	5.57	5.68	5.37	5.54	8964896	49401680
2012/4/23	5.54	5.74	5.5	5.56	9904088	55753776
2012/4/20	5.5	5.62	5.41	5.56	7846201	43447424
2012/4/19	5.53	5.6	5.43	5.5	6476456	35676024
2012/4/18	5.3	5.64	5.3	5.58	11748077	64882768
2012/4/17	5.51	5.63	5.3	5.32	7201859	39175788
2012/4/16	5.4	5.58	5.38	5.51	7546842	41494956
2012/4/13	5.4	5.64	5.37	5.5	12843730	71035144
2012/4/12	5.29	5.41	5.2	5.39	10282325	54789892
2012/4/11	5.11	5.38	5.11	5.29	7558158	39979688
2012/4/10	5.07	5.23	5	5.2	5458260	27772808
2012/4/9	5.05	5.3	5.05	5.13	5756455	29808754
2012/4/6	5	5.08	4.98	5.03	3586021	18024224
2012/4/5	4.86	5.01	4.85	4.98	3224555	15990515
2012/3/30	4.9	4.95	4.83	4.83	2751885	13432412
2012/3/29	4.96	5.06	4.86	4.86	3896064	19241024
2012/3/28	5.23	5.27	4.98	5.01	4583701	23497868
2012/3/27	5.2	5.35	5.18	5.27	5590066	29436302
2012/3/26	5.18	5.23	5.12	5.19	2963105	15346938
2012/3/23	5.26	5.3	5.16	5.19	4967811	25960484
2012/3/22	5.39	5.39	5.28	5.32	4211821	22438418
2012/3/21	5.29	5.44	5.23	5.32	5616258	29783952
2012/3/20	5.28	5.44	5.21	5.26	6672504	35450300
2012/3/19	5.26	5.33	5.2	5.31	5918472	31186068
2012/3/16	5.19	5.3	5.13	5.26	5752045	30041596
2012/3/15	5.45	5.47	5.16	5.18	11798041	62351728
2012/3/14	5.93	6.05	5.45	5.5	15415374	90281680
2012/3/13	5.86	5.91	5.77	5.89	7151115	41810480
2012/3/12	5.96	6.04	5.8	5.86	12549462	73939544
2012/3/9	5.89	5.99	5.85	5.98	7729748	45854572
2012/3/8	5.84	5.95	5.84	5.89	5748788	33892260
2012/3/7	5.89	5.98	5.8	5.82	7179473	42290568
2012/3/6	5.8	5.97	5.68	5.97	10466689	60927976
2012/3/5	6.01	6.02	5.84	5.85	7675723	45661620
2012/3/2	5.74	6.03	5.73	5.95	9862728	58132876
2012/3/1	5.71	5.86	5.67	5.75	4861849	28084922
2012/2/29	5.88	5.88	5.72	5.73	6546330	37872416
2012/2/28	6.01	6.04	5.79	5.87	8581937	50783624
2012/2/27	6.12	6.19	6.03	6.04	12408709	75680920
2012/2/24	5.86	6.33	5.72	6.12	19853067	120329384
2012/2/22	5.8	5.95	5.72	5.88	13018914	76172712
2012/2/21	5.6	5.97	5.6	5.86	16415359	94992168
2012/2/20	5.59	5.74	5.51	5.63	11724854	66328996
2012/2/17	5.55	5.6	5.41	5.5	6913935	38005752
2012/2/16	5.56	5.66	5.45	5.54	10476725	58250448
2012/2/15	5.46	5.76	5.41	5.62	15184910	85144656
2012/2/14	5.47	5.53	5.36	5.48	9482774	51609760
2012/2/13	5.46	5.56	5.36	5.51	15234105	83496800
2012/2/10	5.16	5.69	5.16	5.64	18248859	99208488
2012/2/9	5.16	5.4	5.12	5.21	9938366	52405068
2012/2/8	5.02	5.18	5	5.16	5495252	28083514
2012/2/7	5.18	5.18	4.98	5.04	6232830	31610820
2012/2/6	5.2	5.28	5.1	5.23	6885035	35804736
2012/2/3	5.01	5.33	4.99	5.26	11761225	61178352
2012/2/2	4.96	5.04	4.89	5.04	5370302	26673198
2012/2/1	5.04	5.07	4.93	4.97	3543617	17713192
2012/1/31	4.97	5.07	4.9	5.04	2640242	13195473
2012/1/30	5.07	5.07	4.89	4.96	3608600	17963640
2012/1/20	5.03	5.14	4.98	5.06	4244935	21581074
2012/1/19	4.84	4.99	4.81	4.98	3920321	19269148
2012/1/18	5	5.08	4.81	4.84	4819640	23814016
2012/1/17	4.56	4.97	4.56	4.93	4633086	22397680
2012/1/16	4.85	4.9	4.6	4.65	4888826	23254192
2012/1/13	5.13	5.25	4.94	4.97	5980944	30258082
2012/1/12	5.08	5.29	5.07	5.16	6084061	31582448
2012/1/11	5.18	5.23	5.06	5.15	7500614	38526200
2012/1/10	5	5.33	4.95	5.21	10343506	53100140
2012/1/9	4.56	5.05	4.45	5.04	8404897	40517588
2012/1/6	4.8	4.8	4.23	4.59	5960729	26882846
2012/1/5	4.92	4.95	4.65	4.7	4185028	20210400
2012/1/4	5.08	5.11	4.9	4.9	3565557	17915556
2011/12/30	4.93	5.09	4.93	5.02	3180071	15925191
2011/12/29	4.91	4.95	4.85	4.9	3129904	15324991
2011/12/28	4.83	4.94	4.73	4.92	3856377	18566992
2011/12/27	5.02	5.07	4.87	4.88	5632034	27724176
2011/12/26	5.16	5.24	5.03	5.03	4714740	24142828
2011/12/23	4.98	5.23	4.98	5.2	7542032	38788420
2011/12/22	5.25	5.25	4.82	5.02	10417552	52397984
2011/12/21	5.67	5.68	5.3	5.35	6622945	36499492
2011/12/20	5.52	5.75	5.52	5.61	7218172	40833364
2011/12/19	5.57	5.61	5.42	5.53	7331448	40225736
2011/12/16	5.4	5.63	5.4	5.61	7340046	40396172
2011/12/15	5.38	5.52	5.35	5.39	6997714	38100512
2011/12/14	5.62	5.74	5.36	5.43	7469349	41527708
2011/12/13	5.88	5.94	5.52	5.65	9857672	56044436
2011/12/12	6.12	6.26	5.97	5.98	7474614	45589576
2011/12/9	6.3	6.37	6.14	6.15	10436765	65318272
2011/12/8	6.09	6.45	5.92	6.4	18092718	112336152
2011/12/7	6.2	6.24	6.06	6.11	9107848	55820904
2011/12/6	6.14	6.28	6.03	6.19	10497641	64853572
2011/12/5	6.46	6.5	6.05	6.13	14157620	89044896
2011/12/2	6.95	7.04	6.49	6.5	22076213	148519600
2011/12/1	7.17	7.35	7.09	7.09	21525265	155558656
2011/11/30	7.5	7.55	6.82	7.04	27399284	196616960
2011/11/29	7.64	7.97	7.4	7.58	44566500	341885472
2011/11/28	7.23	7.79	7.05	7.63	42789868	319406336
2011/11/25	7.2	7.36	6.85	7.22	25400904	181321568
2011/11/24	6.9	7.29	6.53	7.14	22683899	157326896
2011/11/23	7.24	7.63	7.04	7.07	27608591	201326688
2011/11/22	6.93	7.7	6.85	7.26	42814430	312810880
2011/11/21	6.77	7.08	6.33	7.07	22596686	152828352
2011/11/18	6.71	7.14	6.68	6.83	28052386	195338688
2011/11/17	6.93	7.05	6.71	6.82	19748831	135709280
2011/11/16	7.1	7.25	6.86	7	25815879	181802304
2011/11/15	7.35	7.35	7.07	7.16	34537125	247920912
2011/11/14	6.48	7.23	6.43	7.23	49950858	350140256
2011/11/11	6.05	6.68	5.95	6.57	44051434	283838592
2011/11/10	6.31	6.37	6.07	6.07	40191210	250504448
2011/11/9	5.64	6.13	5.61	6.13	26574158	159974576
2011/11/8	5.78	5.87	5.53	5.57	9460261	54096112
2011/11/7	5.86	5.9	5.8	5.8	10067084	58793992
2011/11/4	6.1	6.18	5.88	5.95	19359840	116487800
2011/11/3	5.7	6.04	5.64	5.81	18827521	110435480
2011/11/2	5.53	5.67	5.44	5.67	8860874	49019376
2011/11/1	5.63	5.76	5.59	5.62	7422533	42051656
2011/10/31	5.65	5.75	5.6	5.69	5756973	32746860
2011/10/28	5.69	5.98	5.63	5.71	12314021	70939200
2011/10/27	5.64	5.72	5.55	5.61	8265473	46550720
2011/10/26	5.53	5.66	5.48	5.63	9418620	52755344
2011/10/25	5.34	5.65	5.28	5.57	8944570	48910004
2011/10/24	5.59	5.6	5.15	5.43	10821077	58024604
2011/10/21	5.55	5.68	5.52	5.56	3479472	19495662
2011/10/20	5.66	5.73	5.47	5.58	6178694	34595220
2011/10/19	5.79	5.79	5.6	5.65	6236272	35460232
2011/10/18	6.01	6.01	5.75	5.76	11716250	68685152
2011/10/17	6.19	6.23	6.07	6.09	6794886	41648316
2011/10/14	6.23	6.29	6.06	6.15	10677223	65935624
2011/10/13	6.13	6.48	6.06	6.34	16125799	100874800
2011/10/12	5.88	6.17	5.79	6.14	12898566	77674240
2011/10/11	6.16	6.24	5.89	5.98	10720683	65056184
2011/10/10	6.1	6.26	5.86	6.05	13853497	83457808
2011/9/30	6.04	6.2	5.83	6.11	9647674	58059972
2011/9/29	6.48	6.58	5.96	5.98	19786058	121601376
2011/9/28	7.12	7.22	6.6	6.62	17039272	117535848
2011/9/27	7.28	7.32	6.88	7.09	17802950	126017800
2011/9/26	7.4	7.5	7.15	7.25	24613077	180685168
2011/9/23	7	7.75	6.98	7.54	48458569	359923520
2011/9/22	6.52	7.25	6.44	7.25	34150025	242439952
2011/9/21	6.37	6.66	6.32	6.59	8470574	55355472
2011/9/20	6.34	6.43	6.25	6.34	5655608	35713488
2011/9/19	6.77	6.77	6.33	6.34	6571631	42440188
2011/9/16	6.82	6.84	6.67	6.71	5536002	37276992
2011/9/15	6.52	6.97	6.51	6.8	11484028	77828648
2011/9/14	6.46	6.59	6.35	6.57	5146212	33365608
2011/9/13	6.44	6.49	6.33	6.41	4832428	30983350
2011/9/9	6.44	6.8	6.43	6.61	8260695	55015384
2011/9/8	6.55	6.69	6.47	6.47	4767248	31371344
2011/9/7	6.5	6.62	6.45	6.61	5023850	32809436
2011/9/6	6.38	6.56	6.37	6.45	4944597	31988612
2011/9/5	6.63	6.63	6.4	6.43	5459216	35364228
2011/9/2	6.81	6.85	6.6	6.67	6221632	41632968
2011/9/1	6.92	6.95	6.72	6.79	8005602	54810664
2011/8/31	7.27	7.42	6.82	6.88	11558605	81620136
2011/8/30	7.59	7.59	7.3	7.31	9875633	73391480
2011/8/29	7.47	7.83	7.43	7.53	16614965	127089872
2011/8/26	7.43	7.57	7.33	7.45	9345672	69321392
2011/8/25	7.39	7.49	7.24	7.45	10863994	80142600
2011/8/24	7.69	7.69	7.3	7.35	13281648	99130272
2011/8/23	7.47	7.83	7.41	7.54	17418878	132683744
2011/8/22	7.62	7.94	7.43	7.47	21876961	167118528
2011/8/19	7.12	7.99	7.01	7.77	42339875	318472864
2011/8/17	6.78	7.47	6.7	7.47	19909720	144470320
2011/8/16	6.96	6.97	6.76	6.79	9613371	65889724
2011/8/15	6.89	7.03	6.8	6.94	14780348	102417976
2011/8/12	6.78	6.92	6.73	6.82	14463456	98641944
2011/8/11	6.3	6.85	6.23	6.8	18513822	122616560
2011/8/10	6.62	6.77	6.52	6.52	14318987	95049000
2011/8/9	6.31	6.66	6.27	6.55	13724359	88783688
2011/8/8	7.05	7.11	6.58	6.62	16125899	109678816
2011/8/5	7.45	7.54	7.11	7.2	19420215	142110064
2011/8/4	8.1	8.1	7.83	7.88	13411033	106719376
2011/8/3	7.84	8.12	7.75	8.01	18666347	148380704
2011/8/2	7.77	7.91	7.71	7.88	9809562	76890368
2011/8/1	7.99	7.99	7.76	7.86	10967959	86092072
2011/7/29	8.1	8.17	7.99	7.99	13305909	107492472
2011/7/28	7.96	8.06	7.87	7.98	9697010	77149616
2011/7/27	7.93	8.15	7.91	8.1	11416519	91779600
2011/7/26	7.98	8.25	7.89	8.03	12484191	100559808
2011/7/25	8.54	8.54	7.92	7.95	17866253	146402848
2011/7/22	8.76	8.79	8.55	8.62	12303144	106704144
2011/7/21	8.65	8.88	8.47	8.8	24812796	215912176
2011/7/20	8.95	9.02	8.58	8.66	17382949	152053936
2011/7/19	8.95	9.08	8.79	8.85	15243219	135597376
2011/7/18	8.91	9.17	8.81	9.05	22452730	202042000
2011/7/15	9.28	9.35	8.85	8.98	31236096	282405152
2011/7/14	9.88	9.88	9.28	9.49	33197793	315578976
2011/7/13	9.8	10.18	9.58	9.85	27524791	272106592
2011/7/12	10.19	10.47	9.7	10	48297172	477540352
2011/7/11	11.1	11.5	10.6	10.78	50077716	550530176
2011/7/8	10.2	12.15	10.1	10.52	88799218	973199424

:						
000620   						
      	    	    	    	    	    	    