2019/9/23	5.14	5.14	4.94	4.99	11914413	59537852
2019/9/20	5.13	5.25	5.11	5.16	9166655	47559128
2019/9/19	5.18	5.18	5.07	5.16	7630043	39154956
2019/9/18	5.16	5.2	5.1	5.13	10089790	51887140
2019/9/17	5.29	5.35	5.07	5.18	16334990	85094824
2019/9/16	5.32	5.37	5.23	5.26	15190300	80043488
2019/9/12	5.4	5.45	5.28	5.31	26100900	139557904
2019/9/11	5.2	5.7	5.12	5.51	48415906	263426464
2019/9/10	5.11	5.35	5.09	5.2	23251900	121088336
2019/9/9	5.03	5.24	5.02	5.14	20186493	103374328
2019/9/6	5.15	5.16	4.96	5.04	15770972	79835592
2019/9/5	5.04	5.12	4.99	5.08	24058262	121995328
2019/9/4	4.89	5.14	4.85	5.04	20919426	104600560
2019/9/3	4.93	4.96	4.86	4.91	9660413	47274940
2019/9/2	4.85	4.98	4.85	4.93	10093913	49549368
2019/8/30	4.94	4.99	4.78	4.85	12044800	58983816
2019/8/29	4.99	5.02	4.88	4.9	13970737	69006656
2019/8/28	5.12	5.13	4.96	5.02	19285400	97010664
2019/8/27	4.93	5.24	4.89	5.13	31032945	157251552
2019/8/26	4.7	5.11	4.65	4.99	25200607	124191800
2019/8/23	4.76	4.98	4.7	4.8	17598515	84979056
2019/8/22	4.83	4.83	4.68	4.75	16261102	77117024
2019/8/21	4.8	4.91	4.78	4.82	29214567	141109056
2019/8/20	4.68	5.15	4.65	4.98	46477969	234396064
2019/8/19	4.58	4.68	4.58	4.68	10348413	48021524
2019/8/16	4.69	4.7	4.57	4.58	7507713	34624828
2019/8/15	4.38	4.75	4.32	4.63	12203441	55565348
2019/8/14	4.64	4.65	4.55	4.55	9212330	42425984
2019/8/13	4.63	4.69	4.56	4.57	12124710	55785832
2019/8/12	4.75	4.85	4.59	4.72	16084100	75631016
2019/8/9	4.99	5.14	4.65	4.72	31834843	155723168
2019/8/8	4.65	5.09	4.64	5.09	17726413	89514728
2019/8/7	4.42	4.79	4.35	4.63	13815745	62483556
2019/8/6	4.48	4.48	4.18	4.36	11691300	50554972
2019/8/5	4.77	4.83	4.6	4.64	8577300	40278864
2019/8/2	4.7	4.96	4.62	4.74	11996130	57054920
2019/8/1	4.88	4.98	4.79	4.83	12276105	59617036
2019/7/31	4.71	5.2	4.65	5.03	15067720	73948336
2019/7/30	4.8	4.82	4.74	4.75	6852150	32656688
2019/7/29	4.76	4.86	4.73	4.77	7523050	36072752
2019/7/26	4.85	4.89	4.78	4.8	13461418	64812268
2019/7/25	4.91	4.99	4.85	4.95	19368630	95318160
2019/7/24	5.28	5.48	5.07	5.08	35448680	186055424
2019/7/23	5.04	5.04	5.04	5.04	10618111	53515280
2019/7/22	4.75	4.82	4.52	4.58	7307725	33760832
2019/7/19	4.77	4.87	4.77	4.79	3994431	19295388
2019/7/18	4.86	4.86	4.75	4.78	4968764	23795036
2019/7/17	4.84	4.87	4.81	4.86	4265164	20635472
2019/7/16	4.88	4.92	4.81	4.84	4782519	23237838
2019/7/15	4.75	4.9	4.66	4.89	7724800	37096656
2019/7/12	4.71	4.8	4.67	4.8	8467199	40192676
2019/7/11	5.03	5.06	4.82	4.87	7878000	38844960
2019/7/10	4.98	5.05	4.96	5	6397400	31979476
2019/7/9	4.93	5.03	4.9	4.97	7731000	38354036
2019/7/8	5.15	5.15	4.87	4.91	11280794	55827496
2019/7/5	5.18	5.24	5.14	5.16	7598907	39306572
2019/7/4	5.21	5.28	5.11	5.15	12896700	67089176
2019/7/3	5.48	5.48	5.24	5.29	13968319	74319688
2019/7/2	5.53	5.58	5.43	5.48	13245101	72731600
2019/7/1	5.54	5.58	5.46	5.58	17089820	94629408
2019/6/28	5.52	5.58	5.4	5.45	16724719	91437304
2019/6/27	5.69	5.76	5.56	5.6	24538599	138313120
2019/6/26	5.79	5.94	5.6	5.7	33845650	194744224
2019/6/25	6.55	6.55	5.9	6.09	63534705	389025152
2019/6/24	6.26	6.56	5.96	6.56	17830100	114468024
2019/6/21	5.64	5.96	5.51	5.96	42512500	247887664
2019/6/20	5.18	5.73	5.16	5.42	39018820	216628336
2019/6/19	5.14	5.3	5.13	5.21	15479100	80668912
2019/6/18	5.2	5.26	5.06	5.07	7586900	39012908
2019/6/17	5.15	5.15	4.95	5.05	8924699	45112492
2019/6/14	5.2	5.26	5	5.13	14490816	74464344
2019/6/13	5.07	5.3	4.99	5.22	19486574	100706072
2019/6/12	5.05	5.15	5	5.01	9096600	45964188
2019/6/11	4.99	5.11	4.94	5.09	13815575	69306296
2019/6/10	4.68	4.97	4.68	4.96	10428890	50800904
2019/6/6	5.02	5.04	4.6	4.75	12294500	59185428
2019/6/5	5.08	5.11	4.98	5.05	6953600	35099760
2019/6/4	5.13	5.16	5	5.03	9076299	45835936
2019/6/3	5.34	5.38	5.1	5.12	13584064	70634800
2019/5/31	5.51	5.55	5.32	5.38	15287807	83174784
2019/5/30	5.51	5.76	5.32	5.59	18152890	100377744
2019/5/29	5.52	5.64	5.48	5.49	9889900	54802672
2019/5/28	5.56	5.69	5.49	5.55	19036600	106561520
2019/5/27	5.35	5.54	5.31	5.49	12835650	69877224
2019/5/24	5.34	5.43	5.29	5.35	10169400	54595624
2019/5/23	5.54	5.59	5.26	5.36	14362419	78026640
2019/5/22	5.7	5.75	5.39	5.54	17469029	97371536
2019/5/21	5.57	5.89	5.53	5.67	23982229	136787120
2019/5/20	5.34	5.66	5.3	5.63	20284800	112559640
2019/5/17	5.6	5.67	5.31	5.36	14652800	80244712
2019/5/16	5.62	5.68	5.54	5.62	14416104	80961696
2019/5/15	5.46	5.68	5.43	5.66	16334875	90730104
2019/5/14	5.3	5.58	5.24	5.41	12021500	65638664
2019/5/13	5.39	5.46	5.34	5.42	8930669	48208912
2019/5/10	5.38	5.55	5.19	5.46	16228827	87626464
2019/5/9	5.21	5.34	5.16	5.32	11187100	58901112
2019/5/8	5.12	5.31	4.96	5.24	11225475	58329844
2019/5/7	5.09	5.24	5.07	5.22	10057100	51974112
2019/5/6	5.47	5.47	5.07	5.07	13933600	72793280
2019/4/30	5.57	5.68	5.45	5.63	9445400	52842392
2019/4/29	6.05	6.09	5.46	5.5	18055400	102921104
2019/4/26	6.4	6.41	5.91	6.05	19329200	118965992
2019/4/25	6.73	6.99	6.5	6.5	20042102	134822944
2019/4/24	6.79	6.95	6.6	6.83	26807222	181086384
2019/4/23	6.7	7.43	6.57	7.02	46217613	328258176
2019/4/22	6.6	6.78	6.52	6.75	20476918	136836032
2019/4/19	6.47	6.63	6.47	6.61	12427300	81390656
2019/4/18	6.75	6.77	6.52	6.53	19455892	128636704
2019/4/17	6.8	6.82	6.69	6.73	17149300	115807512
2019/4/16	6.63	6.78	6.43	6.75	21664102	143039808
2019/4/15	6.9	6.99	6.69	6.72	21738802	149190288
2019/4/12	7.01	7.07	6.81	6.87	29642700	204415920
2019/4/11	7.55	7.67	7.02	7.14	56224929	409651680
2019/4/10	6.87	7.52	6.87	7.52	59338032	435440800
2019/4/9	6.82	6.98	6.79	6.84	23356606	160786208
2019/4/8	6.92	6.98	6.54	6.7	23551597	158979152
2019/4/4	7.13	7.2	6.9	6.91	21628451	151909152
2019/4/3	6.91	7.22	6.84	7.05	25834819	181315904
2019/4/2	6.95	7.25	6.8	7	30583368	215194672
2019/4/1	6.58	7.02	6.58	6.9	25352478	174213184
2019/3/29	6.45	6.7	6.35	6.64	20444789	134050912
2019/3/28	6.53	6.75	6.45	6.48	18319291	120902896
2019/3/27	6.79	6.87	6.41	6.57	23919167	157369440
2019/3/26	7.16	7.29	6.7	6.75	29161747	202579216
2019/3/25	7.19	7.34	7.1	7.2	20558113	148893616
2019/3/22	7.52	7.61	7.21	7.44	36751812	272819616
2019/3/21	7.59	7.99	7.51	7.75	46722072	362934400
2019/3/20	7.62	7.7	7.35	7.62	31042835	234921936
2019/3/19	7.47	7.75	7.36	7.44	27533193	208408592
2019/3/18	7.51	7.62	7.04	7.49	29537801	216372144
2019/3/15	7.48	7.81	7.44	7.55	30437023	232494368
2019/3/14	8.2	8.2	7.47	7.53	46599764	359983360
2019/3/13	7.8	8.49	7.45	8.3	71264459	577248256
2019/3/12	7.7	8.15	7.7	7.87	48966801	386740864
2019/3/11	7.7	7.97	7.23	7.77	48014254	366032960
2019/3/8	8.15	8.58	8.02	8.02	70166101	578763584
2019/3/7	8.03	8.91	7.77	8.91	97179687	829545280
2019/3/6	8.33	8.42	7.69	8.1	96145690	782028352
2019/3/5	7.19	8.02	7.08	8.02	85504929	659191424
2019/3/4	7.11	7.45	7.11	7.29	52319304	381528768
2019/3/1	7.11	7.17	6.9	7.13	35761765	252128672
2019/2/28	7.2	7.32	6.96	7	39316501	278663968
2019/2/27	7.1	7.56	6.89	7.26	76197980	549045696
2019/2/26	8.95	8.97	7.5	7.64	120683738	1008289216
2019/2/25	7.9	8.15	7.7	8.15	52816668	425739872
2019/2/22	6.7	7.41	6.61	7.41	90328800	649262720
2019/2/21	6.48	7.27	6.45	6.74	91295206	623903488
2019/2/20	6.22	6.86	6.1	6.7	84772070	547561728
2019/2/19	6.49	6.75	6.21	6.35	92779914	603068480
2019/2/18	5.75	6.38	5.71	6.38	62472629	379345152
2019/2/15	5.75	6.08	5.64	5.8	57485027	337228384
2019/2/14	5.66	5.86	5.53	5.76	52009401	298546208
2019/2/13	5.5	5.75	5.41	5.64	43122061	240529040
2019/2/12	5.4	5.58	5.37	5.48	33557461	182956240
2019/2/11	5.18	5.5	5.15	5.37	31241900	166134608
2019/2/1	4.99	5.19	4.96	5.05	30112900	153241968
2019/1/31	5.45	5.49	4.91	4.92	39394914	203072160
2019/1/30	5.69	5.69	5.36	5.46	28854087	158701728
2019/1/29	5.52	5.81	5.42	5.71	32652619	185156224
2019/1/28	6.27	6.27	5.63	5.63	47186300	275252768
2019/1/25	6.1	6.55	6.08	6.25	54747263	345635456
2019/1/24	6.08	6.38	5.96	6.2	43103300	266885568
2019/1/23	6.03	6.12	5.84	6.05	31350801	186956608
2019/1/22	6.12	6.24	6.06	6.07	22752495	139934000
2019/1/21	6.09	6.16	6.07	6.13	19376278	118543008
2019/1/18	6.35	6.41	6.02	6.11	37941604	234409552
2019/1/17	6.31	6.55	6.25	6.47	40676164	261100352
2019/1/16	6.43	6.45	6.25	6.37	29273893	186302304
2019/1/15	6.55	6.56	6.15	6.38	42096713	266295040
2019/1/14	6.8	6.86	6.59	6.62	33690457	226357776
2019/1/11	6.81	6.98	6.56	6.77	40895999	276605728
2019/1/10	6.94	7.03	6.72	6.79	45099454	307641376
2019/1/9	6.9	7.18	6.85	7.03	58639524	411358624
2019/1/8	6.86	6.96	6.77	6.94	46144300	317615072
2019/1/7	6.75	6.89	6.72	6.83	38614400	262882016
2019/1/4	6.56	6.85	6.45	6.8	52307575	348534976
2019/1/3	7.4	7.47	6.77	6.77	72774400	508339552
2019/1/2	7.42	7.69	7.37	7.52	57381875	430779904
2018/12/28	7.85	7.99	7.33	7.51	92728802	715044608
2018/12/27	7.97	8.79	7.82	8.12	138504589	1153589248
2018/12/26	7.06	7.99	6.96	7.99	94349480	706641664
2018/12/25	7.04	7.65	7.01	7.26	85566557	621736256
2018/12/24	6.9	7.06	6.75	7.05	36294993	250252224
2018/12/21	7	7.08	6.8	6.94	49584603	343630016
2018/12/20	6.92	7.29	6.92	7.22	68098506	486985280
2018/12/19	6.91	7.45	6.73	7.03	65674255	465891680
2018/12/18	6.96	7.19	6.86	6.96	46582228	326128096
2018/12/17	6.71	7.05	6.71	6.98	46782203	323616000
2018/12/14	7.1	7.15	6.55	6.69	50006281	342364384
2018/12/13	7.1	7.3	6.86	7.1	51541194	366959456
2018/12/12	7.3	7.31	7	7.07	38804541	277257856
2018/12/11	7.28	7.28	6.91	7.2	53742686	383093088
2018/12/10	6.85	7.35	6.8	7.18	70162652	500881920
2018/12/7	7.1	7.26	6.64	6.8	66053843	456806432
2018/12/6	7.26	7.55	7.05	7.23	58194380	426866912
2018/12/5	7.26	7.54	7.26	7.26	87048960	636942080
2018/12/4	7.48	8.38	7.44	8.07	118423156	954197248
2018/12/3	7.47	8.11	7.41	7.62	89633860	689436672
2018/11/30	7.32	7.52	7.11	7.46	60052873	441298304
2018/11/29	7.56	7.65	7.31	7.33	60682558	452677376
2018/11/28	7.9	7.99	7.47	7.63	90167544	688477440
2018/11/27	8.07	8.68	7.96	8.3	94914597	790475456
2018/11/26	7.91	8.17	7.84	8.07	56285006	450122560
2018/11/23	8	8.47	7.86	8.01	83631742	683356288
2018/11/22	8.37	8.45	8.02	8.23	68999860	568527744
2018/11/21	8.27	8.48	8.06	8.27	102096469	840726976
2018/11/20	10.01	10.53	8.91	8.95	128524049	1243580032
2018/11/19	10.2	10.3	9.53	9.78	103604191	1026550528
2018/11/16	9.53	10.48	9.53	10.48	104587553	1053902848
2018/11/15	9.3	9.69	9.13	9.53	92072585	865892032
2018/11/14	10.18	10.3	8.71	9.8	134786060	1282038912
2018/11/13	8.66	9.56	8.6	9.56	70128366	644841600
2018/11/12	7.7	8.69	7.58	8.69	99833430	826512512
2018/11/9	7.38	8.1	7.26	7.9	88463458	677394432
2018/11/8	7.25	7.36	6.98	7.36	65844674	479986656
2018/11/7	6.45	6.69	6.33	6.69	38807306	255523600
2018/11/6	6.08	6.08	6.08	6.08	16159500	98249760
2018/11/5	5.53	5.53	5.53	5.53	2777699	15360675
2018/10/30	4.58	5.03	4.46	5.03	31581572	151332256
2018/10/29	4.3	4.57	4.25	4.57	51668814	231825168
2018/10/26	4.15	4.15	4.15	4.15	1617511	6712670.5
2018/10/25	3.7	3.77	3.61	3.77	13451273	50429212
2018/10/24	3.13	3.43	3.02	3.43	10020419	32830746
2018/10/23	3.12	3.12	2.84	3.12	15611200	48513116
2018/10/22	2.84	2.84	2.84	2.84	7373051	20939464
2018/10/19	2.42	2.59	2.42	2.58	1914260	4809086
2018/10/18	2.67	2.67	2.46	2.5	1969800	5029079
2018/10/17	2.71	2.74	2.57	2.66	2208300	5860009
2018/10/16	2.73	2.81	2.6	2.67	1706100	4646274
2018/10/15	2.8	2.87	2.73	2.73	1146000	3216365
2018/10/12	2.85	2.86	2.62	2.77	1886800	5204389
2018/10/11	3.02	3.11	2.82	2.83	2477700	7301727
2018/10/10	3.17	3.2	3.11	3.13	1140700	3593185
2018/10/9	3.14	3.18	3.12	3.14	683509	2155046.25
2018/10/8	3.23	3.23	3.14	3.14	967400	3070202
2018/9/28	3.21	3.29	3.16	3.26	1152000	3727082
2018/9/27	3.29	3.36	3.2	3.23	1536800	5025395
2018/9/26	3.39	3.39	3.3	3.32	1191483	3965620
2018/9/25	3.29	3.34	3.27	3.3	1073600	3539552
2018/9/21	3.26	3.32	3.25	3.31	1361374	4481388
2018/9/20	3.25	3.28	3.22	3.26	1381976	4504081.5
2018/9/19	3.18	3.25	3.15	3.23	1295154	4172128.75
2018/9/18	3.13	3.2	3.1	3.18	1102000	3487661.25
2018/9/17	3.22	3.26	3.11	3.13	1770300	5589404
2018/9/14	3.21	3.42	3.18	3.26	3400446	11200626
2018/9/13	3.23	3.26	3.16	3.2	490100	1564160
2018/9/12	3.19	3.22	3.17	3.19	664100	2119220
2018/9/11	3.15	3.21	3.14	3.19	837903	2653252.5
2018/9/10	3.26	3.26	3.14	3.16	1036151	3290765.75
2018/9/7	3.21	3.26	3.19	3.25	1027807	3320401.5
2018/9/6	3.29	3.29	3.19	3.21	523646	1683228.13
2018/9/5	3.22	3.28	3.18	3.2	1421123	4596077
2018/9/4	3.15	3.22	3.15	3.2	778803	2484249.5
2018/9/3	3.12	3.17	3.11	3.14	926907	2910376
2018/8/31	3.21	3.23	3.15	3.17	741100	2357740
2018/8/30	3.3	3.3	3.2	3.21	906200	2939451
2018/8/29	3.3	3.31	3.27	3.28	533100	1749603.63
2018/8/28	3.28	3.31	3.27	3.3	770741	2534220.5
2018/8/27	3.26	3.31	3.25	3.3	1156200	3790290
2018/8/24	3.28	3.29	3.24	3.28	951300	3108428
2018/8/23	3.26	3.31	3.23	3.28	1229500	4013619
2018/8/22	3.22	3.31	3.21	3.26	1588300	5181876.5
2018/8/21	3.17	3.28	3.15	3.25	1765977	5706372
2018/8/20	3.19	3.22	3.13	3.17	1782800	5658019
2018/8/17	3.3	3.33	3.16	3.18	2362100	7661355
2018/8/16	3.36	3.36	3.1	3.3	2439900	7984575
2018/8/15	3.43	3.46	3.35	3.35	2862333	9742835
2018/8/14	3.44	3.48	3.4	3.41	4141533	14219899
2018/8/13	3.39	3.62	3.37	3.51	8254600	28308916
2018/8/10	3.79	3.96	3.56	3.64	13448199	50989676
2018/8/9	3.29	3.6	3.25	3.6	4217613	14489266
2018/8/8	3.31	3.35	3.27	3.29	1250500	4136407
2018/8/7	3.21	3.33	3.18	3.33	1939124	6316705.5
2018/8/6	3.3	3.35	3.21	3.23	1486500	4865974
2018/8/3	3.35	3.35	3.26	3.3	1222001	4043674.25
2018/8/2	3.41	3.44	3.25	3.31	3304457	10953957
2018/8/1	3.42	3.52	3.41	3.45	2342357	8151679.5
2018/7/31	3.42	3.47	3.37	3.42	1994113	6823466
2018/7/30	3.57	3.57	3.36	3.42	3826610	13077513
2018/7/27	3.46	3.74	3.46	3.57	5704322	20620532
2018/7/26	3.45	3.65	3.44	3.49	3622099	12799680
2018/7/25	3.37	3.47	3.37	3.43	1901589	6509960.5
2018/7/24	3.31	3.38	3.28	3.38	1449747	4856866.5
2018/7/23	3.24	3.33	3.22	3.31	1932402	6363825
2018/7/20	3.17	3.27	3.15	3.25	1099400	3545815.75
2018/7/19	3.24	3.24	3.15	3.17	1143400	3645485
2018/7/18	3.28	3.3	3.24	3.24	903601	2951129.25
2018/7/17	3.21	3.28	3.2	3.26	1718310	5593284.5
2018/7/16	3.24	3.24	3.17	3.22	985301	3154388.25
2018/7/13	3.24	3.25	3.19	3.23	1428801	4596196
2018/7/12	3.11	3.29	3.09	3.26	1839561	5918027
2018/7/11	3.25	3.25	3.1	3.12	1402300	4416780
2018/7/10	3.21	3.25	3.2	3.23	1485944	4798611.5
2018/7/9	3.12	3.33	3.12	3.25	1788059	5759275.5
2018/7/6	3.07	3.16	3.04	3.14	1792066	5565210
2018/7/5	3.23	3.28	3.07	3.1	1527361	4861167
2018/7/4	3.27	3.39	3.19	3.25	3127323	10259727
2018/7/3	3.15	3.28	3.15	3.27	1743799	5634810.5
2018/7/2	3.23	3.32	3.18	3.2	2138569	6950246
2018/6/29	3.14	3.25	3.14	3.23	1429300	4582710
2018/6/28	3.14	3.26	2.88	3.14	1453482	4617943
2018/6/27	3.2	3.26	3.16	3.2	2293901	7373359
2018/6/26	3.09	3.18	3.03	3.18	2050301	6411223
2018/6/25	3.11	3.16	3.08	3.09	1515200	4732112
2018/6/22	3.04	3.14	2.97	3.09	2635900	8078116
2018/6/21	3.06	3.25	3.03	3.11	4051300	12568649
2018/6/20	3.08	3.15	3.01	3.05	3565951	10973947
2018/6/19	3.31	3.39	3.02	3.06	3014700	9753847
2018/6/15	3.48	3.51	3.26	3.35	1984410	6678290.5
2018/6/14	3.5	3.58	3.44	3.48	1242600	4368377
2018/6/13	3.66	3.69	3.44	3.5	1537500	5542812
2018/6/12	3.66	3.69	3.64	3.69	1011712	3706439.5
2018/6/11	3.69	3.72	3.62	3.65	1256400	4603403
2018/6/8	3.77	3.8	3.66	3.69	1469903	5458682
2018/6/7	3.86	3.88	3.78	3.79	1350900	5172827
2018/6/6	3.89	3.89	3.83	3.87	811100	3129326
2018/6/5	3.86	3.91	3.82	3.89	1021278	3944892.25
2018/6/4	3.95	3.95	3.82	3.87	1258100	4866688
2018/6/1	3.85	3.99	3.81	3.89	1685078	6566824
2018/5/31	3.85	3.91	3.78	3.87	1857000	7145320
2018/5/30	3.98	3.98	3.81	3.85	2052814	7976056.5
2018/5/29	4.07	4.14	3.95	4.05	1916778	7777611
2018/5/28	4.27	4.27	4.1	4.1	1769900	7374245
2018/5/25	4.33	4.33	4.27	4.29	1121400	4812015
2018/5/24	4.33	4.37	4.3	4.33	1910700	8272864
2018/5/23	4.42	4.43	4.33	4.39	1662401	7299776.5
2018/5/22	4.33	4.43	4.28	4.43	1443101	6245796.5
2018/5/21	4.28	4.35	4.26	4.31	1373700	5908759
2018/5/18	4.22	4.29	4.19	4.28	981800	4167753
2018/5/17	4.26	4.3	4.2	4.23	1349700	5723364
2018/5/16	4.35	4.35	4.26	4.27	1465521	6300901.5
2018/5/15	4.31	4.38	4.3	4.35	1135300	4928716
2018/5/14	4.4	4.41	4.26	4.32	915900	3994192
2018/5/11	4.46	4.5	4.41	4.41	830110	3687624.25
2018/5/10	4.47	4.5	4.42	4.46	741613	3301388.5
2018/5/9	4.44	4.52	4.42	4.46	1133800	5065722
2018/5/8	4.39	4.51	4.38	4.46	1153400	5137512
2018/5/7	4.29	4.42	4.27	4.39	1385741	6055199.5
2018/5/4	4.3	4.31	4.21	4.29	756540	3238101.75
2018/5/3	4.2	4.32	4.17	4.31	1611485	6847550.5
2018/5/2	4.35	4.43	4.31	4.32	881800	3830368
2018/4/27	4.4	4.47	4.33	4.38	1213700	5299294
2018/4/26	4.49	4.51	4.35	4.4	1603301	7091524.5
2018/4/25	4.48	4.54	4.47	4.5	1302100	5868517
2018/4/24	4.45	4.54	4.45	4.49	1448940	6510794
2018/4/23	4.51	4.58	4.44	4.47	1298100	5830919
2018/4/20	4.6	4.6	4.52	4.52	2202900	10013262
2018/4/19	4.5	4.63	4.43	4.61	3362910	15160112
2018/4/18	4.44	4.52	4.29	4.48	2053844	9077004
2018/4/17	4.5	4.55	4.33	4.39	2172300	9655524
2018/4/16	4.58	4.74	4.41	4.51	3039115	13803221
2018/4/13	4.59	4.65	4.53	4.59	2116400	9709923
2018/4/12	4.6	4.65	4.53	4.58	3661100	16763168
2018/4/11	4.48	4.93	4.44	4.65	10145176	47514300
2018/4/10	4.36	4.58	4.31	4.49	3417321	15154750
2018/4/9	4.29	4.4	4.23	4.38	2262300	9766405
2018/4/4	4.3	4.38	4.28	4.32	1453810	6309815
2018/4/3	4.38	4.38	4.27	4.3	1886800	8127603
2018/4/2	4.37	4.44	4.35	4.4	2274358	10010496
2018/3/30	4.35	4.42	4.32	4.39	3338107	14533043
2018/3/29	4.34	4.39	4.33	4.35	1273100	5550035
2018/3/28	4.32	4.35	4.26	4.33	1361800	5885427
2018/3/27	4.2	4.38	4.19	4.33	3021918	13030995
2018/3/26	4.13	4.22	3.9	4.2	2223380	9105984
2018/3/23	4.39	4.44	4.12	4.15	3493000	14981465
2018/3/22	4.43	4.55	4.35	4.49	2763100	12363829
2018/3/21	4.38	4.49	4.35	4.47	2245496	9962656
2018/3/20	4.4	4.42	4.25	4.42	3251101	14060672
2018/3/19	4.43	4.44	4.36	4.4	1351301	5947399.5
2018/3/16	4.38	4.46	4.38	4.43	949063	4205298
2018/3/15	4.44	4.44	4.32	4.38	1247800	5464811
2018/3/14	4.51	4.56	4.41	4.44	1266602	5693154
2018/3/13	4.58	4.58	4.51	4.51	1458700	6629282
2018/3/12	4.56	4.6	4.53	4.56	1633000	7435386
2018/3/9	4.47	4.6	4.45	4.54	1976811	8938750
2018/3/8	4.3	4.6	4.24	4.52	4375712	19484794
2018/3/7	4.32	4.34	4.28	4.32	1089300	4686809
2018/3/6	4.23	4.32	4.23	4.31	818674	3508750.75
2018/3/5	4.26	4.29	4.24	4.27	1068300	4549138
2018/3/2	4.22	4.33	4.22	4.27	959104	4100984
2018/3/1	4.18	4.31	4.16	4.28	1506598	6416244.5
2018/2/28	4.19	4.23	4.12	4.2	1233334	5160689.5
2018/2/27	4.22	4.23	4.19	4.2	1211700	5099179
2018/2/26	4.15	4.27	4.12	4.21	3097010	13010988
2018/2/23	4.09	4.14	4.07	4.13	1635700	6719176
2018/2/22	4.06	4.12	4.03	4.09	1599600	6524256
2018/2/14	4.03	4.1	4.01	4.05	1082500	4376333
2018/2/13	4.07	4.14	4.04	4.05	1491100	6083799
2018/2/12	4	4.16	3.98	4.08	1530100	6288398
2018/2/9	3.92	4.16	3.81	4.06	3208900	12848626
2018/2/8	3.91	4.09	3.86	3.99	1611300	6431879
2018/2/7	3.94	3.99	3.85	3.9	2205139	8604320
2018/2/6	4.2	4.2	3.84	3.85	2933200	11738075
2018/2/5	4.23	4.35	4.23	4.25	1971500	8400175
2018/2/2	4.35	4.36	4.13	4.34	1987501	8454276
2018/2/1	4.71	4.81	4.33	4.35	4145966	18836598
2018/1/31	4.75	4.99	4.73	4.75	6475157	31465814
2018/1/30	4.59	4.81	4.56	4.78	3616903	17035994
2018/1/29	4.7	4.72	4.58	4.59	2260903	10488572
2018/1/26	4.71	4.75	4.71	4.71	1059700	5010967.5
2018/1/25	4.72	4.81	4.69	4.73	2357739	11187501
2018/1/24	4.7	4.78	4.67	4.73	3363216	15914497
2018/1/23	4.83	4.84	4.66	4.71	6997969	33203806
2018/1/22	4.92	5.01	4.85	4.89	5495100	27048096
2018/1/19	4.8	5.31	4.74	5.06	14045426	72157056
2018/1/18	4.62	4.83	4.6	4.83	4882421	23079080
2018/1/17	4.6	4.65	4.52	4.64	2127581	9754991
2018/1/16	4.61	4.68	4.57	4.6	1890500	8749259
2018/1/15	4.66	4.7	4.52	4.63	4097300	18864412
2018/1/12	4.66	4.73	4.64	4.67	1384200	6484899
2018/1/11	4.62	4.7	4.56	4.68	2374900	11062271
2018/1/10	4.72	4.74	4.59	4.63	2787284	12938164
2018/1/9	4.75	4.77	4.68	4.72	2061400	9741628
2018/1/8	4.78	4.78	4.7	4.77	2554300	12119147
2018/1/5	4.79	4.83	4.72	4.77	2377808	11359482
2018/1/4	4.81	4.82	4.76	4.8	1418100	6789890
2018/1/3	4.7	4.85	4.69	4.82	3713780	17734300
2018/1/2	4.7	4.75	4.62	4.7	1889521	8876773
2017/12/29	4.66	4.72	4.61	4.69	1360432	6339644.5
2017/12/28	4.6	4.68	4.55	4.63	2147600	9938682
2017/12/27	4.58	4.67	4.58	4.62	2202900	10188708
2017/12/26	4.58	4.66	4.44	4.59	2342908	10682337
2017/12/25	4.79	4.8	4.52	4.57	3723875	17186946
2017/12/22	4.81	4.87	4.75	4.79	1898001	9085210
2017/12/21	4.89	4.91	4.76	4.81	1942000	9376243
2017/12/20	4.94	4.95	4.86	4.89	1618475	7936933
2017/12/19	4.92	5.04	4.9	4.95	2374079	11788732
2017/12/18	5.1	5.15	4.9	4.93	2551500	12813308
2017/12/15	5.12	5.19	4.97	5.15	4245776	21526546
2017/12/14	4.95	5.07	4.92	5.03	2329165	11665693
2017/12/13	4.91	4.95	4.85	4.95	1518200	7456549
2017/12/12	5	5	4.85	4.89	2271601	11172921
2017/12/11	4.99	5.03	4.94	5	2804474	13945353
2017/12/8	4.9	5	4.88	4.99	1606900	7981768
2017/12/7	4.83	4.96	4.68	4.91	3625900	17566128
2017/12/6	4.81	4.89	4.75	4.88	2745300	13251165
2017/12/5	4.98	5.04	4.71	4.81	3079800	15185502
2017/12/4	5.26	5.26	4.96	5.01	3784900	19214158
2017/12/1	5.2	5.3	5.18	5.27	2291801	12012396
2017/11/30	5.27	5.29	5.2	5.22	1446600	7592780
2017/11/29	5.27	5.28	5.22	5.24	1684300	8834222
2017/11/28	5.26	5.3	5.22	5.27	1781500	9354044
2017/11/27	5.32	5.35	5.25	5.25	1182379	6237781
2017/11/24	5.26	5.38	5.23	5.34	1996600	10617808
2017/11/23	5.3	5.4	5.2	5.31	2492600	13252315
2017/11/22	5.35	5.36	5.25	5.3	2675100	14188410
2017/11/21	5.42	5.45	5.31	5.35	2145800	11518952
2017/11/20	5.52	5.52	5.21	5.42	2615300	13921066
2017/11/17	5.71	5.72	5.5	5.52	3786427	21242884
2017/11/16	5.69	5.78	5.6	5.71	1329765	7601866
2017/11/15	5.71	5.74	5.61	5.68	1861500	10571882
2017/11/14	5.77	5.77	5.67	5.7	2030100	11581255
2017/11/13	5.87	5.89	5.73	5.75	3204901	18570494
2017/11/10	5.89	5.9	5.81	5.88	1760284	10318662
2017/11/9	5.91	5.91	5.83	5.89	2247639	13189811
2017/11/8	5.85	5.96	5.84	5.88	2860000	16866524
2017/11/7	5.78	5.9	5.76	5.89	2914970	17096552
2017/11/6	5.74	5.81	5.64	5.77	2151350	12341425
2017/11/3	5.9	5.95	5.71	5.76	2830512	16517722
2017/11/2	5.97	6.01	5.84	5.86	3289700	19445340
2017/11/1	5.95	6.04	5.94	6.01	2245088	13455501
2017/10/31	5.88	5.99	5.88	5.97	1574735	9380888
2017/10/30	5.97	6.02	5.73	5.93	5768645	34181200
2017/10/27	6.05	6.05	5.98	6.01	3703324	22243666
2017/10/26	6.04	6.06	6	6.05	3401817	20517552
2017/10/25	6.02	6.1	6	6.04	2921182	17649766
2017/10/24	6.1	6.14	5.99	6.04	2928800	17779494
2017/10/23	6.05	6.1	6.03	6.1	3325500	20194104
2017/10/20	6.02	6.08	5.97	6.07	2855900	17200824
2017/10/19	6	6.08	5.96	6.02	5532154	33180040
2017/10/18	6.16	6.19	5.96	5.97	7515300	45677400
2017/10/17	6.19	6.25	6.08	6.16	7803248	47990628
2017/10/16	6.55	6.55	6.16	6.2	15884021	100382424
2017/10/13	6.56	7.15	6.43	6.6	25018971	165779696
2017/10/12	6.18	6.84	6.11	6.73	22102249	144107216
2017/10/11	6.08	6.28	6.03	6.22	9486875	58663116
2017/10/10	5.95	6.09	5.92	6.08	3773755	22707364
2017/10/9	5.94	6.02	5.92	5.95	2331350	13885604
2017/9/29	5.85	5.95	5.83	5.94	1843410	10876464
2017/9/28	5.85	5.96	5.83	5.86	1786710	10515831
2017/9/27	5.83	5.91	5.8	5.87	2382979	13938260
2017/9/26	5.89	5.97	5.74	5.8	3795638	22153972
2017/9/25	6.05	6.11	5.88	5.92	3706900	22235284
2017/9/22	6.21	6.24	6.07	6.08	3667800	22445774
2017/9/21	6.15	6.27	6.12	6.21	5461236	33879180
2017/9/20	6.13	6.16	6.08	6.15	2639201	16151685
2017/9/19	6.13	6.15	6.09	6.13	2288730	14003483
2017/9/18	6.1	6.14	6.01	6.13	3331917	20238812
2017/9/15	6.17	6.23	6.03	6.11	3815328	23344756
2017/9/14	6.12	6.25	6.12	6.2	3185512	19668592
2017/9/13	6.12	6.2	6.12	6.16	2589335	15941134
2017/9/12	6.26	6.33	6.16	6.16	4090300	25544550
2017/9/11	6.12	6.31	6.08	6.29	4284198	26631052
2017/9/8	6.17	6.25	6.07	6.13	5821466	35849212
2017/9/7	6.35	6.59	6.23	6.25	13970461	89294688
2017/9/6	5.97	6.15	5.96	6.14	4779522	28994274
2017/9/5	5.98	6.01	5.93	6	2644460	15780693
2017/9/4	6	6	5.89	5.99	4043690	24016454
2017/9/1	5.99	6.03	5.96	5.97	2355107	14094388
2017/8/31	5.95	6.02	5.91	6	2161839	12948607
2017/8/30	5.97	5.99	5.9	5.94	2858100	16998756
2017/8/29	5.92	6.04	5.92	5.96	2849639	17052784
2017/8/28	5.94	5.96	5.89	5.92	2628602	15566780
2017/8/25	5.83	5.91	5.83	5.89	2289823	13449457
2017/8/24	5.86	5.93	5.84	5.85	3066700	18039824
2017/8/23	5.95	5.95	5.84	5.89	2734817	16084725
2017/8/22	5.98	6.01	5.92	5.95	2452213	14599257
2017/8/21	5.9	6.04	5.87	6.01	2882417	17170068
2017/8/18	5.87	5.93	5.83	5.88	2412800	14175179
2017/8/17	5.85	5.95	5.85	5.86	2519592	14819868
2017/8/16	5.78	5.9	5.74	5.9	3434844	20048656
2017/8/15	5.74	5.79	5.68	5.77	3200147	18414920
2017/8/14	5.65	5.73	5.61	5.72	2670700	15167301
2017/8/11	5.65	5.68	5.55	5.64	3373822	18959392
2017/8/10	5.66	5.86	5.62	5.69	5311855	30483372
2017/8/9	5.63	5.7	5.62	5.68	1853390	10486740
2017/8/8	5.6	5.67	5.56	5.63	2095322	11760969
2017/8/7	5.62	5.64	5.53	5.62	3750084	20987752
2017/8/4	5.71	5.71	5.64	5.65	3044065	17291548
2017/8/3	5.68	5.75	5.63	5.71	3924929	22325648
2017/8/2	5.79	5.8	5.68	5.69	2362200	13527668
2017/8/1	5.73	5.83	5.66	5.82	3088914	17746568
2017/7/31	5.72	5.76	5.65	5.73	2739292	15634671
2017/7/28	5.72	5.91	5.66	5.72	3360398	19517954
2017/7/27	5.63	5.78	5.55	5.75	3254089	18516426
2017/7/26	5.67	5.67	5.54	5.62	1741837	9746988
2017/7/25	5.66	5.69	5.58	5.63	2469410	13869006
2017/7/24	5.61	5.7	5.54	5.66	1998198	11243929
2017/7/21	5.66	5.79	5.62	5.64	2291900	13028844
2017/7/20	5.67	5.85	5.61	5.71	2932966	16925110
2017/7/19	5.55	5.69	5.5	5.66	2332172	13038538
2017/7/18	5.43	5.62	5.4	5.59	2776426	15364352
2017/7/17	5.94	5.98	5.46	5.49	4587975	25995404
2017/7/14	5.95	6.04	5.92	5.99	2112478	12675347
2017/7/13	6.11	6.11	5.99	6	2932219	17673830
2017/7/12	6.13	6.16	6	6.11	2700444	16416692
2017/7/11	6.25	6.28	6.1	6.13	4067290	25147142
2017/7/10	6.33	6.34	6.22	6.26	2980212	18675558
2017/7/7	6.32	6.39	6.29	6.34	2544363	16110469
2017/7/6	6.38	6.41	6.3	6.35	2271683	14425567
2017/7/5	6.35	6.42	6.29	6.39	2481789	15763229
2017/7/4	6.4	6.42	6.34	6.35	1486918	9469862
2017/7/3	6.33	6.43	6.28	6.4	2288158	14561080
2017/6/30	6.28	6.39	6.23	6.33	2585502	16349819
2017/6/29	6.28	6.32	6.22	6.3	1981700	12422826
2017/6/28	6.37	6.37	6.22	6.24	1875800	11741346
2017/6/27	6.35	6.42	6.3	6.38	2164700	13751011
2017/6/26	6.34	6.42	6.3	6.35	2952900	18727576
2017/6/23	6.27	6.39	6.17	6.33	3296910	20691776
2017/6/22	6.68	6.68	6.22	6.24	5098100	33048186
2017/6/21	6.78	6.81	6.6	6.68	2607500	17459274
2017/6/20	6.8	6.84	6.73	6.78	1944300	13195762
2017/6/19	6.76	6.88	6.71	6.8	1620501	11011909
2017/6/16	6.82	6.92	6.7	6.8	2176400	14691055
2017/6/15	6.6	6.88	6.55	6.82	4779998	32323898
2017/6/14	6.55	6.65	6.49	6.55	1911725	12550530
2017/6/13	6.52	6.68	6.42	6.57	2507781	16528576
2017/6/12	6.66	6.66	6.45	6.46	2898664	18905500
2017/6/9	6.59	6.79	6.45	6.7	4148591	27425778
2017/6/8	6.68	6.71	6.55	6.57	2661103	17577618
2017/6/7	6.45	6.76	6.44	6.68	4914800	32678284
2017/6/6	6.3	6.9	6.21	6.57	6580500	43309700
2017/6/5	6.18	6.34	6.18	6.28	3302160	20684964
2017/6/2	6.05	6.18	5.88	6.18	3327201	20161298
2017/6/1	6.19	6.19	5.98	6.01	2556301	15515941
2017/5/31	6.23	6.3	6.15	6.17	3024090	18781714
2017/5/26	6.2	6.42	6.13	6.21	4377103	27424456
2017/5/25	5.98	6.52	5.92	6.2	6908590	43067640
2017/5/24	5.88	6	5.71	5.93	3757950	22047486
2017/5/23	6.29	6.29	5.88	5.88	3957600	24088080
2017/5/22	6.32	6.4	6.19	6.25	5793347	36366612
2017/5/19	6.32	6.52	6.32	6.4	3270064	20902718
2017/5/18	6.33	6.42	6.23	6.32	2826200	17936392
2017/5/17	6.32	6.55	6.3	6.38	4986121	32100444
2017/5/16	6.19	6.35	6.05	6.33	3965421	24646924
2017/5/15	6.06	6.3	6.02	6.17	5097915	31556678
2017/5/12	6.16	6.17	5.93	6.06	4192814	25410198
2017/5/11	6.54	6.54	5.99	6.17	6634901	41252864
2017/5/10	6.7	6.83	6.5	6.56	4707500	31467176
2017/5/9	7.1	7.11	6.65	6.77	7505099	50996852
2017/5/8	7.32	7.47	7.06	7.12	4957359	35859864
2017/5/5	7.75	7.97	7.26	7.39	10260084	78273856
2017/5/4	8.22	8.48	8.03	8.07	13637115	112920320
2017/5/2	7.94	8	7.88	7.92	1994027	15795909
2017/4/28	7.87	8.03	7.81	7.99	2283243	18069688
2017/4/27	7.85	7.9	7.62	7.86	2521000	19609732
2017/4/26	7.92	7.96	7.85	7.85	1790000	14141796
2017/4/25	7.91	8	7.85	7.96	2468210	19514956
2017/4/24	8.05	8.06	7.78	7.99	3266001	25902540
2017/4/21	8.13	8.18	7.95	7.99	3834095	30797792
2017/4/20	8.05	8.14	7.96	8.12	3725365	29989050
2017/4/19	8.03	8.08	7.85	8.02	4080471	32374626
2017/4/18	8.41	8.46	7.99	8.05	4043641	33247194
2017/4/17	8.8	8.8	8.37	8.37	4813300	40853392
2017/4/14	8.91	8.95	8.76	8.81	2919427	25861034
2017/4/13	8.77	8.95	8.72	8.9	3812210	33883652
2017/4/12	8.76	8.86	8.67	8.76	3093900	27085134
2017/4/11	8.8	8.84	8.63	8.77	3503986	30635084
2017/4/10	8.94	8.94	8.79	8.84	3375701	29931568
2017/4/7	8.77	8.99	8.77	8.93	3406543	30376158
2017/4/6	8.81	8.83	8.71	8.79	2752844	24165856
2017/4/5	8.65	8.79	8.63	8.75	3469500	30305304
2017/3/31	8.65	8.75	8.6	8.71	2400901	20862696
2017/3/30	8.9	8.9	8.6	8.6	5559749	48412616
2017/3/29	9.05	9.14	8.76	8.89	4116700	37187020
2017/3/28	8.94	9.07	8.92	9.06	3680862	33137224
2017/3/27	9.11	9.26	8.92	8.97	4005992	36164828
2017/3/24	8.83	8.97	8.79	8.92	3408627	30255660
2017/3/23	8.94	8.99	8.69	8.8	3645566	32234012
2017/3/22	8.8	8.93	8.77	8.89	3342621	29622452
2017/3/21	8.95	9.03	8.84	8.84	4470045	39912108
2017/3/20	8.99	9.09	8.87	9.01	4754600	42591628
2017/3/17	8.86	9.25	8.86	8.94	8169464	74098480
2017/3/16	8.71	8.87	8.67	8.87	4630483	40584196
2017/3/15	8.6	8.73	8.58	8.71	4041705	35037752
2017/3/14	8.53	8.62	8.49	8.6	2741728	23425348
2017/3/13	8.38	8.59	8.31	8.52	3514462	29825204
2017/3/10	8.42	8.46	8.38	8.44	1811223	15255023
2017/3/9	8.55	8.57	8.36	8.42	3471610	29423374
2017/3/8	8.66	8.68	8.45	8.51	3438600	29460408
2017/3/7	8.7	8.77	8.67	8.72	3024981	26341244
2017/3/6	8.47	8.74	8.46	8.72	5377446	46440136
2017/3/3	8.34	8.53	8.33	8.48	3159972	26639978
2017/3/2	8.36	8.48	8.31	8.36	3366800	28288566
2017/3/1	8.25	8.57	8.22	8.38	4387359	36939880
2017/2/28	8.2	8.25	8.16	8.21	1701100	13960400
2017/2/27	8.17	8.26	8.09	8.19	2592304	21183772
2017/2/24	8.1	8.23	8.01	8.18	2021345	16481642
2017/2/23	8.07	8.15	8.06	8.11	1741800	14101380
2017/2/22	8.02	8.16	8	8.15	2544100	20532536
2017/2/21	7.99	8.07	7.93	8.06	2315981	18603930
2017/2/20	7.99	8.06	7.86	7.98	5096600	40532240
2017/2/17	8.26	8.26	8.04	8.15	3665036	29832660
2017/2/16	8.14	8.3	8.13	8.26	2519936	20732652
2017/2/15	8.23	8.23	8.08	8.13	2906800	23740520
2017/2/14	8.26	8.31	8.19	8.23	2829940	23293836
2017/2/13	8.36	8.36	8.07	8.27	3857700	31663844
2017/2/10	8.5	8.53	8.33	8.34	2249401	18921480
2017/2/9	8.4	8.52	8.38	8.5	1839000	15578067
2017/2/8	8.37	8.43	8.3	8.4	1433445	11972021
2017/2/7	8.45	8.57	8.38	8.39	2010070	17023602
2017/2/6	8.24	8.45	8.24	8.43	1887702	15691657
2017/2/3	8.34	8.38	8.2	8.26	1536002	12710333
2017/1/26	8.39	8.43	8.32	8.4	1149300	9629821
2017/1/25	8.3	8.46	8.28	8.35	1781901	14900772
2017/1/24	8.34	8.45	8.3	8.33	1461881	12242774
2017/1/23	8.25	8.43	8.22	8.34	1789839	14935646
2017/1/20	8.38	8.39	8.15	8.32	3441601	28565138
2017/1/19	8.22	8.62	8.15	8.4	6256130	53169528
2017/1/18	8.14	8.25	8	8.21	2196795	17937296
2017/1/17	8.01	8.17	7.8	8.13	3406976	27382344
2017/1/16	8.6	8.6	8.2	8.2	5244070	43201480
2017/1/13	8.85	8.86	8.6	8.63	3496053	30506462
2017/1/12	8.74	9.08	8.71	8.86	4518661	40133876
2017/1/11	8.74	8.82	8.7	8.74	2264400	19846360
2017/1/10	8.76	8.83	8.72	8.73	2807850	24642894
2017/1/9	8.85	8.91	8.67	8.73	5760791	50338352
2017/1/6	9.05	9.07	8.88	8.91	4092460	36760768
2017/1/5	9.11	9.23	9.06	9.08	4864206	44383996
2017/1/4	9.19	9.22	9.08	9.18	5265900	48216384
2017/1/3	9.15	9.25	9.09	9.18	4854956	44487184
2016/12/30	9.04	9.18	8.98	9.14	5168923	47096292
2016/12/29	8.86	9.27	8.81	9.03	7308460	66164484
2016/12/28	8.75	8.87	8.75	8.87	3430473	30201246
2016/12/27	8.73	8.87	8.67	8.78	3512066	30874260
2016/12/26	8.83	8.83	8.62	8.73	3052260	26559668
2016/12/23	8.85	8.89	8.78	8.83	3238147	28594136
2016/12/22	8.99	9.02	8.79	8.85	3385647	30069476
2016/12/21	9.02	9.06	8.97	9	3114806	28054318
2016/12/20	8.93	9.15	8.9	9	3708610	33439388
2016/12/19	8.97	9.09	8.87	8.9	4627477	41561984
2016/12/16	8.77	9.07	8.67	9.03	5883508	52172156
2016/12/15	8.52	8.94	8.52	8.79	4437377	38911664
2016/12/14	8.35	8.78	8.27	8.6	6980250	60459692
2016/12/13	8.39	8.44	8.22	8.36	7641127	63329764
2016/12/12	9.36	9.44	8.65	8.65	14661795	131930368
2016/10/27	9.1	9.12	8.98	9.1	5328444	48140216
2016/10/26	9.02	9.15	8.99	9.1	5739990	52048540
2016/10/25	9	9.04	8.96	9.03	3521162	31700332
2016/10/24	9.04	9.09	8.9	9	4246210	38143972
2016/10/21	9.18	9.18	8.98	9.03	4192877	37947724
2016/10/20	9.3	9.31	9.15	9.19	3581850	32926164
2016/10/19	9.23	9.35	9.21	9.29	3178950	29453400
2016/10/18	9.15	9.31	9.11	9.25	3598382	33090256
2016/10/17	9.2	9.35	9.11	9.16	3718795	34417208
2016/10/14	9.37	9.37	9.13	9.22	5605590	51600456
2016/10/13	9.47	9.52	9.38	9.38	3514701	33263824
2016/10/12	9.47	9.55	9.35	9.49	4083201	38481088
2016/10/11	9.38	9.44	9.35	9.44	4540252	42681820
2016/10/10	9.35	9.55	9.28	9.39	4651614	43551880
2016/9/30	9.27	9.36	9.22	9.3	3973468	36891588
2016/9/29	9.18	9.35	9.14	9.26	3519800	32513810
2016/9/28	9.15	9.27	9.05	9.18	2928951	26763276
2016/9/27	9.24	9.35	8.96	9.14	4716744	43037044
2016/9/26	9.31	9.55	9.11	9.15	6433059	60191208
2016/9/23	8.9	9.44	8.9	9.3	9431625	87712568
2016/9/22	9.24	9.3	8.97	8.99	6398427	58467476
2016/9/21	8.65	9.04	8.61	9.04	2138901	19189426
2016/9/20	8.69	8.78	8.57	8.61	2156302	18719432
2016/9/19	8.8	8.85	8.6	8.72	4630951	40216356
2016/9/14	8.68	8.9	8.58	8.8	2491500	21861234
2016/9/13	8.78	8.87	8.59	8.72	4718290	41064864
2016/9/12	8.78	8.98	8.78	8.78	5684300	50278312
2016/9/9	9.28	9.34	9.21	9.24	2944524	27300564
2016/9/8	9.15	9.38	9.15	9.28	3629369	33669720
2016/9/7	9.26	9.32	9.11	9.15	4268174	39250092
2016/9/6	9.44	9.48	9.05	9.26	5781538	53655124
2016/9/5	8.98	9.3	8.86	9.3	6463839	59224544
2016/9/2	8.94	8.95	8.82	8.86	2789536	24772316
2016/9/1	8.78	8.98	8.73	8.82	4516248	39884380
2016/8/31	9.05	9.24	8.78	8.78	5902819	53209488
2016/8/30	9.08	9.12	8.86	8.91	4288969	38455132
2016/8/29	9.16	9.38	9.12	9.12	4441177	41020508
2016/8/26	9.35	9.65	9.15	9.21	4736773	44419984
2016/8/25	9.06	9.5	8.91	9.36	8106681	74380720
2016/8/24	9.29	9.59	9.09	9.25	8948803	83272912
2016/8/23	8.83	9.23	8.65	9.23	8990200	80903760
2016/8/22	9.66	9.66	8.74	8.79	18643302	169937504
2016/8/19	9.03	9.2	9.02	9.2	2523758	23063872
2016/8/18	8.51	8.76	8.34	8.76	7055741	60558708
2016/8/17	7.96	8.34	7.92	8.34	8663821	71711208
2016/8/16	7.86	8.02	7.85	7.94	3876490	30733580
2016/8/15	7.83	8.07	7.8	7.92	9452730	75265952
2016/8/12	7.3	7.69	7.28	7.69	4278128	32266366
2016/8/11	7.45	7.5	7.21	7.32	4314640	31567538
2016/8/10	7.46	7.64	7.44	7.5	2877300	21673684
2016/8/9	7.43	7.48	7.4	7.48	2095770	15621822
2016/8/8	7.35	7.42	7.25	7.4	1877806	13799333
2016/8/5	7.44	7.47	7.36	7.43	1995207	14793356
2016/8/4	7.22	7.47	7.22	7.45	2405286	17663726
2016/8/3	7.32	7.35	7.2	7.25	1601950	11671924
2016/8/2	7.18	7.29	7.15	7.23	1546200	11156760
2016/8/1	7.37	7.4	7.1	7.18	3211321	23112566
2016/7/29	7.49	7.5	7.25	7.37	2352695	17276794
2016/7/28	7.65	7.68	7.24	7.46	3842180	28729248
2016/7/27	7.97	8	7.62	7.62	6629044	51494492
2016/7/26	7.88	8.13	7.8	8.02	6265095	49871800
2016/7/25	7.95	8.1	7.78	7.85	5165125	41159696
2016/7/22	7.81	7.93	7.68	7.89	4289944	33458154
2016/7/21	7.81	7.88	7.74	7.81	4004433	31276692
2016/7/20	7.57	7.93	7.55	7.84	6869713	53465168
2016/7/19	7.48	7.57	7.45	7.55	2867493	21579912
2016/7/18	7.53	7.53	7.41	7.51	2925835	21830200
2016/7/15	7.65	7.67	7.5	7.53	3207220	24233672
2016/7/14	7.66	7.7	7.61	7.65	2826051	21626714
2016/7/13	7.65	7.7	7.52	7.66	3823454	29101410
2016/7/12	7.77	7.77	7.38	7.64	6791980	51420600
2016/7/11	7.9	8.07	7.77	7.77	4449057	35065628
2016/7/8	7.99	8.07	7.86	7.92	3985000	31690808
2016/7/7	7.82	8.16	7.71	8.04	5922561	46940528
2016/7/6	7.72	7.79	7.62	7.78	4968855	38458280
2016/7/5	7.65	7.79	7.64	7.72	4472965	34495256
2016/7/4	7.63	7.69	7.59	7.67	4177679	31955314
2016/7/1	7.67	7.74	7.56	7.63	3450649	26395800
2016/6/30	7.65	7.76	7.59	7.66	4055739	31116960
2016/6/29	7.75	7.75	7.56	7.62	5857257	44804816
2016/6/28	7.27	7.67	7.22	7.67	6892269	51577728
2016/6/27	7.19	7.33	7.13	7.3	3914365	28390332
2016/6/24	7.45	7.49	7.07	7.25	7960609	57719632
2016/6/23	7.33	7.52	7.33	7.44	6192987	46115232
2016/6/22	7.51	7.51	7.24	7.3	10762131	78283592
2016/6/21	7.62	8.02	7.62	7.62	11761126	90210464
2016/6/20	8.02	8.07	8.02	8.02	3368700	27023608
2016/6/17	8.37	8.47	8.35	8.44	3198777	26913790
2016/6/16	8.58	8.58	8.3	8.34	3660664	30784898
2016/6/15	8.2	8.63	8.17	8.56	4227241	35763312
2016/6/14	8.46	8.65	8.23	8.23	7890121	65604972
2016/6/13	9.02	9.02	8.66	8.66	5066326	44529896
2016/6/8	9.37	9.4	9	9.12	4796357	43798468
2016/6/7	9.61	9.61	9.28	9.32	4774301	44776216
2016/6/6	9.72	9.78	9.54	9.61	2946532	28398600
2016/6/3	9.7	9.8	9.6	9.71	4735442	45755360
2016/6/2	9.64	9.88	9.62	9.75	3480824	33892436
2016/6/1	9.45	9.9	9.4	9.72	7947553	76452384
2016/5/31	9.5	9.55	9.32	9.49	9521976	89933904
2016/5/30	8.86	9.27	8.86	9.27	6486362	59382420
2016/5/27	8.76	8.94	8.71	8.83	3346711	29629976
2016/5/26	8.63	8.79	8.52	8.78	4032225	34976456
2016/5/25	9.03	9.18	8.5	8.65	6397684	56638384
2016/5/24	8.8	9.05	8.7	8.85	8926712	79368592
2016/5/23	8.39	8.81	8.33	8.81	9233375	79069048
2016/5/20	8.51	8.71	8.39	8.39	9882312	83084096
2016/5/19	8.83	8.99	8.83	8.83	11597564	102773888
2016/5/18	9.29	9.39	9.29	9.29	3139600	29178860
2016/5/17	10.18	10.18	9.6	9.78	9317366	91560608
2016/5/16	9.99	10.11	9.66	10.1	8822314	88284536
2016/5/13	9.48	10.19	9.43	9.63	8972502	87819584
2016/5/12	9.92	10.2	9.9	9.9	3843100	38085924
2016/5/11	10.88	11.1	10.42	10.42	10839272	114179656
2016/5/10	11.02	11.34	10.97	10.97	5185747	57077808
2016/5/9	11.73	11.8	11.55	11.55	1776800	20567316
2016/5/6	12.93	12.97	12.16	12.16	10672574	131361792
2016/5/5	12.9	13.08	12.75	12.8	5142380	66253772
2016/5/4	12.61	13.13	12.61	12.89	6479024	83909600
2016/5/3	12.46	12.95	12.46	12.78	17627055	223020112
2016/4/29	13.12	13.12	13.12	13.12	1628800	21369856
2016/4/27	13.45	14.15	13.39	13.81	12241342	169281808
2016/4/26	13.3	13.58	13.19	13.5	6214059	83407160
2016/4/25	13.63	13.92	13.1	13.29	7006524	93848944
2016/4/22	13.2	13.96	13.01	13.79	8892070	120935624
2016/4/21	13.4	13.66	13.2	13.35	8781812	118137328
2016/4/20	14.5	14.7	13.08	13.4	14855798	204695680
2016/4/19	14.45	14.8	14.11	14.5	12758703	184478880
2016/4/18	14.41	15.47	14.22	14.25	25483502	378300320
2016/4/15	13.45	14.85	13.35	14.7	21902258	310666208
2016/4/14	13.11	13.87	12.93	13.69	18761719	250776688
2016/4/13	12.99	13.25	12.86	13.11	16857220	219796832
2016/4/12	12.97	13.26	12.65	12.9	12266683	158939600
2016/4/11	13.3	13.6	12.98	13	15118359	200734016
2016/4/8	12.5	13.29	12.35	13.24	18748686	242220864
2016/4/7	12.42	13.09	12.04	12.62	19845123	249442048
2016/4/6	11.53	12.74	11.52	12.41	18244083	223424128
2016/4/5	11.48	11.72	11.3	11.62	8735672	100710096
2016/4/1	11.42	11.58	10.9	11.48	8963447	100419592
2016/3/31	11.34	11.58	11.25	11.42	6985185	79517888
2016/3/30	11	11.32	11	11.26	6648976	74375048
2016/3/29	11.4	11.42	10.86	10.95	5237693	58036940
2016/3/28	11.62	11.79	11.31	11.37	6448370	74701616
2016/3/25	11.48	11.73	11.42	11.56	5427564	62770072
2016/3/24	11.82	11.97	11.58	11.58	8688974	102395416
2016/3/23	11.4	12.01	11.3	11.98	11650701	136904240
2016/3/22	11.58	11.58	11.35	11.47	8279013	94773328
2016/3/21	11.6	11.9	11.41	11.61	11432968	132701720
2016/3/18	11.11	11.56	11.09	11.45	11790906	133747816
2016/3/17	10.78	11.17	10.72	11.09	7620918	83721128
2016/3/16	11.1	11.2	10.73	10.79	5111600	55961224
2016/3/15	11.08	11.19	10.77	10.86	6855023	74774920
2016/3/14	11	11.35	10.95	11.18	8248294	92319720
2016/3/11	10.7	10.96	10.5	10.86	7051853	76042832
2016/3/10	10.43	10.88	10.31	10.6	9736888	103505840
2016/3/9	10.33	10.63	10.18	10.44	5508925	57268912
2016/3/8	10.58	10.64	9.97	10.58	5636562	58160112
2016/3/7	10.3	10.79	10.3	10.58	7420031	78550560
2016/3/4	10.86	10.96	10	10.18	6542919	68324408
2016/3/3	10.76	11.07	10.67	10.87	7183957	78006576
2016/3/2	10.18	10.91	10.11	10.76	8101014	85395184
2016/3/1	9.93	10.3	9.53	10.17	7697782	77438008
2016/2/29	10.94	11	9.86	9.93	10149953	102573400
2016/2/26	11.56	11.56	10.62	10.95	9487126	106090752
2016/2/25	12.51	12.74	11.33	11.33	11317245	134791232
2016/2/24	12.89	12.97	12.01	12.59	8688794	108848832
2016/2/23	12.79	13.09	12.5	12.7	8926289	113803984
2016/2/22	12.2	13.14	12.08	12.89	10536380	131697968
2016/2/19	11.84	12.24	11.73	11.99	7912276	94937328
2016/2/18	12.25	12.45	11.73	11.84	9471740	113143248
2016/2/17	11.88	12.34	11.79	12.22	9881695	120094296
2016/2/16	11	11.88	10.94	11.88	9563610	109531096
2016/2/15	10.14	11	10.14	10.8	4376520	46844568
2016/2/5	11.32	11.45	10.95	11	5266846	58808508
2016/2/4	11.31	11.56	11.21	11.38	7665185	87351544
2016/2/3	10.9	11.44	10.7	11.31	7500912	83481928
2016/2/2	10.4	11	10.4	11	7300794	78887952
2016/2/1	10.6	10.97	10.11	10.35	8026805	84898272
2016/1/29	9.46	11.26	9.46	10.91	15238613	155583600
2016/1/28	11.4	11.68	10.47	10.47	10652423	118153312
2016/1/27	12.3	12.38	10.96	11.63	10469742	120342624
2016/1/26	13.18	13.44	12.09	12.18	8092342	103676976
2016/1/25	13.5	13.65	13.1	13.43	5500689	73866880
2016/1/22	13.4	13.55	12.41	13.28	9790186	128364624
2016/1/21	13.5	14.1	13	13.01	9912388	134994688
2016/1/20	13.61	14.26	13.59	13.88	14012756	195493488
2016/1/19	12.22	13.54	12.22	13.54	13354653	174796640
2016/1/18	11.71	12.59	11.62	12.31	9623094	118352120
2016/1/15	12.28	12.79	12	12.08	11348564	140714016
2016/1/14	11.5	12.65	11.41	12.36	13418535	160804416
2016/1/13	13.65	13.89	12.29	12.29	14208155	182946704
2016/1/12	14.45	14.6	12.7	13.65	12222580	167913072
2016/1/11	14.86	15.25	13.99	14.1	12823653	187847136
2016/1/8	16.1	16.35	14	14.85	12857035	196057216
2016/1/7	16.9	16.9	15.47	15.47	3200369	50985548
2016/1/6	17.16	17.44	16.67	17.19	10974146	187021616
2016/1/5	16.2	17.71	16.19	17.1	18873540	319684544
2016/1/4	18.65	19.38	16.7	16.83	10940164	198538656
2015/12/31	18.82	19.42	18.31	18.5	12097130	229411216
2015/12/30	18.29	19.1	18.15	18.9	14119193	264053520
2015/12/29	17.3	18.18	17.08	18.16	12225538	215376352
2015/12/28	18.13	18.37	17.01	17.02	16313256	288918688
2015/12/25	17.89	18.63	17.86	18.4	9639755	177372496
2015/12/24	17.93	18.46	17.71	17.99	11141876	201136288
2015/12/23	18.8	18.93	17.88	17.96	16614464	305288640
2015/12/22	19.1	19.49	18.65	19	13823630	262731392
2015/12/21	18.48	19.3	18.08	19.25	19487055	365787904
2015/12/18	17.98	19.1	17.71	18.23	21622745	396292704
2015/12/17	17.71	18.17	17.3	17.9	19088717	338507328
2015/12/16	18	18.19	17.1	17.48	23289740	409313088
2015/12/15	16.07	17.4	16.07	17.4	16732921	286707328
2015/12/14	15.29	15.82	15.16	15.82	10337420	159808096
2015/12/11	15.51	15.73	15.13	15.48	9381773	145186928
2015/12/10	15.4	15.66	14.92	15.43	15173279	232885568
2015/12/9	16.13	16.39	15.05	15.32	23205763	362360128
2015/12/8	16.29	16.9	16.02	16.09	23041322	381019488
2015/12/7	15.68	16.34	15.3	16.34	20941753	331408608
2015/12/4	14.84	15.78	14.67	15.3	17746887	271960320
2015/12/3	14.66	15.16	14.53	14.83	13277655	196912800
2015/12/2	14.85	14.85	13.7	14.39	20266791	290131328
2015/12/1	16.05	16.49	14.89	14.99	24920566	392387104
2015/11/30	14.97	15.89	14.8	15.8	23765693	366182496
2015/11/27	16.3	16.66	14.64	14.98	29817425	468953696
2015/11/26	16.2	17.2	15.83	16.01	28242666	468160064
2015/11/25	14.1	15.72	14.02	15.72	25646054	389081344
2015/11/24	13.8	14.35	13.4	14.29	19242935	264944048
2015/11/23	14.6	14.91	13.84	13.98	29427532	422783296
2015/11/20	13.89	14.99	13.74	14.85	33889171	489008384
2015/11/19	13.8	15	13.6	14.03	40230770	568704064
2015/11/18	12.8	14.14	12.8	14.02	39323167	537694528
2015/11/17	12.83	13.4	12.53	12.85	34684075	446340544
2015/11/16	11.06	12.4	11.01	12.4	28470485	341095840
2015/11/13	10.96	11.8	10.84	11.27	17791954	202731584
2015/11/12	11.21	11.57	11	11.2	17145240	192937488
2015/11/11	10.9	11.61	10.76	11.33	21432599	241451504
2015/11/10	10.71	11.22	10.58	10.92	27161093	294009504
2015/11/9	9.78	10.86	9.78	10.85	31284427	332526976
2015/11/6	9.9	9.97	9.75	9.87	13994362	137986816
2015/11/5	9.82	10.18	9.75	9.83	14427296	143440960
2015/11/4	9.64	9.89	9.54	9.87	11966099	116579072
2015/11/3	9.13	9.65	9.1	9.63	12973911	121879240
2015/11/2	9.19	9.44	9	9.09	12846029	118350832
2015/10/30	9.74	9.9	9.22	9.51	10843505	104079712
2015/10/29	9.6	9.9	9.46	9.76	12785213	124208112
2015/10/28	10.3	10.3	9.3	9.53	20958029	207054704
2015/10/27	9.85	10.4	9.85	10.24	18996990	193770832
2015/10/26	10.9	10.99	9.92	10	33574924	345489536
2015/10/23	11.02	11.23	10.76	10.88	26860897	294374976
2015/10/22	10.61	11.2	10.22	11.15	28549294	307298368
2015/10/21	10.68	11.5	9.91	10.57	37872878	408705280
2015/10/20	10.68	11.07	10.5	10.76	29058168	313124384
2015/10/19	10.05	10.96	9.77	10.8	42839935	444934176
2015/10/16	9.66	10.35	9.51	10.01	34718234	346416960
2015/10/15	9.48	9.69	9.33	9.61	24492079	233192608
2015/10/14	9.26	9.78	9.22	9.33	25852427	244656528
2015/10/13	9.18	9.66	8.9	9.37	46795510	433437920
2015/10/12	9.17	10.3	9.17	9.7	76794426	720404480
2015/10/9	10.19	10.19	10.19	10.19	432700	4409213
2015/4/13	11.47	11.5	11	11.32	15196130	171342704
2015/4/10	11.28	11.88	11.11	11.42	14036551	162294304
2015/4/9	11.55	11.57	10.98	11.36	15189351	171704704
2015/4/8	11.93	12.03	11.01	11.75	27933123	322286752
2015/4/7	11.13	12.24	11.1	11.87	30024271	354644800
2015/4/3	10.24	11.13	10	11.13	30926408	333487040
2015/4/2	9.38	10.32	9.3	10.12	21900251	216342000
2015/4/1	9.13	9.48	9.09	9.39	21231441	198160976
2015/3/31	8.92	9.21	8.62	9.13	23190545	208202256
2015/3/30	9.9	9.9	8.99	9.03	44235432	409372992
2015/3/27	9.8	10.13	9.72	9.99	9014007	89380424
2015/3/26	9.83	10.19	9.73	9.86	11952534	118105240
2015/3/25	10	10.05	9.71	9.93	10748638	106341472
2015/3/24	10.01	10.3	9.6	10.04	18567202	185670464
2015/3/23	9.5	10.17	9.39	10.05	17864143	175662608
2015/3/20	9.5	9.65	9.35	9.56	8757213	83408168
2015/3/19	9.42	9.68	9.39	9.51	9752954	92793520
2015/3/18	9.5	9.55	9.35	9.49	9471143	89481632
2015/3/17	9.57	9.69	9.4	9.54	19118964	181483664
2015/3/16	9.5	9.93	9.22	9.63	14202615	137016240
2015/3/13	8.75	9.63	8.75	9.57	13740835	127405352
2015/3/12	9.3	9.39	8.78	8.99	14287823	127995296
2015/3/11	8.91	9.51	8.8	9.22	17598529	163471056
2015/3/10	8.7	8.94	8.66	8.89	9024853	79040392
2015/3/9	8.79	8.96	8.4	8.82	18419444	160395760
2015/3/6	8	8.8	7.96	8.8	21941231	185421360
2015/3/5	8.04	8.05	7.88	8	9177999	73129424
2015/3/4	7.92	8.06	7.76	8.04	15170702	120167008
2015/3/3	8.1	8.26	7.93	8.02	9840406	79474336
2015/3/2	8.03	8.22	7.83	8.1	10979755	88048528
2015/2/27	7.72	8.35	7.7	7.99	14359881	115382928
2015/2/26	7.64	7.79	7.61	7.72	6405785	49319780
2015/2/25	7.75	7.97	7.61	7.68	11809469	91800792
2015/2/17	7.34	7.85	7.22	7.75	11331775	84836384
2015/2/16	7.21	7.49	7.2	7.32	10577779	77879376
2015/2/13	7.03	7.38	7	7.21	14859824	107124600
2015/2/12	6.72	7.02	6.66	7	10475058	72158200
2015/2/11	6.43	6.76	6.43	6.71	5932152	39570584
2015/2/10	6.39	6.49	6.38	6.44	2320136	14959615
2015/2/9	6.3	6.52	6.29	6.44	4831525	31057748
2015/2/6	6.47	6.52	6.28	6.29	3853292	24516192
2015/2/5	6.5	6.59	6.4	6.47	6912875	44729476
2015/2/4	6.84	6.84	6.48	6.53	9231162	61319568
2015/2/3	6.7	6.93	6.7	6.8	6084150	41403472
2015/2/2	6.78	6.97	6.72	6.73	8936565	61190528
2015/1/30	6.88	6.97	6.75	6.87	8979923	61379976
2015/1/29	6.52	6.98	6.5	6.86	14879860	100894944
2015/1/28	6.59	6.7	6.49	6.62	8586775	56720504
2015/1/27	6.5	6.69	6.45	6.61	11011752	72090176
2015/1/26	6.42	6.62	6.35	6.56	9843538	64228700
2015/1/23	6.65	6.71	6.46	6.5	10431120	68484016
2015/1/22	6.53	6.78	6.43	6.7	16103626	106994896
2015/1/21	6.05	6.57	6.05	6.52	18900202	121081336
2015/1/20	5.73	6.05	5.73	6.04	8072328	48105812
2015/1/19	5.92	6.08	5.66	5.78	7985135	47337292
2015/1/16	5.95	6.05	5.89	5.98	7355277	43856008
2015/1/15	5.89	5.96	5.83	5.94	5396414	31849672
2015/1/14	5.78	5.96	5.73	5.89	5091608	29792652
2015/1/13	5.65	5.78	5.61	5.77	2795642	15997502
2015/1/12	5.85	5.85	5.67	5.68	5509500	31576804
2015/1/9	5.97	6.05	5.9	5.9	6842209	40863068
2015/1/8	5.94	5.99	5.86	5.96	6075587	35977444
2015/1/7	5.99	6.04	5.81	5.94	7169784	42393556
2015/1/6	5.79	6	5.71	5.97	8848081	52382852
2015/1/5	5.67	5.84	5.66	5.79	6400497	36921992
2014/12/31	5.55	5.76	5.52	5.71	5259133	29808030
2014/12/30	5.75	5.83	5.54	5.58	6158917	35002812
2014/12/29	6	6	5.7	5.76	7405331	43035580
2014/12/26	6.03	6.08	5.9	5.99	7545857	45276464
2014/12/25	5.95	6.02	5.84	6.02	10214328	60607452
2014/12/24	5.55	6.07	5.53	5.98	15880442	92446128
2014/12/23	5.68	5.7	5.5	5.53	9615461	54052844
2014/12/22	6.19	6.19	5.62	5.62	15015575	85830648
2014/12/19	6.53	6.53	6.05	6.24	12996666	81323160
2014/12/18	6.64	6.77	6.55	6.56	6767840	44829636
2014/12/17	6.91	6.91	6.6	6.64	8347105	55868552
2014/12/16	6.98	7.08	6.8	6.93	8300924	57322476
2014/12/15	6.91	7.07	6.68	7.02	9959204	68775360
2014/12/12	6.93	7.06	6.88	6.97	10441583	72900120
2014/12/11	6.6	6.97	6.54	6.94	14175904	95599456
2014/12/10	6.35	6.7	6.21	6.65	13157726	85436640
2014/12/9	6.96	6.96	6.3	6.3	18541136	123897640
2014/12/8	7.24	7.24	6.92	7	16858921	118105592
2014/12/5	7.6	7.6	6.91	7.21	18672981	135894320
2014/12/4	7.52	7.75	7.5	7.64	17854635	136328336
2014/12/3	7.8	7.82	7.38	7.64	32850704	250697216
2014/12/2	7.83	8.45	7.63	8.06	39279323	309488224
2014/12/1	9.2	9.39	8.37	8.48	17541263	154421424
2014/11/28	8.4	9.24	8.3	9.24	16828370	150113872
2014/11/27	8.21	8.45	8.06	8.4	9607941	79272336
2014/11/26	8.28	8.48	8.03	8.2	14297931	118471912
2014/11/25	8.2	8.48	8.08	8.37	12206116	101943344
2014/11/24	7.73	8.33	7.57	8.15	18002740	145371824
2014/11/21	7.43	7.75	7.4	7.72	10398665	79562552
2014/11/20	7.26	7.66	7.26	7.43	10580908	79370184
2014/11/19	7.35	7.47	7.24	7.35	7059215	51852344
2014/11/18	6.98	7.5	6.98	7.39	10508066	77193832
2014/11/17	6.78	7.03	6.63	6.98	5440432	37614816
2014/11/14	6.94	7.05	6.81	6.81	4478762	31091388
2014/11/13	6.99	7.09	6.83	6.96	4097961	28518452
2014/11/12	6.83	6.98	6.65	6.98	4865289	33355786
2014/11/11	7.14	7.2	6.73	6.89	9269901	64315980
2014/11/10	7.29	7.39	6.98	7.16	9402624	67263016
2014/11/7	7.44	7.54	7.17	7.25	7834689	57409704
2014/11/6	7.36	7.58	7.24	7.44	8236551	60911448
2014/11/5	6.96	7.47	6.96	7.37	11554492	83601528
2014/11/4	6.78	6.98	6.68	6.96	6964810	47771000
2014/11/3	6.83	7.08	6.6	6.75	9538767	65339372
2014/10/31	6.55	6.99	6.45	6.79	12338958	83352496
2014/10/30	6.48	6.65	6.42	6.5	10664088	70040736
2014/10/29	6.5	6.55	6.28	6.48	11776104	75632064
2014/10/28	6.07	6.63	6.07	6.43	14119176	90099336
2014/10/27	5.85	6.09	5.81	6.07	6861493	40998036
2014/10/24	5.5	5.82	5.5	5.81	7175272	40726692
2014/10/23	5.91	5.95	5.53	5.56	8001482	45568832
2014/10/22	5.95	6.02	5.9	5.93	3196353	19029454
2014/10/21	6.07	6.12	5.93	5.93	5190122	31318478
2014/10/20	5.97	6.13	5.91	6.07	4752402	28659100
2014/10/17	6.14	6.19	5.87	6	7800595	46745444
2014/10/16	6.21	6.34	6.13	6.16	5533264	34549424
2014/10/15	6.25	6.29	6.16	6.26	5990267	37265504
2014/10/14	6.2	6.31	6.1	6.27	6541177	40543596
2014/10/13	6.31	6.33	6.06	6.2	7431664	45898268
2014/10/10	6.33	6.36	6.26	6.35	6754432	42589624
2014/10/9	6.43	6.5	6.27	6.37	11581266	73824456
2014/10/8	6.17	6.53	6.17	6.44	9855580	62655688
2014/9/30	6.13	6.23	6.04	6.21	9784516	60354256
2014/9/29	6.08	6.23	6.05	6.14	9240939	56764848
2014/9/26	6.1	6.23	5.89	6.07	15074941	90515552
2014/9/25	6.26	6.39	6	6.09	11007435	68458600
2014/9/24	6.12	6.45	6.12	6.25	13624026	86321864
2014/9/23	6.02	6.2	6	6.15	7758553	47371260
2014/9/22	6	6.13	5.9	6.07	9366084	56337108
2014/9/19	6.14	6.3	6.07	6.12	10559712	64877504
2014/9/18	6.35	6.65	6.13	6.19	22082606	139351760
2014/9/17	5.67	6.2	5.51	6.2	26136035	156466112
2014/9/16	5.8	6.13	5.56	5.64	14948898	88038064
2014/9/15	5.85	5.9	5.75	5.84	8575053	49879600
2014/9/12	5.73	5.85	5.63	5.85	12137061	69928616
2014/9/11	5.56	5.93	5.55	5.72	17088459	98237552
2014/9/10	5.51	5.62	5.42	5.61	11268009	62420468
2014/9/9	5.32	5.55	5.27	5.51	11731953	63551900
2014/9/5	5.28	5.47	5.22	5.3	9613113	51194236
2014/9/4	5.29	5.33	5.25	5.29	6083796	32161770
2014/9/3	5.21	5.41	5.2	5.28	11226029	59528456
2014/9/2	5.07	5.25	5.05	5.2	7425460	38535620
2014/9/1	5	5.07	4.96	5.05	6154646	30953592
2014/8/29	4.91	5.02	4.89	4.98	4853995	24005250
2014/8/28	5	5.13	4.91	4.92	8824647	43855356
2014/8/27	5.16	5.2	5.05	5.08	5717915	29264280
2014/8/26	5.05	5.24	5.02	5.11	10756491	55290816
2014/8/25	5.27	5.27	5.04	5.09	12629104	64848980
2014/8/22	5.3	5.59	5.14	5.25	28788808	153093920
2014/8/21	5.01	5.52	4.98	5.39	37162528	200842416
2014/8/20	4.96	5.02	4.89	5.02	8205840	40520580
2014/8/19	5.02	5.02	4.86	4.95	10410254	51496928
2014/8/18	4.89	5.05	4.83	5	11051867	54855864
2014/8/15	4.74	4.84	4.74	4.83	7136961	34294140
2014/8/14	4.75	4.9	4.71	4.75	10538879	50729416
2014/8/13	4.74	4.76	4.65	4.75	5986732	28163286
2014/8/12	4.7	4.74	4.67	4.74	6444726	30331148
2014/8/11	4.65	4.71	4.62	4.7	5045225	23558420
2014/8/8	4.62	4.66	4.58	4.64	7052935	32573612
2014/8/7	4.74	4.75	4.63	4.63	6206789	29122036
2014/8/6	4.76	4.77	4.66	4.75	7148937	33694588
2014/8/5	4.7	4.76	4.66	4.75	5899812	27768646
2014/8/4	4.63	4.75	4.61	4.71	7789686	36504392
2014/8/1	4.77	4.82	4.66	4.67	12497881	59222848
2014/7/31	4.61	4.94	4.58	4.82	20978864	100396672
2014/7/30	4.56	4.67	4.49	4.64	11560226	52809344
2014/7/29	4.59	4.61	4.52	4.57	8835368	40312760
2014/7/28	4.45	4.58	4.45	4.57	9732331	43923740
2014/7/25	4.47	4.48	4.42	4.47	5622571	25050980
2014/7/24	4.44	4.48	4.33	4.46	7628415	33671284
2014/7/23	4.56	4.56	4.4	4.42	10898146	48651996
2014/7/22	4.55	4.66	4.46	4.57	15649985	71330448
2014/7/21	4.42	4.64	4.37	4.61	23699928	107229760
2014/7/18	4.23	4.52	4.2	4.49	18976679	83108592
2014/7/17	4.28	4.29	4.2	4.23	4189819	17756818
2014/7/16	4.28	4.3	4.23	4.28	6284575	26848168
2014/7/15	4.28	4.28	4.23	4.28	6241335	26571698
2014/7/14	4.23	4.32	4.22	4.3	6375987	27317102
2014/7/11	4.17	4.22	4.14	4.22	5080466	21297106
2014/7/10	4.15	4.2	4.13	4.17	5069405	21106152
2014/7/9	4.3	4.32	4.14	4.17	10729389	45255132
2014/7/8	4.35	4.38	4.25	4.31	8340367	35767032
2014/7/7	4.34	4.43	4.31	4.37	11645308	50888996
2014/7/4	4.19	4.44	4.17	4.36	22729709	98785184
2014/7/3	4.15	4.21	4.14	4.19	7272460	30401816
2014/7/2	4.14	4.18	4.12	4.17	5432825	22560330
2014/7/1	4.12	4.16	4.09	4.15	6285189	25921654
2014/6/30	4.15	4.17	4.08	4.11	9211904	37894164
2014/6/27	4.13	4.21	4.11	4.16	6823986	28365538
2014/6/26	4.12	4.14	4.1	4.13	5090051	20990410
2014/6/25	4.09	4.14	4.03	4.12	5872659	24024938
2014/6/24	4.09	4.13	4.07	4.09	6365620	26077166
2014/6/23	4.03	4.15	4	4.1	10250790	41754400
2014/6/20	4	4.04	3.95	4.02	6428474	25731772
2014/6/19	4.25	4.29	3.96	4.01	17206892	70914680
2014/6/18	4.3	4.37	4.27	4.27	11808448	51022440
2014/6/17	4.34	4.35	4.26	4.33	13230185	56958972
2014/6/16	4.41	4.41	4.31	4.34	15167575	66042288
2014/6/13	4.36	4.44	4.36	4.41	14408790	63506332
2014/6/12	4.5	4.59	4.38	4.41	30292431	134484128
2014/6/11	4.72	4.73	4.63	4.71	16045843	75249384
2014/6/10	4.72	4.8	4.62	4.77	33830341	159128720
2014/6/9	5.4	5.4	4.87	4.87	42659055	214485264
2014/6/6	5.78	5.79	5.32	5.41	34443478	189345616
2014/6/5	5.06	5.59	4.97	5.59	31340563	171607424
2014/6/4	4.85	5.31	4.79	5.08	23614087	120310608
2014/6/3	4.78	4.91	4.69	4.86	10180847	48665992
2014/5/30	4.58	5.01	4.51	4.83	19637319	94018184
2014/5/29	4.46	4.56	4.42	4.56	5655274	25503346
2014/5/28	4.38	4.51	4.36	4.46	4666781	20772104
2014/5/27	4.38	4.46	4.36	4.4	4366717	19306558
2014/5/26	4.35	4.44	4.28	4.39	3972221	17398176
2014/5/23	4.25	4.38	4.23	4.3	3013723	12973824
2014/5/22	4.29	4.35	4.25	4.27	1130671	4858540
2014/5/21	4.27	4.36	4.21	4.29	2371899	10158839
2014/5/20	4.22	4.37	4.15	4.27	4273738	18232348
2014/5/19	4.22	4.32	4.15	4.2	2929298	12421562
2014/5/16	4.18	4.26	4.18	4.22	1307152	5519700.5
2014/5/15	4.16	4.23	4.15	4.2	2192389	9211718
2014/5/14	4.22	4.26	4.15	4.2	2732045	11469387
2014/5/13	4.13	4.33	4.09	4.23	4105273	17291212
2014/5/12	4.15	4.15	4.01	4.13	3240094	13256310
2014/5/9	4.04	4.12	4.01	4.1	2625506	10707595
2014/5/8	4.03	4.13	4.01	4.05	2589633	10557422
2014/5/7	3.96	4.13	3.92	4.03	4151579	16794526
2014/5/6	3.89	4.03	3.89	3.98	2479080	9854341
2014/5/5	3.91	3.93	3.85	3.91	2505750	9735129
2014/4/30	3.91	3.95	3.86	3.93	2673324	10453925
2014/4/29	3.86	3.96	3.8	3.91	1972463	7644466
2014/4/28	4.23	4.23	3.8	3.87	3962539	15695808
2014/4/25	4.28	4.37	4.22	4.22	2682662	11552490
2014/4/24	4.21	4.31	4.21	4.29	1589975	6801684.5
2014/4/23	4.3	4.3	4.21	4.24	2378740	10112040
2014/4/22	4.3	4.35	4.24	4.31	2870815	12281950
2014/4/21	4.45	4.54	4.3	4.35	3668512	16280997
2014/4/18	4.42	4.47	4.41	4.46	2224597	9884102
2014/4/17	4.47	4.51	4.44	4.45	3791278	16927832
2014/4/16	4.36	4.47	4.36	4.47	6206783	27506404
2014/4/15	4.31	4.37	4.27	4.37	3441935	14877167
2014/4/14	4.29	4.33	4.26	4.31	2449308	10503557
2014/4/11	4.27	4.37	4.24	4.34	3364298	14519767
2014/4/10	4.29	4.32	4.23	4.29	4031973	17278948
2014/4/9	4.25	4.3	4.21	4.3	2694422	11507078
2014/4/8	4.2	4.27	4.17	4.25	3182745	13446681
2014/4/4	4.13	4.25	4.13	4.25	2051629	8647558
2014/4/3	4.35	4.35	4.16	4.17	4262671	18101856
2014/4/2	4.33	4.38	4.29	4.35	2165626	9355716
2014/4/1	4.27	4.36	4.26	4.33	2675259	11533732
2014/3/31	4.44	4.45	4.26	4.26	4489141	19427644
2014/3/28	4.5	4.53	4.39	4.47	7279044	32469956
2014/3/27	4.31	4.54	4.28	4.49	9992770	44400128
2014/3/26	4.39	4.41	4.3	4.31	3331423	14430924
2014/3/25	4.42	4.49	4.34	4.41	5531401	24309032
2014/3/24	4.32	4.48	4.29	4.41	7293946	32127840
2014/3/21	4.23	4.36	4.16	4.32	7262069	31003966
2014/3/20	4.45	4.52	4.25	4.27	12791245	56384844
2014/3/19	4.55	4.63	4.44	4.59	9707055	44012736
2014/3/18	4.38	4.67	4.29	4.63	20092988	90838104
2014/3/17	4.5	4.58	4.34	4.42	22334387	99900040
2014/3/14	4	4.43	4	4.43	12717855	55620260
2014/3/13	3.96	4.09	3.93	4.03	3661745	14825277
2014/3/12	3.93	3.96	3.87	3.96	1695566	6645261
2014/3/11	3.9	3.98	3.85	3.93	2814633	10965155
2014/3/10	4.06	4.09	3.94	3.94	3369050	13568260
2014/3/7	4.12	4.12	4.04	4.08	3601393	14672084
2014/3/6	4.05	4.12	4.03	4.11	2810710	11495924
2014/3/5	4.12	4.12	4.03	4.06	2990586	12152202
2014/3/4	4.17	4.17	4.04	4.09	4155491	17011514
2014/3/3	4.1	4.18	4.08	4.17	3609506	14936497
2014/2/28	4.03	4.2	4	4.12	4302775	17644558
2014/2/27	4.06	4.14	4	4.01	4349215	17692838
2014/2/26	4	4.16	3.96	4.1	4933006	20115240
2014/2/25	4.14	4.14	3.98	4	5854321	23805426
2014/2/24	4.21	4.21	4.05	4.1	5927282	24458466
2014/2/21	4.31	4.31	4.15	4.21	5030393	21209940
2014/2/20	4.43	4.44	4.26	4.31	9720796	42083332
2014/2/19	4.42	4.62	4.28	4.49	24080878	106545384
2014/2/18	4	4.42	4	4.42	11771589	50559288
2014/2/17	4.01	4.07	4.01	4.02	3837799	15479984
2014/2/14	4	4.07	3.95	4.02	4452663	17808204
2014/2/13	3.85	4.1	3.82	4.04	13022940	52125304
2014/2/12	3.8	3.86	3.8	3.85	3022287	11598309
2014/2/11	3.85	3.85	3.77	3.82	3841663	14623819
2014/2/10	3.72	3.88	3.72	3.83	4947481	18835890
2014/2/7	3.69	3.75	3.64	3.73	2339653	8663662
2014/1/30	3.75	3.75	3.62	3.7	1795058	6610393
2014/1/29	3.74	3.75	3.71	3.75	1100464	4099771
2014/1/28	3.72	3.77	3.71	3.72	987127	3681096
2014/1/27	3.75	3.84	3.72	3.73	1967705	7400423
2014/1/24	3.75	3.8	3.74	3.77	2267403	8565528
2014/1/23	3.75	3.77	3.72	3.77	2179672	8155874.5
2014/1/22	3.7	3.8	3.66	3.77	2629632	9820239
2014/1/21	3.56	3.76	3.56	3.69	2520775	9327380
2014/1/20	3.59	3.62	3.53	3.57	1091696	3906745
2014/1/17	3.64	3.67	3.59	3.6	1237001	4489387.5
2014/1/16	3.67	3.7	3.64	3.65	1791828	6555526.5
2014/1/15	3.74	3.79	3.66	3.69	4264933	15792386
2014/1/14	3.51	3.87	3.51	3.84	7211143	27311226
2014/1/13	3.48	3.54	3.46	3.52	1302860	4556889
2014/1/10	3.67	3.68	3.45	3.5	2284009	8154004.5
2014/1/9	3.79	3.79	3.65	3.66	1939081	7230577
2014/1/8	3.84	3.86	3.75	3.77	2076667	7913940.5
2014/1/7	3.85	3.86	3.82	3.84	663999	2547822.25
2014/1/6	3.93	3.93	3.82	3.84	1980758	7656169.5
2014/1/3	3.98	3.98	3.92	3.92	1618142	6377470
2014/1/2	3.85	4.05	3.85	3.98	3093707	12259571
2013/12/31	3.85	3.88	3.83	3.88	1547767	5970977
2013/12/30	3.87	3.9	3.85	3.85	1852242	7166292
2013/12/27	3.86	3.9	3.82	3.86	2036565	7873289
2013/12/26	3.93	3.96	3.83	3.85	2668728	10419515
2013/12/25	3.96	4	3.95	3.95	1592399	6327843
2013/12/24	3.95	4	3.91	3.99	2803394	11074501
2013/12/23	3.91	3.98	3.91	3.91	1363303	5357849.5
2013/12/20	3.92	3.98	3.88	3.91	1869361	7346227
2013/12/19	3.96	3.97	3.91	3.91	1399161	5502685
2013/12/18	3.98	3.99	3.94	3.94	1200008	4757820.5
2013/12/17	3.97	4	3.94	3.97	2492129	9878132
2013/12/16	4.04	4.06	3.96	3.97	2245996	8962622
2013/12/13	4.04	4.08	4.03	4.06	1815672	7368659.5
2013/12/12	4.03	4.08	4.03	4.06	1460501	5923623
2013/12/11	4.08	4.09	4.03	4.06	3093476	12538300
2013/12/10	4.04	4.1	4.04	4.1	1932096	7880841
2013/12/9	4.08	4.11	4.07	4.08	2083221	8515839
2013/12/6	4.08	4.11	4.06	4.09	2257455	9221327
2013/12/5	4.02	4.13	3.99	4.09	5077078	20703270
2013/12/4	3.99	4.07	3.98	4.02	3406322	13734477
2013/12/3	3.9	4	3.9	4	2761012	10883238
2013/12/2	4.08	4.12	3.9	3.98	6058811	24217548
2013/11/29	4.16	4.23	4.15	4.2	2799663	11721251
2013/11/28	4.15	4.19	4.14	4.16	2767260	11546104
2013/11/27	4.24	4.24	4.11	4.16	2934159	12184928
2013/11/26	4.11	4.2	4.08	4.18	4575437	18980414
2013/11/25	4.1	4.15	4.08	4.09	2291098	9434983
2013/11/22	4.14	4.18	4.1	4.13	1700618	7032554.5
2013/11/21	4.22	4.22	4.1	4.14	4326143	17921598
2013/11/20	4.19	4.25	4.17	4.22	4144805	17429384
2013/11/19	4.15	4.27	4.09	4.22	6724563	28219376
2013/11/18	4.11	4.18	4.09	4.17	3515895	14493120
2013/11/15	4.02	4.11	4.02	4.11	3611276	14759989
2013/11/14	3.95	4.06	3.92	4.05	2547533	10188944
2013/11/13	3.99	4.06	3.96	3.98	2142728	8560571
2013/11/12	3.94	4.08	3.94	4	2438468	9808945
2013/11/11	3.88	3.94	3.87	3.93	1251059	4886699.5
2013/11/8	3.92	3.95	3.82	3.9	1964923	7632175.5
2013/11/7	4	4.02	3.92	3.94	2105291	8375965
2013/11/6	4.07	4.08	4.02	4.02	2240059	9069065
2013/11/5	4.07	4.08	4.01	4.06	1760576	7121692
2013/11/4	4.07	4.09	4.03	4.06	1496321	6063336.5
2013/11/1	4.06	4.09	4.02	4.06	1478610	5995449.5
2013/10/31	4	4.11	3.99	4.09	3772337	15204420
2013/10/30	3.92	4.15	3.9	4.12	5067227	20470512
2013/10/29	4.13	4.13	3.78	3.93	5900679	23266234
2013/10/28	4.21	4.21	4.05	4.08	3713996	15290972
2013/10/25	4.23	4.29	4.17	4.2	2388137	10059070
2013/10/24	4.22	4.31	4.2	4.25	3735209	15928394
2013/10/23	4.26	4.28	4.13	4.28	5118478	21533312
2013/10/22	4.3	4.3	4.24	4.26	4187210	17848020
2013/10/21	4.25	4.3	4.23	4.3	4489867	19168798
2013/10/18	4.31	4.31	4.17	4.25	5945716	25237440
2013/10/17	4.57	4.61	4.28	4.33	12441681	55113552
2013/10/16	4.57	4.67	4.56	4.6	7509780	34767084
2013/10/15	4.65	4.66	4.57	4.58	4335044	19929288
2013/10/14	4.62	4.66	4.56	4.65	5176993	23864268
2013/10/11	4.68	4.69	4.61	4.66	5669876	26355812
2013/10/10	4.73	4.73	4.56	4.57	7753552	35946204
2013/10/9	4.76	4.84	4.7	4.73	6298267	29995966
2013/10/8	4.7	4.75	4.63	4.75	6156009	28855454
2013/9/30	4.64	4.84	4.62	4.75	9584174	45362676
2013/9/27	4.65	4.65	4.54	4.64	6072332	27989306
2013/9/26	4.58	4.68	4.52	4.61	8946267	41376164
2013/9/25	4.6	4.65	4.54	4.55	6536961	30027496
2013/9/24	4.7	4.72	4.58	4.63	8971345	41506444
2013/9/23	4.68	4.79	4.6	4.72	8554996	40308932
2013/9/18	4.62	4.69	4.52	4.66	7148815	32956926
2013/9/17	4.72	4.79	4.61	4.64	11526591	53818400
2013/9/16	4.9	4.9	4.58	4.8	17494530	83339776
2013/9/13	5.14	5.4	4.95	5.01	41857102	217632112
2013/9/12	4.54	4.91	4.51	4.91	7707593	36808072
2013/9/11	4.46	4.55	4.43	4.46	8348154	37447484
2013/9/10	4.41	4.59	4.38	4.47	11584886	52002860
2013/9/9	4.35	4.44	4.32	4.41	5306187	23335770
2013/9/6	4.33	4.37	4.29	4.37	5426180	23541232
2013/9/5	4.46	4.46	4.33	4.34	6648470	29104188
2013/9/4	4.49	4.53	4.41	4.45	7295820	32520908
2013/9/3	4.39	4.55	4.34	4.49	10066098	45042568
2013/9/2	4.41	4.45	4.25	4.38	8015726	34689876
2013/8/30	4.28	4.56	4.26	4.43	15425763	68491456
2013/8/29	4.25	4.48	4.21	4.32	13650393	59548380
2013/8/28	4.34	4.34	4.24	4.27	7024615	30071300
2013/8/27	4.3	4.45	4.27	4.37	6733414	29411576
2013/8/26	4.24	4.35	4.24	4.3	4265955	18347704
2013/8/23	4.31	4.31	4.15	4.21	4578024	19338294
2013/8/22	4.18	4.37	4.18	4.28	8083497	34789420
2013/8/21	4.15	4.21	4.13	4.19	2721174	11364650
2013/8/20	4.21	4.28	4.14	4.16	5324729	22427498
2013/8/19	4.16	4.27	4.1	4.24	4962878	20812396
2013/8/16	4.22	4.35	4.19	4.2	6329039	26940586
2013/8/15	4.38	4.39	4.25	4.26	5955195	25761782
2013/8/14	4.45	4.55	4.35	4.41	8376347	37273100
2013/8/13	4.43	4.57	4.43	4.44	9209244	41288884
2013/8/12	4.32	4.4	4.29	4.39	7330597	31918962
2013/8/9	4.24	4.36	4.21	4.31	7384148	31671394
2013/8/8	4.26	4.3	4.2	4.25	4994375	21240660
2013/8/7	4.26	4.48	4.19	4.32	11081214	47915724
2013/8/6	4.19	4.32	4.14	4.3	6738231	28521400
2013/8/5	4.15	4.21	4.12	4.2	4039551	16838714
2013/8/2	4.16	4.2	4.12	4.12	4561404	18979352
2013/8/1	4.06	4.16	4.02	4.14	5258423	21645684
2013/7/31	4.07	4.14	4.04	4.07	4516377	18378972
2013/7/30	4.05	4.13	4	4.04	3788509	15379463
2013/7/29	4.2	4.21	4.03	4.05	5651369	23178786
2013/7/26	4.17	4.22	4.13	4.17	2435949	10175777
2013/7/25	4.28	4.32	4.16	4.17	5201368	21951556
2013/7/24	4.33	4.39	4.18	4.31	8102399	34733916
2013/7/23	4.14	4.35	4.14	4.34	7265411	31031198
2013/7/22	4.04	4.18	4.04	4.17	4934960	20288768
2013/7/19	4.45	4.5	4.1	4.1	10041789	42901284
2013/7/18	4.41	4.54	4.41	4.46	5835055	26165702
2013/7/17	4.64	4.64	4.44	4.45	10200268	46180544
2013/7/16	4.46	4.75	4.46	4.64	11505869	52963216
2013/7/15	4.32	4.53	4.3	4.51	9332583	41373568
2013/7/12	4.43	4.63	4.38	4.39	13664432	61460296
2013/7/11	4.27	4.55	4.26	4.42	12405650	54994080
2013/7/10	4.12	4.33	4.11	4.29	7010408	29582352
2013/7/9	4.1	4.17	4.06	4.13	3290080	13546739
2013/7/8	4.26	4.26	4.05	4.08	7924321	32581672
2013/7/5	4.26	4.41	4.26	4.33	8642091	37519472
2013/7/4	4.15	4.36	4.12	4.27	7510372	31988070
2013/7/3	4.32	4.33	4.09	4.19	8286146	34782020
2013/7/2	4.37	4.37	4.26	4.34	6713401	28991528
2013/7/1	4.17	4.33	4.16	4.32	6135897	26143244
2013/6/28	4.22	4.38	4.09	4.24	8882616	37727896
2013/6/27	4.37	4.69	4.34	4.35	14415444	64773236
2013/6/26	4.29	4.41	4.22	4.36	8631879	37382364
2013/6/25	4.32	4.45	3.99	4.27	14088268	59362772
2013/6/24	4.89	4.93	4.43	4.43	11918610	55243112
2013/6/21	4.98	4.99	4.81	4.92	10249588	50410084
2013/6/20	5.4	5.44	5.08	5.11	12604684	66680940
2013/6/19	5.47	5.56	5.36	5.52	15232994	83219448
2013/6/18	5.35	5.7	5.23	5.67	24350256	134338240
2013/6/17	5.3	5.46	5.24	5.42	12363161	66214660
2013/6/14	5.31	5.46	5.22	5.37	11296012	60347472
2013/6/13	5.34	5.35	5.03	5.25	12371797	64149108
2013/6/7	5.64	5.72	5.33	5.43	17431847	96642704
2013/6/6	6.03	6.07	5.72	5.72	15292393	89668624
2013/6/5	5.9	6.03	5.76	6.01	17162960	101690088
2013/6/4	5.91	6.11	5.85	5.9	21291047	127423720
2013/6/3	5.98	6.05	5.86	5.96	18735294	111656952
2013/5/31	6.39	6.5	5.92	5.98	35545161	219634384
2013/5/30	6.4	6.47	6.31	6.42	25792775	164867936
2013/5/29	6.55	6.84	6.3	6.51	49829145	324960224
2013/5/28	6.07	6.63	6	6.63	61428273	395263616
2013/5/27	5.9	6.03	5.66	6.03	57353324	335924512
2013/5/24	5.1	5.48	5.02	5.48	24556361	131075320
2013/5/22	4.91	4.98	4.87	4.98	6914782	33994272
2013/5/21	4.87	4.95	4.86	4.92	7045164	34605284
2013/5/20	4.95	4.97	4.86	4.9	7779123	38206388
2013/5/17	5	5.03	4.92	4.97	6630710	32969458
2013/5/16	4.91	5	4.87	5	6718508	33220296
2013/5/15	4.91	4.96	4.84	4.94	5462425	26789028
2013/5/14	5.01	5.01	4.88	4.9	6052076	29775990
2013/5/13	5.04	5.11	4.91	5.03	7250700	36202140
2013/5/10	4.82	5	4.8	5	8446494	41395364
2013/5/9	4.78	4.86	4.73	4.82	5491801	26327672
2013/5/8	4.75	4.84	4.69	4.8	5796368	27609514
2013/5/7	4.69	4.79	4.65	4.74	5132242	24317884
2013/5/6	4.65	4.72	4.65	4.7	4084981	19173814
2013/5/3	4.58	4.73	4.58	4.69	4056692	18991768
2013/5/2	4.7	4.71	4.54	4.61	5565923	25774200
2013/4/26	4.89	4.92	4.74	4.77	7837888	37884560
2013/4/25	4.73	4.85	4.68	4.72	6020313	28721826
2013/4/24	4.65	4.75	4.65	4.75	5041743	23704540
2013/4/23	4.86	4.87	4.62	4.64	6364879	30099722
2013/4/22	4.82	4.88	4.79	4.86	6614900	31892198
2013/4/19	4.7	4.9	4.67	4.87	8573746	41357440
2013/4/18	4.69	4.77	4.65	4.7	4248290	20031580
2013/4/17	4.72	4.82	4.68	4.76	5118065	24319226
2013/4/16	4.73	4.79	4.64	4.7	9659869	45283740
2013/4/15	5.06	5.12	4.88	4.88	11334253	55914900
2013/4/12	5.06	5.28	5.04	5.14	8266665	42635028
2013/4/11	5.09	5.19	5.04	5.07	5259235	26812792
2013/4/10	5.16	5.23	4.99	5.12	9766119	49831652
2013/4/9	5.02	5.29	5.02	5.17	10199058	52903660
2013/4/8	5.12	5.14	4.92	5.05	10287529	51565128
2013/4/3	5.32	5.45	5.15	5.18	14132208	74949712
2013/4/2	5	5.27	4.92	5.27	15296225	78372584
2013/4/1	5.13	5.21	5.01	5.02	13339807	67757680
2013/3/29	5.3	5.41	5.12	5.23	17995450	94969000
2013/3/28	5.26	5.52	5.11	5.3	31420771	168066352
2013/3/27	5.05	5.28	5	5.28	27930349	144773056
2013/3/26	4.78	5.03	4.56	5.03	18197476	87698624
2013/3/25	4.93	5.03	4.77	4.79	11032105	53554600
2013/3/22	4.97	5.14	4.8	4.93	25185678	125432304
2013/3/21	4.79	4.91	4.7	4.91	7087600	34484288
2013/3/20	4.47	4.68	4.44	4.68	7049463	32469126
2013/3/19	4.45	4.56	4.43	4.46	18198403	80959640
2013/3/18	4.79	4.8	4.66	4.66	6520700	30506128
2013/3/15	4.91	5.25	4.91	4.91	29635619	146762656
2013/2/28	5.14	5.17	5.08	5.17	12481642	64389440
2013/2/27	4.67	4.92	4.63	4.92	15296421	73983216
2013/2/26	4.46	4.69	4.41	4.69	20842574	96611904
2013/2/25	4.54	4.62	4.45	4.47	9470266	42851856
2013/2/22	4.61	4.74	4.47	4.57	15602533	71656328
2013/2/21	4.77	4.9	4.63	4.64	16754621	79549848
2013/2/20	4.93	4.96	4.87	4.87	28894643	141089504
2013/2/19	4.79	5.25	4.79	5.13	43319504	214458288
2013/2/18	5.04	5.04	5.04	5.04	1376600	6938064
2013/2/8	7.9	7.99	5.3	5.3	19563400	136421488

:						
000622   						
      	    	    	    	    	    	    