2019/9/23	52.64	52.64	51.69	52.08	20687251	1074655360
2019/9/20	53.12	53.2	52.1	52.7	27546435	1449282944
2019/9/19	53.09	53.44	52.58	52.84	20497104	1084251136
2019/9/18	53.27	53.27	52.57	52.71	22507122	1189760000
2019/9/17	53.25	53.46	52.74	53	20692273	1096214784
2019/9/16	54.4	54.41	53.35	53.47	23680967	1271436928
2019/9/12	53.88	54.3	53.52	54.1	21300122	1150492160
2019/9/11	54	54.4	53.15	53.4	19608350	1050689280
2019/9/10	54	54.08	53.2	53.84	23586608	1262801280
2019/9/9	54.69	54.89	53.82	54.11	29073611	1580083968
2019/9/6	54.1	54.38	53.47	54.21	24858028	1342155904
2019/9/5	54.88	54.97	53.83	53.9	30236192	1646454656
2019/9/4	54.25	54.78	53.6	54.45	31752482	1719758592
2019/9/3	54.78	54.99	54.08	54.31	30740897	1673365632
2019/9/2	53.7	54.75	53.51	54.23	51561473	2799660544
2019/8/30	52.6	53.4	52.1	52.78	27827187	1466006912
2019/8/29	52.15	52.5	51.6	51.93	20860063	1082409088
2019/8/28	52.02	52.45	51.65	52.22	21467533	1116742272
2019/8/27	51.5	52.39	51.31	52.05	27139138	1413827328
2019/8/26	51.19	51.51	50.63	51.04	27597047	1408348032
2019/8/23	52.15	52.65	51.68	52.25	21767789	1137619200
2019/8/22	51.9	52.33	51.37	51.83	18928894	979992768
2019/8/21	51.2	52.05	51.02	51.69	21018022	1085459200
2019/8/20	51.57	51.87	51.18	51.46	15096727	777716928
2019/8/19	50.8	51.75	50.55	51.57	23181902	1188231808
2019/8/16	50	50.65	49.59	50.32	20221393	1016999296
2019/8/15	49.3	50.11	48.61	49.96	26817341	1327724288
2019/8/14	51.09	51.2	50.06	50.17	22387840	1128730624
2019/8/13	51.05	51.66	50.05	50.32	26444142	1336555008
2019/8/12	51	51.68	50.51	51.25	19425189	991191232
2019/8/9	52.1	52.35	51.01	51.22	14981329	772372672
2019/8/8	51.23	52	51.2	51.8	13192393	681638848
2019/8/7	51.76	51.88	51.03	51.03	14531751	747701376
2019/8/6	50.61	51.58	49.32	51.51	34173928	1729709440
2019/8/5	51.63	52.65	51.52	51.6	28786276	1491986432
2019/8/2	51.5	53	51.05	52.75	34176395	1781518208
2019/8/1	54.39	54.98	53.15	53.6	24127303	1301037056
2019/7/31	55.13	55.66	54.56	54.7	19831720	1089621504
2019/7/30	54.28	55.38	54.25	55.2	34870480	1921787776
2019/7/29	53.64	54.38	53.41	54.01	22742228	1226826368
2019/7/26	53.1	53.6	53.02	53.43	12894364	688512768
2019/7/25	53.38	53.64	53.04	53.45	16926346	902112448
2019/7/24	53.59	53.9	53.3	53.38	17738632	950135744
2019/7/23	52.8	53.22	52.71	53.2	14246298	755836352
2019/7/22	52.7	53.2	52	52.8	19181022	1013260096
2019/7/19	53.39	53.39	52.49	52.59	20817364	1100783104
2019/7/18	52.5	52.92	52.02	52.69	17885712	937199744
2019/7/17	53.33	53.47	52.52	52.72	22648983	1198886784
2019/7/16	54.8	54.85	53.11	53.52	26009223	1396638208
2019/7/15	54.51	55.3	53.68	54.67	24296257	1323497472
2019/7/12	54.45	55.15	54.18	54.78	19806829	1085347584
2019/7/11	54.02	55.27	53.92	54.39	24381195	1332480128
2019/7/10	54.3	54.3	53.48	53.9	14552591	783260416
2019/7/9	54.3	54.48	53.36	53.84	25543296	1374182528
2019/7/8	54.72	55.05	54.01	54.39	30569091	1668587008
2019/7/5	54.37	55.5	53.56	55.27	38708518	2121442304
2019/7/4	54.45	55.1	54	54.4	32522651	1778536064
2019/7/3	55.22	55.32	53.68	54.09	35433551	1936469760
2019/7/2	53.66	55.1	53.56	54.81	50048615	2731208704
2019/7/1	52.97	54.45	52.76	54.09	61163012	3287136768
2019/6/28	51.69	52.19	51.4	51.86	16957648	878142848
2019/6/27	51.7	52.28	51.35	51.77	34520988	1789191040
2019/6/26	51.51	51.83	51.32	51.51	20254883	1043841152
2019/6/25	52	52.18	51	51.44	33048049	1701992960
2019/6/24	51.83	52.62	51.4	52.18	37697202	1965902464
2019/6/21	52.81	53.57	51.83	52.11	62281987	3260271872
2019/6/20	52.36	53.95	52.11	53.29	44843750	2389697280
2019/6/19	52.5	52.97	52.01	52.01	26345355	1381396992
2019/6/18	50.76	51.3	50.5	50.91	12021879	613259840
2019/6/17	50.87	51.25	50.39	50.79	13274503	674222016
2019/6/14	51.28	51.9	50.55	50.57	13592896	692935424
2019/6/13	51.69	51.69	50.21	51.03	20181618	1027154880
2019/6/12	51.34	51.62	50.83	51.51	21263683	1089754752
2019/6/11	49.69	51.84	49.6	51.47	37427417	1912923648
2019/6/10	49.56	50	49.34	49.76	24381043	1213075584
2019/6/6	50.1	50.1	48.87	49.12	18573924	918001216
2019/6/5	50.42	50.54	49.25	49.51	22979619	1147254272
2019/6/4	50.13	50.59	49.21	49.7	16344731	811702784
2019/6/3	49.79	50.99	49.75	50.12	22801010	1147776896
2019/5/31	49	50.15	48.95	49.6	24107766	1201723008
2019/5/30	49.37	49.72	48.5	49.45	32332955	1586232832
2019/5/29	50.05	50.92	49.85	50.38	21849380	1100280832
2019/5/28	49.77	51.22	49.77	50.51	34988936	1771284992
2019/5/27	49.82	50.08	48.88	49.75	28480786	1406654848
2019/5/24	49.28	50.28	49.01	49.82	29940665	1489846528
2019/5/23	50.7	50.8	49.4	49.51	42114999	2104165376
2019/5/22	51.51	53.22	51	51.41	80369414	4187357440
2019/5/7	50.3	51.49	49.9	50.75	71785225	3653919488
2019/5/6	49.9	51.04	49	49.07	66323495	3318296832
2019/4/30	51.4	53.5	51.4	52.4	45987952	2407890688
2019/4/29	49.37	51.98	49.36	51.31	44756287	2296294400
2019/4/26	50.97	51.36	49.26	49.37	45929376	2296898048
2019/4/25	52.3	52.3	51.28	51.41	25679535	1328685952
2019/4/24	52.5	52.83	51.55	52.6	28905902	1510805632
2019/4/23	52.2	52.85	51.57	52.27	36013507	1876295424
2019/4/22	54.99	54.99	52.2	52.79	41516788	2213184512
2019/4/19	53.35	55.75	52.7	55.08	37099542	2009741056
2019/4/18	53.53	54.33	53.1	53.42	26587494	1427725056
2019/4/17	53.13	53.59	51.97	53	36187013	1906297216
2019/4/16	51	52.88	50.65	52.88	31212763	1619936640
2019/4/15	52.05	53.3	51.5	51.5	40118707	2099197440
2019/4/12	51.85	52.43	50.47	51.29	46963565	2408399104
2019/4/11	54.72	54.75	52.31	52.44	51552545	2735915520
2019/4/10	54.7	55.57	53.65	54.72	39869943	2167514880
2019/4/9	55.51	56.35	54.2	55.01	41411208	2279920384
2019/4/8	53.65	55.66	53.2	54.18	52200536	2836276736
2019/4/4	52.2	53.98	52.19	53.65	53724512	2868122112
2019/4/3	51.46	52.56	51.45	52.2	37881297	1971575168
2019/4/2	52.93	53.36	51.73	51.9	55677616	2906671872
2019/4/1	49.3	53.57	49.25	52.93	97458863	5041465344
2019/3/29	47.01	48.88	47.01	48.73	43946365	2127847680
2019/3/28	47.58	47.74	46.81	47.14	20235793	955165312
2019/3/27	46.98	47.8	46.59	47.57	22752274	1077398400
2019/3/26	47.1	47.1	45.91	46.57	22442361	1045158400
2019/3/25	47.68	48.2	46.56	46.69	32685557	1548505472
2019/3/22	48.3	48.82	47.71	48.6	22708007	1095838336
2019/3/21	48.65	48.8	48.08	48.24	25832581	1248826240
2019/3/20	49.25	49.45	48.38	48.9	29175155	1427029760
2019/3/19	49.53	49.77	48.68	49.25	29701916	1458253056
2019/3/18	47.5	49.5	47.3	49.32	51499192	2513134080
2019/3/15	47.3	48.58	46.84	47.93	67236236	3208694016
2019/3/14	46.2	47.17	46.15	46.41	34423123	1607571200
2019/3/13	46.18	46.64	45.53	46.23	34880545	1601035392
2019/3/12	47.4	47.62	45.76	46.16	41167837	1923704576
2019/3/11	45.85	46.68	45.85	46.58	29056058	1345836672
2019/3/8	46.66	47.23	45.7	45.8	46300910	2143104000
2019/3/7	49	49	47.18	47.56	51162679	2450618624
2019/3/6	49.38	49.68	48.7	49.1	31652373	1553672320
2019/3/5	49.42	49.5	48.71	49	30924255	1516133248
2019/3/4	49.11	50.2	48.6	48.96	54264368	2680277760
2019/3/1	48.1	48.67	47.87	48.57	35840055	1732560000
2019/2/28	47.65	48.18	47.45	47.78	25324278	1209358976
2019/2/27	47.15	48.21	47.15	47.64	31870518	1519672064
2019/2/26	48.35	48.7	47.35	47.36	49051749	2357420800
2019/2/25	47.5	49.39	46.69	49.17	72852267	3466143744
2019/2/22	45.9	45.9	44.35	45.61	38882485	1750311040
2019/2/21	46.5	47.42	45.64	45.86	41442275	1917916032
2019/2/19	46.48	47.34	45.61	46.08	28075864	1303139840
2019/2/18	45.8	46.46	45.55	46.4	32570218	1500350080
2019/2/15	46.75	46.75	45	45.27	46535959	2121611392
2019/2/14	46.9	47.31	46.5	47.15	22921397	1077612672
2019/2/13	46.74	47.23	45.9	46.8	32414274	1511519872
2019/2/12	46	46.9	45.65	46.49	30289403	1404091136
2019/2/11	43.96	46.32	43.9	46.08	34905404	1588661120
2019/2/1	44.35	44.5	43.53	44.26	31220321	1378311552
2019/1/31	42.88	43.6	42.45	43.53	38921536	1676325632
2019/1/30	42.79	42.9	42.1	42.1	29219142	1242106880
2019/1/29	41.84	43	41.46	43	36969152	1565725568
2019/1/28	42.18	43	41.8	41.84	34221268	1454201856
2019/1/25	41.73	42.1	40.7	41.9	26754815	1112391424
2019/1/24	41.8	42.09	41.21	41.59	21956286	914100224
2019/1/23	40.99	42.05	40.99	41.46	19227308	800266560
2019/1/22	42.1	42.31	41.02	41.3	24468218	1012517248
2019/1/21	42.2	42.8	41.6	42.09	29411593	1241232640
2019/1/18	41.45	42.1	41.04	42.08	38442799	1603555712
2019/1/17	41.2	41.7	40.88	40.91	25974048	1073148544
2019/1/16	41	41.46	40.62	41.2	28623403	1177411072
2019/1/15	39.5	41.02	39.33	41	40219032	1629499392
2019/1/14	39.91	40.36	39.32	39.45	18716051	743527552
2019/1/11	39.5	39.95	38.85	39.84	27813944	1098274304
2019/1/10	38.86	39.78	38.6	39.29	35595556	1398943872
2019/1/9	38.25	39.5	37.82	39	82585850	3201852672
2019/1/8	37.05	37.2	36.68	36.86	13469806	496396736
2019/1/7	37.66	37.66	36.66	36.99	25299657	937395200
2019/1/4	35.99	37.07	35.8	36.99	27711832	1012555392
2019/1/3	36.26	36.83	36	36.2	14323343	520938080
2019/1/2	37.2	37.38	36.3	36.44	20862411	764857088
2018/12/28	36.75	37.4	36.31	36.86	21167603	782455552
2018/12/27	37.91	38.06	36.8	36.8	23074745	864454208
2018/12/26	37.4	37.9	36.9	37.13	15094726	563234752
2018/12/25	37.02	37.75	36.7	37.38	19271255	715052096
2018/12/24	37.43	37.79	37.02	37.74	16464210	615507712
2018/12/21	38.09	38.25	37.3	37.92	25844948	973696384
2018/12/20	38.18	38.69	37.89	38.33	20858219	799129984
2018/12/19	38.81	39.18	38.1	38.25	18387980	711325696
2018/12/18	39.15	39.52	38.52	38.81	32806107	1276899840
2018/12/17	39.97	40.17	39.06	39.46	30275497	1196622208
2018/12/14	39.8	40.21	39.5	39.75	32482923	1294255744
2018/12/13	38	40.35	37.89	40.12	73813055	2920106240
2018/12/12	37.47	38.01	37.16	37.74	26212518	983251008
2018/12/11	36.85	37.26	36.46	37.04	27087698	996533824
2018/12/10	38	38.15	36.71	37.06	34656826	1288199936
2018/12/7	39.01	39.19	38.25	38.48	22666047	872710016
2018/12/6	39.21	39.72	38.88	38.96	21269118	833847744
2018/12/5	40	40.3	39.81	40	19192821	768053632
2018/12/4	40.23	40.78	40.23	40.54	21390619	867008896
2018/12/3	40	41	39.73	40.83	52639184	2130194432
2018/11/30	38.9	39.06	38.28	38.69	21609333	832245888
2018/11/29	40.3	40.37	38.73	38.8	24955020	984225152
2018/11/28	39.25	40.28	39.25	40.02	15096883	602172544
2018/11/27	40.1	40.48	39.35	39.66	16303285	652125504
2018/11/26	39.6	40.26	39.5	40.02	13640194	545342016
2018/11/23	40.41	41.02	39.81	39.88	22076481	888505536
2018/11/22	40.76	40.96	40.1	40.63	18218720	738494848
2018/11/21	40.1	41.08	40.06	40.32	23220091	939488704
2018/11/20	41.9	42.26	40.3	40.8	27752447	1148012160
2018/11/19	41.9	42.5	41.25	42.3	20720684	868819008
2018/11/16	41.11	42.54	40.9	42	30313927	1268911104
2018/11/15	40.6	41.24	40.51	41.11	17224535	705975104
2018/11/14	41.35	41.37	40.75	40.85	18178784	745008832
2018/11/13	39.5	41.41	39.3	41.3	33918405	1380602368
2018/11/12	39.77	40.31	39.01	40.14	21328024	851523072
2018/11/9	40.21	40.51	39.7	39.77	24056423	960992640
2018/11/8	41.29	41.43	40.5	40.63	26445652	1080657792
2018/11/7	40.18	41.28	39.72	40.78	34861319	1418465024
2018/11/6	40.8	41.1	39.94	40.18	33423766	1346925696
2018/11/5	40.81	41.36	40.63	41.28	34163776	1400072320
2018/11/2	40.91	41.6	39.99	40.98	74607086	3045071104
2018/11/1	37.86	39.32	37.8	38.62	49778281	1919656192
2018/10/31	35.86	37.08	35.56	37.04	47864888	1748865792
2018/10/30	34.1	36.77	34.1	36.33	65590811	2344670976
2018/10/29	37.1	37.88	36.27	36.27	98122244	3610734336
2018/9/7	40.55	41.2	39.96	40.3	20397164	826452480
2018/9/6	40.85	41.42	40.27	40.34	26366032	1075515264
2018/9/5	41.86	42	41	41	23670445	979468992
2018/9/4	42	42.48	41.15	42.28	24493000	1026406656
2018/9/3	41.49	41.85	40.89	41.73	22296425	923664960
2018/8/31	41.8	41.82	40.6	41.6	39138383	1613498624
2018/8/30	42.44	42.89	41.74	41.8	25955451	1093950592
2018/8/29	43	43.26	42.25	42.51	24046861	1026363456
2018/8/28	43.18	43.9	42.91	43.31	33174235	1439081344
2018/8/27	41.85	42.96	41.7	42.91	38032813	1615957760
2018/8/24	41	41.77	40.86	41.38	23057495	954254336
2018/8/23	41.4	42.05	40.59	41.22	33759546	1393122560
2018/8/22	42.3	42.5	41.51	41.71	21473436	898024768
2018/8/21	42	42.84	41.57	42.56	37206702	1575726208
2018/8/20	41.12	41.7	40.51	41.7	29979363	1234034432
2018/8/17	42.64	42.92	41.02	41.12	31582729	1314589184
2018/8/16	41.17	42.9	41.07	42.32	32217105	1354274304
2018/8/15	43.59	43.59	41.89	42.02	41465949	1758445568
2018/8/14	44.67	44.67	43.45	43.65	28926176	1270602496
2018/8/13	44.6	44.85	43.8	44.59	22556873	999740480
2018/8/10	45	45.73	44.77	44.98	28001415	1264938112
2018/8/9	44.06	45.81	43.5	45.14	36049234	1625745280
2018/8/8	44.89	44.89	43.92	44.15	43869719	1949283584
2018/8/7	42.94	44.74	42.5	44.66	49870844	2171929600
2018/8/6	42.01	42.97	41.8	42.3	50608598	2144920576
2018/8/3	43.99	44	41.41	41.88	70101644	2978174976
2018/8/2	46.1	46.1	43.88	44.08	66072330	2942193920
2018/8/1	47.9	48.1	46.2	46.28	32261268	1519389184
2018/7/31	47.25	47.75	47.01	47.61	27984983	1329361536
2018/7/30	47.4	47.68	47	47.46	26460552	1250354944
2018/7/27	48.13	48.13	47.12	47.19	27249570	1293155840
2018/7/26	47.8	48.46	47.67	47.84	43717177	2099583232
2018/7/25	48.64	48.65	47.55	47.68	39620880	1895609344
2018/7/24	47	48.56	47	48.38	71936095	3452914176
2018/7/23	46.38	46.59	45.69	46.58	35740990	1649543680
2018/7/20	46.25	46.9	45.23	46.57	50060292	2296204800
2018/7/19	46.31	46.6	45.75	46.35	25385150	1173236480
2018/7/18	46.7	47.12	45.88	45.9	34287284	1588486912
2018/7/17	47.37	47.38	46.02	46.47	39608762	1836892288
2018/7/16	48.29	48.84	47.06	47.38	33477047	1598678400
2018/7/13	47.9	48.2	47.5	47.84	32400430	1548794240
2018/7/12	47.15	48.5	47.1	47.83	43200092	2066086400
2018/7/11	46.71	47.67	46.47	47.2	36314578	1708612992
2018/7/10	49.2	49.35	47.43	48.5	42437801	2047604992
2018/7/9	47.89	49.1	47.4	49.05	36584156	1773736448
2018/7/6	46.58	47.98	45.8	47.4	48587499	2282804480
2018/7/5	46.49	47.3	45.84	46.05	63779643	2968462080
2018/7/4	47.76	47.87	45	45.11	59623106	2748494592
2018/7/3	48.7	49.1	45.38	47.76	78129039	3678016000
2018/7/2	51.91	51.91	48	48.68	57171168	2849314560
2018/6/29	50.6	52.4	50.11	52.22	29130409	1498577024
2018/6/28	50.05	51.22	49.51	50.1	36103579	1820036736
2018/6/27	52.42	53.07	50.48	50.48	42651620	2194726144
2018/6/26	52.05	53	51.76	52.33	30275701	1584092928
2018/6/25	53.7	54.14	52.86	52.9	27206565	1456438272
2018/6/22	53.68	53.68	52.34	53.65	35857836	1903580672
2018/6/21	55.5	56.05	54.2	54.22	30744809	1700455424
2018/6/20	54.62	55.77	54.16	55.16	29650740	1630126336
2018/6/19	55.1	56	53.78	54.62	59114247	3263370496
2018/6/15	55.92	56.95	55.6	56.28	31075241	1748373760
2018/6/14	57.2	57.43	55.41	55.78	35484600	1996542976
2018/6/13	57.39	58.05	56.79	56.99	36054642	2066765952
2018/6/12	56.33	57.75	55.89	57.19	58518081	3335129600
2018/6/11	54.66	56.65	54.62	56.32	58158396	3241913856
2018/6/8	54.13	55.2	54.02	54.66	36371121	1986285568
2018/6/7	55.07	55.31	54.05	54.3	26488957	1445351168
2018/6/6	55.27	55.44	54.41	54.74	26008408	1428692608
2018/6/5	54.8	55.1	53.72	54.97	41321079	2258778368
2018/6/4	52.9	54.3	52.72	53.99	48720867	2627373056
2018/6/1	52.5	52.88	51.94	52.15	24488663	1281257856
2018/5/31	51.05	53.25	50.9	52.91	48836676	2559326208
2018/5/30	50.25	51.42	49.88	50.71	26919428	1359774080
2018/5/29	51.5	52.19	51.26	51.49	21660695	1119651328
2018/5/28	50.9	52.23	50.3	51.94	27788643	1432263168
2018/5/25	50.8	51.43	50.3	50.59	26159630	1329483392
2018/5/24	51.79	51.98	50.65	50.9	22246115	1140837632
2018/5/23	52.5	52.5	51.73	51.8	22108868	1149466496
2018/5/22	53.9	53.9	52	52.63	35126289	1846227328
2018/5/21	54.38	54.55	53.51	53.95	17949718	969125504
2018/5/18	53.28	53.97	52.41	53.89	24445890	1299383552
2018/5/17	54.2	54.3	53.02	53.12	22899693	1223353984
2018/5/16	54.89	55.12	54.01	54.4	24342727	1327516672
2018/5/15	55.53	55.85	54.65	55.22	28209713	1554552960
2018/5/14	53.99	55.43	53.8	55.24	32394961	1777225728
2018/5/11	54.8	54.88	53.56	53.75	17019063	921004928
2018/5/10	54.3	54.63	53.9	54.38	22149533	1201775616
2018/5/9	53.51	54.1	53.46	53.95	17405405	935733568
2018/5/8	52.43	54.37	52.42	53.9	42279551	2267542016
2018/5/7	51.39	52.51	50.95	52.4	29061967	1509943168
2018/5/4	52.14	52.72	50.95	51.1	30284288	1561168896
2018/5/3	51.15	53.25	50.83	53.2	30789023	1608563712
2018/5/2	51.23	52.11	50.44	51.35	30686239	1570439040
2018/4/27	52.42	52.42	50.55	51.68	40346569	2075967232
2018/4/26	51.68	52.33	50.89	51.4	33110245	1707726720
2018/4/25	53.45	53.66	51.9	52.62	36380149	1916903808
2018/4/24	52.37	53.87	52.37	53.55	37387115	1996954496
2018/4/23	51.9	52.88	51	52.05	28904416	1499909888
2018/4/20	51.79	53	50.95	51.4	43041624	2233312256
2018/4/19	49.33	51.57	49	51.57	43366015	2193162240
2018/4/18	50.6	50.63	47.95	48.73	41607964	2037849984
2018/4/17	49.74	50.55	48.59	49.89	31343761	1555082624
2018/4/16	51.31	51.8	49.15	49.79	44470974	2228866560
2018/4/13	52.4	52.47	51.01	51.32	24021567	1241813120
2018/4/12	52.91	52.94	51.84	51.87	25207452	1317128192
2018/4/11	52.78	53.63	52.41	52.98	46761431	2476801792
2018/4/10	51.45	52.8	51.18	52.77	35424096	1846478080
2018/4/9	52.91	53.31	51	51.3	42797042	2210491904
2018/4/4	52.82	54.1	52.06	53.01	37152821	1980456960
2018/4/3	52.69	53.63	52.18	52.52	31189520	1645036160
2018/4/2	53.3	55	52.68	52.84	41715150	2227714816
2018/3/30	55	55.36	54.36	54.53	30881466	1696101248
2018/3/29	53.42	55.78	52.3	55.3	38594720	2098813824
2018/3/28	53.49	54	52.01	53.12	54450412	2880441088
2018/3/27	56.17	56.38	54.11	54.61	47106361	2602536192
2018/3/26	55.5	55.98	54.1	55.27	37309849	2054321664
2018/3/23	54.7	56.45	53.73	56.24	64162714	3526483712
2018/3/22	58.88	58.9	56.36	56.9	32937831	1886620288
2018/3/21	59.63	59.96	58.28	58.28	19725169	1164919552
2018/3/20	59.11	59.63	58.3	59.34	17763764	1046101312
2018/3/19	59.69	60.28	59	59.57	21159783	1260029824
2018/3/16	61.1	61.43	59.5	59.69	25810503	1555874304
2018/3/15	59.9	61.9	59.8	61.41	26696301	1632419072
2018/3/14	60.7	61.63	59.95	60.4	27207216	1652444160
2018/3/13	60.7	62.19	60.26	61.06	37782389	2320438016
2018/3/12	60.98	62.54	60.35	60.73	46132537	2831385088
2018/3/9	59.47	60.39	58.73	59.91	39472938	2356572672
2018/3/8	56.87	59.2	56.4	59.17	38051889	2206248704
2018/3/7	56.26	57.16	55.83	56.26	20892502	1183915648
2018/3/6	56.53	56.69	54.9	56.2	19503043	1084322688
2018/3/5	56.11	56.55	55.52	56.02	20417101	1142843136
2018/3/2	54.86	57.68	54.77	56.22	36490364	2064011392
2018/3/1	54.99	56.49	54.82	55.6	23790009	1325327488
2018/2/28	54.35	55.8	53.7	54.95	31872104	1752933248
2018/2/27	57.79	57.79	54.58	54.6	47885316	2667769344
2018/2/26	57.58	58.29	57	57.7	24626625	1424718720
2018/2/23	58.45	58.48	56.9	57.55	18050179	1039074368
2018/2/22	58.3	58.52	57.2	58.14	25152719	1461224832
2018/2/14	55.61	57.1	54.72	56.92	21957439	1235236224
2018/2/13	55.04	56.5	54.68	55.31	25892044	1439646720
2018/2/12	51.98	54.88	51.97	54.42	37456167	2020911744
2018/2/9	51.95	52.45	50.15	51.98	60364840	3107079168
2018/2/8	52.6	54.44	52.51	53.77	43978228	2353184000
2018/2/7	56.4	56.58	52.71	52.79	53353862	2912160512
2018/2/6	55.7	55.81	53.82	55.5	88034248	4837552640
2018/2/5	58.91	59.54	56.5	57.32	55463901	3207266048
2018/2/2	58.95	60.09	58.4	59.9	22489736	1339453824
2018/2/1	60	60.1	58.14	59.34	38003198	2240855808
2018/1/31	58.33	60.42	58.2	59.82	25407243	1512097792
2018/1/30	59.42	60.68	58.5	58.76	30951625	1841490304
2018/1/29	61.97	62.18	58.9	59.87	46708583	2810319360
2018/1/26	61.3	62.69	60.53	62	33351639	2063068416
2018/1/25	60.8	61.42	59	61.3	28256417	1707172480
2018/1/24	62.39	62.65	60.2	60.41	32612654	1984093184
2018/1/23	61.38	62.64	60.23	62.12	38647252	2373486848
2018/1/22	58.58	61.54	58.58	61.43	45850148	2764421376
2018/1/19	58.95	59.11	57.9	58.17	31387869	1830960768
2018/1/18	59	59.79	58.5	58.95	22378155	1323941760
2018/1/17	61	61.01	58.45	58.75	41403703	2459742720
2018/1/16	61	61.83	60.1	61.09	28936528	1768100992
2018/1/15	61.32	62.66	61	61.16	36722573	2266432768
2018/1/12	59.62	61.18	59.3	60.8	25290020	1525807232
2018/1/11	60.01	60.88	58.88	59.62	31603528	1888981504
2018/1/10	59.59	61.3	58.9	60.56	44896688	2694648832
2018/1/9	57.8	59.95	57.24	59.48	44805413	2638563328
2018/1/8	57.7	58.3	56.72	57.66	36788480	2115094016
2018/1/5	57.6	58.2	56.75	57.96	37185423	2137344256
2018/1/4	56.02	57.3	55.82	57.29	40555708	2306429696
2018/1/3	56.56	57.25	55.42	55.8	42836833	2412128000
2018/1/2	56.15	57.08	56.02	56.38	32972518	1866579456
2017/12/29	55.89	56.98	54.86	55.43	30633465	1715093888
2017/12/28	54.51	56.22	53.95	55.55	33099025	1832583936
2017/12/27	56.33	56.69	54.39	54.39	34708280	1915094400
2017/12/26	57.81	57.88	55.55	56.3	34915633	1971165568
2017/12/25	56.6	58.35	56.6	57.87	36405829	2101831808
2017/12/22	55.65	56.74	55.5	56.58	21377621	1200106880
2017/12/21	55.15	56.46	55.1	55.94	28896345	1615692928
2017/12/20	55.39	56.13	54.85	55.07	33082275	1838169600
2017/12/19	54.98	55.77	54.75	55.44	32728878	1808678016
2017/12/18	53.2	55.32	53.2	55.32	36266819	1990338304
2017/12/15	54.45	54.46	53.13	53.7	25802765	1385703936
2017/12/14	55.06	55.07	53.7	54.5	30514945	1659069440
2017/12/13	53.27	55.1	53.08	54.9	32577657	1770328832
2017/12/12	53.88	54.68	53.01	53.3	32142095	1729024768
2017/12/11	50.6	53.81	50.6	53.62	48072655	2520510720
2017/12/8	49.4	51.2	49.4	50.43	45882313	2316395264
2017/12/7	50.89	51.08	49.05	49.13	38042881	1893349760
2017/12/6	52	52.05	50.34	50.95	33188207	1695821952
2017/12/5	51.3	52.53	51.2	52.18	39244179	2041291136
2017/12/4	50.71	52.06	50.32	51.5	30062853	1544572416
2017/12/1	51.67	51.67	50.5	50.58	24294916	1238478336
2017/11/30	50.8	52.06	50.61	51.18	29733361	1521289728
2017/11/29	52.59	52.77	50.2	51.1	44736356	2288830976
2017/11/28	52.2	53.07	51.78	52.59	29884085	1561551104
2017/11/27	53.4	53.4	51.75	52.64	43389581	2272582912
2017/11/24	53.3	54.18	51.64	54.1	56545436	2988624896
2017/11/23	56.1	56.13	53.1	53.44	46045347	2521104128
2017/11/22	57.59	57.93	55.55	56.43	51109551	2899689984
2017/11/21	54.95	57.67	54.91	57.66	65145452	3696071424
2017/11/20	53.5	54.66	52.55	54.62	41519874	2233210112
2017/11/17	52.9	54.3	52.4	53.65	49510561	2649534464
2017/11/16	52.2	53.02	51.61	52.88	40644684	2128432512
2017/11/15	51.9	52.75	51.33	52.28	35900494	1870389632
2017/11/14	53.63	53.63	51.7	52.31	37915612	1992144128
2017/11/13	53.75	54.4	53.15	53.71	32995163	1775960576
2017/11/10	52.63	53.66	52.1	53.4	41188030	2190665728
2017/11/9	51.57	52.65	50.35	52.6	46254572	2381451776
2017/11/8	52.76	54.68	50.8	51.48	82439110	4344083456
2017/11/7	52.7	54.08	51.9	52.75	48327874	2551838720
2017/11/6	50.8	53.16	50.32	52.69	45891893	2386966272
2017/11/3	51.28	51.82	50.4	50.65	27045180	1378434432
2017/11/2	50.5	51.37	50.2	51.24	22831186	1161765248
2017/11/1	51.06	52.28	50.3	50.61	35858680	1834346496
2017/10/31	51.6	52.35	50.3	51	37760565	1936277376
2017/10/30	51.2	51.76	49.9	51.76	32499286	1651851008
2017/10/27	50.19	51.2	49.96	50.72	24075081	1216523648
2017/10/26	50.52	51.51	49.95	49.96	40079253	2028650880
2017/10/25	48.59	50.49	48.51	50.4	36001360	1792740992
2017/10/24	47.66	48.65	47.31	48.59	25010907	1206999168
2017/10/23	47.49	48.25	47.26	47.63	23285739	1110662784
2017/10/20	48.3	48.34	47	47.64	23929619	1137891968
2017/10/19	48.65	49.25	48.16	48.63	22164343	1079617024
2017/10/18	48	48.73	47.78	48.73	24221414	1166840576
2017/10/17	46.7	48.22	46.52	48.15	36346209	1733884800
2017/10/16	47.65	48.09	46.83	46.84	23805154	1128973824
2017/10/13	47.6	48.16	47	47.68	19697715	938036288
2017/10/12	47.3	48	46.98	47.68	21306740	1014602944
2017/10/11	46.25	47.98	46.25	47.1	41363337	1957611648
2017/10/10	46.47	46.98	45.38	46.66	37407346	1731026560
2017/10/9	44.8	47.1	44.47	46.47	41920536	1932882688
2017/9/29	43.6	44.6	43.21	44.19	25174214	1112118656
2017/9/28	43.77	43.84	42.81	43.43	23933935	1037368448
2017/9/27	42.59	44	42.59	43.81	23227331	1010546560
2017/9/26	43.21	43.25	42.37	42.68	18245532	779859776
2017/9/25	44.1	44.37	42.65	43.09	32661697	1426475136
2017/9/22	43.2	44.41	43.01	44.1	36755010	1616034688
2017/9/21	43.38	43.9	42.95	43.1	32622117	1416880384
2017/9/20	42.29	43.3	42.29	43.29	48886244	2099765376
2017/9/19	41.86	42.28	41.74	42	27063511	1138284672
2017/9/18	42.22	42.44	41.81	42.03	28821528	1214377088
2017/9/15	40.81	42.15	40.7	42.03	43362414	1810947712
2017/9/14	41.12	41.31	40.54	40.9	15707238	643176832
2017/9/13	40.29	41.19	40.07	41.19	27752314	1132987648
2017/9/12	40.27	40.39	39.69	40.22	31150030	1244801280
2017/9/11	41.26	41.3	40.15	40.31	24046789	976858880
2017/9/8	40.98	41.23	40.73	40.99	17128418	701775680
2017/9/7	40.97	41.29	40.71	40.97	19205366	788505216
2017/9/6	41.5	41.58	40.73	40.97	17151743	703761920
2017/9/5	41.35	41.8	40.9	41.41	25158242	1042408256
2017/9/4	40.83	41.52	40.62	41.36	27304359	1126919168
2017/9/1	41.16	41.43	40.5	40.84	30481215	1247809024
2017/8/31	41.97	42.18	40.38	41	46229662	1897402368
2017/8/30	41.73	42.09	41.7	41.98	14924066	625646528
2017/8/29	42.38	42.47	41.5	41.7	23764808	994369280
2017/8/28	42	42.59	41.95	42.27	35895607	1519785088
2017/8/25	41.83	42	41.47	41.9	34759225	1452770176
2017/8/24	40.98	41.55	40.95	41.52	33450867	1381480192
2017/8/23	40.6	40.92	40.22	40.81	18080682	734549632
2017/8/22	39.88	40.73	39.88	40.45	29682321	1201100032
2017/8/21	39.12	39.87	38.95	39.71	22168379	878293312
2017/8/18	38.98	39.44	38.9	39.13	17084395	669361472
2017/8/17	39.06	39.45	38.85	39.32	26038664	1017919360
2017/8/16	39.69	39.69	38.81	39.05	31826165	1243694720
2017/8/15	40.12	40.12	39.64	39.77	24780374	986854464
2017/8/14	39.66	40.45	39.6	40.12	21084953	844438656
2017/8/11	40.3	40.9	39.6	39.64	23561244	944958208
2017/8/10	40.69	41.18	40.3	40.85	22906180	935040704
2017/8/9	40.13	41.35	39.51	40.8	29355858	1193145216
2017/8/8	40.2	40.48	39.89	39.98	21244041	852359168
2017/8/7	39.35	40.43	38.67	40.29	42068653	1670024960
2017/8/4	40.19	40.39	39.38	39.45	30704481	1218982016
2017/8/3	40.61	41	39.9	40.08	35773018	1437369344
2017/8/2	41.18	41.18	40.75	40.8	25701585	1050314624
2017/8/1	41.21	41.59	40.85	41.19	34303389	1411054208
2017/7/31	41.58	41.58	40.78	41.2	33013694	1355932928
2017/7/28	41.23	41.84	41.07	41.4	24093240	998490176
2017/7/27	42.34	42.34	40.77	41.2	41800681	1724985856
2017/7/26	43.6	43.6	41.93	42.34	38917650	1655228160
2017/7/25	43.44	43.65	42.95	43.42	32736712	1417603456
2017/7/24	41.91	43.55	41.6	43.42	60522159	2602473472
2017/7/21	42.34	42.46	41.68	41.9	29503966	1242799360
2017/7/20	41.3	42.35	40.7	42.25	46636660	1940264064
2017/7/19	41.2	41.93	40.93	41.22	31519178	1304514816
2017/7/18	41.47	41.82	40.68	41	37581523	1540916096
2017/7/17	42.1	42.5	40.5	41.66	46048766	1907521280
2017/7/14	41.8	42.39	41.38	42.17	23161858	970662272
2017/7/13	41.5	42.61	41.35	41.99	27696758	1166065024
2017/7/12	42.81	43.17	41.45	41.7	42562092	1799570688
2017/7/11	41.4	43.3	41.4	42.95	68685309	2919625472
2017/7/10	41.3	41.87	41.2	41.37	29679155	1229483392
2017/7/7	42.13	42.48	41.26	41.63	40535361	1689133824
2017/7/6	42.93	43	41.65	42.6	45566724	1926026752
2017/7/5	41.4	42.96	41.3	42.94	44130678	1868284416
2017/7/4	41.8	41.82	40.92	41.5	51000258	2104852480
2017/7/3	42.85	42.85	41.56	41.8	51331243	2156580864
2017/6/30	43	43.36	42.55	43.04	39196385	1685646592
2017/6/29	42.78	43.25	42.55	43.16	45394479	1947619456
2017/6/28	43.63	43.63	42.5	42.78	58544780	2515804928
2017/6/27	44.4	44.42	43.06	44	49851795	2176423936
2017/6/26	44.17	45.39	44	44.25	60043128	2681264128
2017/6/23	42.75	44.57	42.26	44.48	47558268	2056736896
2017/6/22	42.84	43.44	42.2	42.5	62591806	2681684992
2017/6/21	41.18	42.79	40.6	42.79	49051689	2046649856
2017/6/20	40.5	41.27	40.04	40.88	55267388	2249834240
2017/6/19	39.6	40.55	39.52	40.34	58573578	2346748416
2017/6/16	39.92	40.38	38.94	39.06	45990378	1819097856
2017/6/15	39.25	40.03	39.01	39.7	40391966	1594147456
2017/6/14	40.04	40.2	38.92	39.1	47401821	1865659776
2017/6/13	40.46	40.7	39.95	40.16	29422737	1182718592
2017/6/12	40.15	41.14	39.81	40.46	46562276	1880663296
2017/6/9	40.39	41.06	39.77	40.3	48933750	1982802688
2017/6/8	38.71	40.25	38.71	40.25	45198892	1789706624
2017/6/7	38	39.12	37.81	38.7	53353161	2052782464
2017/6/6	36.5	38.01	36.45	38	47849505	1789235200
2017/6/5	36.29	36.82	36.2	36.39	25682969	938757120
2017/6/2	36.5	36.65	35.8	36.39	34580414	1255234048
2017/6/1	36.16	36.67	36	36.5	40649503	1480882560
2017/5/31	35.78	36.12	35.12	36.12	36876452	1315310976
2017/5/26	35.31	35.94	35.31	35.67	32801198	1170518528
2017/5/25	35.87	36.1	35.2	35.33	41093926	1463033856
2017/5/24	36.16	36.48	35.65	36.11	28275462	1021390208
2017/5/23	36.25	36.58	35.55	36.32	52276026	1889503232
2017/5/22	35.28	36.3	35.28	36.21	47794903	1711710976
2017/5/19	34.71	35.58	34.7	35.54	50578699	1784970880
2017/5/18	34.26	35.06	34.2	34.48	38248848	1327757696
2017/5/17	35.1	35.2	34.31	34.37	50169996	1741741568
2017/5/16	34.54	35.49	34.22	35.32	63049159	2196001536
2017/5/15	35.38	36	35.18	35.31	51852105	1837233408
2017/5/12	35.97	36.35	35.31	35.75	38187857	1364622336
2017/5/11	34.96	35.98	34.74	35.82	40898787	1451845760
2017/5/10	34.44	35.33	34.26	35.15	39320934	1367506688
2017/5/9	35.78	35.78	34.56	35.3	38161916	1337877376
2017/5/8	36.09	36.49	35.03	35.68	31844236	1139028352
2017/5/5	35.5	36.31	35.35	36.15	55059063	1980293376
2017/5/4	35.25	35.58	35.03	35.3	42046195	1487632384
2017/5/3	34.92	35.35	34.39	35.19	35366400	1235841408
2017/5/2	33.21	34.92	33.15	34.92	59691490	2053124224
2017/4/28	34.04	34.04	32.96	33.66	41803695	1390913792
2017/4/27	34.3	34.3	33.35	34.04	34837622	1174443264
2017/4/26	34.43	35.2	34.03	34.3	56487892	1957592192
2017/4/25	33.2	34.3	33.01	34.24	39809302	1340561920
2017/4/24	34	34	33.01	33.12	35097510	1175095040
2017/4/21	34.27	34.55	33.9	34.23	29418329	1004821440
2017/4/20	34.26	35.04	34.25	34.5	51740265	1800422400
2017/4/19	33.93	34.25	33.65	34.23	38721919	1314734720
2017/4/18	33.18	34.22	33.16	34.08	49227457	1668283136
2017/4/17	32.62	33.35	32.49	33.18	38024165	1257959552
2017/4/14	32.96	33.1	32.4	32.64	16940131	552502016
2017/4/13	32.35	33.12	32.33	32.96	24885559	818579584
2017/4/12	32.29	32.75	32.05	32.4	25606535	830673216
2017/4/11	32.83	33.06	31.85	32.4	55991780	1810877184
2017/4/10	33.66	33.76	32.9	32.9	40077667	1330706560
2017/4/7	33.84	34.12	33.56	33.65	36043637	1218565632
2017/4/6	33.26	33.89	33	33.89	44007551	1469071616
2017/4/5	33.23	33.52	32.8	33.19	57047461	1891523456
2017/3/31	33.13	33.59	32.83	33.3	39796406	1321769344
2017/3/30	33.75	33.86	32.81	33.13	44539893	1482720640
2017/3/29	33.95	34.09	33.29	33.8	40609335	1368888704
2017/3/28	34.1	34.3	33.67	33.95	35172768	1190715904
2017/3/27	34.92	35.35	34	34.15	34969871	1210503424
2017/3/24	34.76	35.66	34.61	34.92	43208129	1520361472
2017/3/23	34.37	34.9	34.08	34.75	37418815	1291101056
2017/3/22	34.12	34.42	33.98	34.36	34298780	1173042304
2017/3/21	33.4	34.31	33.36	34.31	41419431	1403674496
2017/3/20	33.46	33.77	33	33.48	33955841	1130342528
2017/3/17	33.83	34.05	33.33	33.41	37922880	1274319104
2017/3/16	34.51	34.76	33.82	33.98	43333001	1478349824
2017/3/15	33.88	34.53	33.8	34.42	32086789	1096873472
2017/3/14	33.94	34.16	33.38	34.02	34191078	1154170240
2017/3/13	34.28	34.79	33.74	33.9	45004050	1537993472
2017/3/10	32.88	34.3	32.77	34.22	48077585	1624041088
2017/3/9	33.3	33.68	32.88	32.92	23799594	788991168
2017/3/8	33.18	33.58	32.8	33.28	36485727	1213541760
2017/3/7	32.9	33.17	32.55	33.01	27466130	903570048
2017/3/6	31.52	33.1	31.52	32.89	43259618	1406128896
2017/3/3	31.49	31.73	31.13	31.72	29981615	942871488
2017/3/2	32.03	32.16	31.38	31.49	21626204	683771072
2017/3/1	31.8	32.05	31.79	32.03	19301163	615952768
2017/2/28	31.65	32.08	31.56	31.86	21088826	671010944
2017/2/27	32.38	32.39	31.58	31.61	33444675	1065158528
2017/2/24	32.98	33.02	32.18	32.37	33884254	1099577984
2017/2/23	33.06	33.28	32.6	33.1	31137295	1025755648
2017/2/22	32.37	33.32	32.31	33.05	33187653	1093310976
2017/2/21	32.71	32.87	32.1	32.45	38615740	1252870400
2017/2/20	32.27	33.47	32.18	32.58	67515453	2228769536
2017/2/17	32.1	32.62	31.8	32.25	39304285	1264349056
2017/2/16	31	32.1	30.93	32.03	41327408	1302877952
2017/2/15	30.83	31.45	30.7	31.06	30427042	947849152
2017/2/14	31	31.29	30.6	30.69	26523718	818126144
2017/2/13	30.05	30.94	30.05	30.91	44650847	1368505984
2017/2/10	30.1	30.48	29.99	30.12	26991885	814459136
2017/2/9	29.94	30.12	29.87	30.02	25101671	753527808
2017/2/8	29.65	30.07	29.58	29.88	25621590	763569856
2017/2/7	30	30.17	29.54	29.65	32400398	965184256
2017/2/6	29.9	30.46	29.86	29.99	29719260	896997440
2017/2/3	29.7	30.05	29.4	29.9	23840976	708232128
2017/1/26	29.45	30.14	29.45	29.9	34191530	1022714688
2017/1/25	29.03	29.59	28.96	29.4	28451758	836778112
2017/1/24	28.97	29.3	28.8	29.1	26808705	777495424
2017/1/23	29.36	29.48	28.9	28.96	25106865	732238784
2017/1/20	28.74	29.35	28.72	29.22	32630800	952583488
2017/1/19	29	29.15	28.58	28.77	37098442	1069010752
2017/1/18	28.76	29.52	28.76	29.14	33983685	996433472
2017/1/17	28.2	28.95	28.15	28.91	23461039	670703552
2017/1/16	28.22	28.62	27.79	28.25	29154002	823699840
2017/1/13	28.24	28.5	28.19	28.22	19486113	551763392
2017/1/12	28.6	28.85	28.18	28.2	25368155	721008960
2017/1/11	29.07	29.24	28.48	28.6	24037092	692519360
2017/1/10	29	29.41	29	29.18	16612513	484385888
2017/1/9	29.48	29.5	28.91	29.25	17747932	517889504
2017/1/6	29.69	29.69	29.2	29.39	19794180	580370048
2017/1/5	29.82	29.93	29.51	29.69	19176212	568420736
2017/1/4	29.13	29.98	29.13	29.83	35806832	1057612160
2017/1/3	28.65	29.5	28.62	29.12	44108241	1282988928
2016/12/30	28.05	28.32	27.9	28.17	17263516	485375904
2016/12/29	28	28.14	27.97	28.02	17665394	495542368
2016/12/28	28.3	28.37	27.9	28.07	17691965	496430272
2016/12/27	28.31	28.62	28.2	28.3	23458942	666870592
2016/12/26	28.1	28.35	27.91	28.31	16129045	453797728
2016/12/23	28.36	28.58	28.06	28.13	13529635	382057664
2016/12/22	28.34	28.6	28.06	28.38	14758889	418630592
2016/12/21	28.33	28.75	28.21	28.38	19134370	543882560
2016/12/20	28.84	29.03	28.02	28.23	21744842	618197952
2016/12/19	29	29.3	28.66	28.85	21110573	612115072
2016/12/16	27.9	29.2	27.9	29.2	38413579	1090722560
2016/12/15	28.28	28.3	27.5	27.83	29346213	818175232
2016/12/14	28.85	29.12	28.4	28.4	20756608	596990528
2016/12/13	29.06	29.5	28.38	28.8	39018212	1126343808
2016/12/12	29.95	30	29.18	29.29	34994743	1034597376
2016/12/9	29.22	30.56	29.13	30.18	61417364	1840673536
2016/12/8	29.04	29.35	28.9	29.11	26205361	763643712
2016/12/7	28.89	29.22	28.72	28.89	23746911	687204416
2016/12/6	28.82	29.42	28.79	28.87	32569360	948520320
2016/12/5	28.39	29.28	28.3	28.62	58194538	1672072960
2016/12/2	31	31	29.54	29.87	50794271	1521112064
2016/12/1	31.3	32.2	30.4	30.85	90766574	2828150272
2016/11/30	31.09	31.31	30.14	30.28	60767554	1851255168
2016/11/29	30	32.25	29.87	31.47	120873013	3777693440
2016/11/28	29.35	30.49	28.8	30.12	80168715	2371494656
2016/11/25	28.89	29.3	28.2	29	35865533	1035308672
2016/11/24	27.8	29.5	27.69	28.98	77506821	2227223808
2016/11/23	27.47	28.2	27.47	28.05	45671206	1277341696
2016/11/22	27.61	27.78	27.4	27.44	17065789	470056096
2016/11/21	27.13	27.78	27.13	27.58	35242593	970001600
2016/11/18	27.02	27.22	26.93	27.13	14911388	403465280
2016/11/17	27	27.18	26.85	27	16811777	453307136
2016/11/16	27	27.07	26.86	26.94	11325381	305149824
2016/11/15	27.05	27.09	26.87	27	23755301	639687104
2016/11/14	27.56	27.63	26.98	27.1	32829345	893464384
2016/11/11	27.55	27.7	27.29	27.43	19100786	524189184
2016/11/10	27.3	27.74	27.3	27.57	22722922	627256000
2016/11/9	27.49	27.49	26.9	27.18	21096697	573731136
2016/11/8	27.03	27.6	27.03	27.4	18522343	506591232
2016/11/7	27.02	27.1	26.76	26.95	14285566	384758720
2016/11/4	27.3	27.56	26.98	26.99	20128149	547120448
2016/11/3	27.3	27.69	27.3	27.4	15732378	433094880
2016/11/2	27.71	27.71	27.3	27.48	23445241	645368448
2016/11/1	27.2	27.91	27.17	27.77	40892220	1127865216
2016/10/31	26.86	27.19	26.67	27.15	41947232	1131912576
2016/10/28	26.64	26.83	26.49	26.76	20745154	553742336
2016/10/27	26.66	26.7	26.4	26.68	12449359	330062944
2016/10/26	26.8	26.85	26.59	26.67	18388687	491053888
2016/10/25	26.66	26.88	26.53	26.8	29063381	777320448
2016/10/24	26.53	26.75	26.39	26.66	34696954	922414272
2016/10/21	26.18	26.53	26.16	26.38	23097359	608799360
2016/10/20	26.14	26.34	25.99	26.25	15570390	407467360
2016/10/19	26.36	26.39	26.08	26.14	15399856	403273952
2016/10/18	26.1	26.36	26.05	26.35	22703193	594479936
2016/10/17	26.48	26.53	26.21	26.27	14033212	370332576
2016/10/14	26.32	26.52	26.25	26.37	17300794	456589376
2016/10/13	26.87	26.87	26.29	26.3	22568949	597663616
2016/10/12	26.98	26.98	26.76	26.81	12125548	325080768
2016/10/11	26.9	27.14	26.68	27	22004789	592388992
2016/10/10	27.18	27.2	26.52	26.95	25921181	696636608
2016/9/30	26.59	27.17	26.51	27.01	20465989	552535488
2016/9/29	26.29	26.55	26.2	26.5	12280360	324708064
2016/9/28	26.24	26.4	26.12	26.19	11223630	294764800
2016/9/27	25.86	26.2	25.76	26.16	10749633	279575520
2016/9/26	26.25	26.31	26	26.02	11500682	301076064
2016/9/23	26.21	26.36	26.12	26.26	13288004	348663680
2016/9/22	26.1	26.33	25.93	26.15	22010478	575505664
2016/9/21	26.01	26.05	25.88	25.97	9294078	241438464
2016/9/20	26.08	26.08	25.74	25.91	9971872	258218032
2016/9/19	25.4	26.25	25.39	26	26556893	690391424
2016/9/14	26.21	26.21	25.18	25.4	39798629	1021454464
2016/9/13	26.46	26.55	26.27	26.34	16457280	434327968
2016/9/12	26.74	26.74	26.11	26.29	35950103	947670592
2016/9/9	27.27	27.27	26.98	27.02	18190721	492979424
2016/9/8	27.23	27.45	27.09	27.21	20133941	548851328
2016/9/7	27.29	27.38	27.11	27.23	19284352	525836832
2016/9/6	27.3	27.44	26.9	27.31	30546714	828005760
2016/9/5	27.13	27.54	26.9	27.43	28757195	786319424
2016/9/2	27.78	28.07	26.91	27.12	37396799	1022135936
2016/9/1	27.33	27.62	27.15	27.47	25285622	693932736
2016/8/31	27.05	27.68	27.03	27.4	36784708	1008493440
2016/8/30	27.05	27.2	26.71	26.87	24497489	658946880
2016/8/29	27.18	27.33	26.88	27.05	21566295	583192640
2016/8/26	27.49	27.73	27.13	27.22	20064586	550993536
2016/8/25	27.25	27.73	27	27.5	22906820	625824448
2016/8/24	27.7	27.79	27.21	27.3	22811351	624708672
2016/8/23	27.5	28.08	27.4	27.63	27643936	767354048
2016/8/22	27.86	27.86	27.32	27.42	25824868	710455360
2016/8/19	27.94	28.28	27.68	27.86	27703782	772131776
2016/8/18	28.36	28.49	27.84	28.07	35350670	991996032
2016/8/17	28.6	29.1	28.27	28.43	45391157	1301493504
2016/8/16	28.01	29.15	28.01	28.35	69474666	1990160768
2016/8/15	27.05	28.03	26.65	27.92	67775783	1862533888
2016/8/12	27.24	27.35	26.4	27.04	49373286	1323216768
2016/8/11	27.26	27.59	27.16	27.24	29570906	809177472
2016/8/10	27.68	27.99	27.09	27.23	43563723	1196222208
2016/8/9	27.89	28.05	27.33	27.83	33570092	929091200
2016/8/8	27.96	27.96	27.18	27.69	34470242	947532736
2016/8/5	27.65	28.46	27.56	27.97	44837432	1259936256
2016/8/4	27.85	28.12	27.53	27.69	35255512	977595392
2016/8/3	27.42	28.08	27.27	28.01	37767455	1048249152
2016/8/2	27.68	27.74	26.97	27.6	43686022	1192078720
2016/8/1	28.04	28.58	27.51	27.76	47797885	1335042432
2016/7/29	27.78	28.8	27.52	28.2	72082505	2041009408
2016/7/28	26.96	28.38	26.8	27.78	80619290	2243058176
2016/7/27	27.6	27.7	26.36	26.96	61224194	1657006208
2016/7/26	26.69	27.63	26.4	27.54	63149661	1709602176
2016/7/25	27.01	27.43	26.62	26.66	47954066	1291139328
2016/7/22	28.1	28.3	27	27.28	52475526	1443097728
2016/7/21	27.58	29.29	27.5	28.07	64280665	1825547520
2016/7/20	27.49	27.78	27.01	27.3	31844826	867872000
2016/7/19	28.32	28.55	27.11	27.45	60078343	1661231104
2016/7/18	28.39	29.29	28.01	28.46	55213848	1577573120
2016/7/15	27.06	29.57	27.06	28.65	86992561	2457773312
2016/7/14	27.16	27.65	26.77	27.04	45623148	1237514496
2016/7/13	27.87	28.69	27.05	27.35	89421783	2479972864
2016/7/12	25.05	27.46	24.98	27.46	115331093	3078896896
2016/7/11	24.35	25.22	24.16	24.96	66505083	1655500544
2016/7/8	24.62	24.75	24.05	24.15	37377178	907840192
2016/7/7	24.45	24.96	24.33	24.44	59545975	1471120384
2016/7/6	24.05	24.46	23.86	24.38	40593291	980967040
2016/7/5	24.55	24.59	24.02	24.1	42663992	1030258624
2016/7/4	24.01	25.08	23.93	24.45	65046066	1598368640
2016/7/1	23.79	24.63	23.79	24.08	47416456	1150129024
2016/6/30	23.44	23.78	23.23	23.72	51989503	1223986816
2016/6/29	23.28	23.47	23.09	23.37	31857127	741261888
2016/6/28	23.52	23.52	22.97	23.35	50758050	1180515200
2016/6/27	22.66	23.87	22.66	23.64	41463643	972892288
2016/6/24	22.74	23.23	22.5	22.83	39087493	896873344
2016/6/23	22.95	23.03	22.6	22.7	17928263	408680864
2016/6/22	22.61	23.03	22.54	22.96	18079780	413277504
2016/6/21	22.99	23.15	22.63	22.72	23291425	534140256
2016/6/20	22.26	23.03	22.21	22.96	36062846	818210688
2016/6/17	22.77	22.9	22.22	22.43	27595876	622869376
2016/6/16	22.64	22.71	22.18	22.36	17580475	393835712
2016/6/15	22.16	23.06	22.13	22.78	28236018	641982592
2016/6/14	22.3	22.69	22.11	22.58	20476417	459586304
2016/6/13	22.41	22.83	22.25	22.3	27585859	620447232
2016/6/8	23	23	22.5	22.68	27385702	620325696
2016/6/7	23.73	23.83	23	23.13	37615544	872772096
2016/6/6	23.1	24.03	23	23.73	44767955	1056676672
2016/6/3	22.56	23.23	22.45	23.08	36714646	841547712
2016/6/2	22.71	22.88	22.36	22.56	38735296	873208192
2016/6/1	23.1	23.45	22.44	22.86	79182460	1815074176
2016/5/17	21.65	21.8	21.3	21.35	18828846	404102272
2016/5/16	21.51	22	21.51	21.8	17884946	388807840
2016/5/13	21.81	22.23	21.42	21.51	21455461	467593184
2016/5/12	21.6	22.55	21.3	21.9	40702798	895938432
2016/5/11	21.16	22.21	21.09	21.96	58911733	1280862720
2016/5/10	20.4	21.59	20.15	21.08	48148741	1008644032
2016/5/9	20.08	20.7	19.99	20.35	32284589	656633600
2016/5/6	20.97	21.14	20.35	20.35	38785799	804154752
2016/5/5	33.07	33.24	32.85	32.99	19547683	644939328
2016/5/4	33.3	33.79	32.8	32.96	27683061	917913728
2016/5/3	32.21	34.08	32.2	33.84	29626941	991403712
2016/4/29	31.02	32.26	31.02	32.1	25404055	809800960
2016/4/28	31.12	31.53	30.54	30.78	13898550	429000128
2016/4/27	31.28	31.47	30.92	30.98	10963294	341910720
2016/4/26	31.23	31.69	31.1	31.38	10523476	330326176
2016/4/25	30.8	31.55	30.7	31.2	21088323	659180160
2016/4/22	29.6	30.93	29.56	30.8	14925480	455267200
2016/4/21	29.8	30.08	29.65	29.74	8115302	242668320
2016/4/20	30.78	30.78	29.51	29.88	20241714	606508928
2016/4/19	30.71	30.85	30.4	30.78	7885010	240876608
2016/4/18	30.96	30.96	30.45	30.62	9097038	278480448
2016/4/15	30.95	31.1	30.8	30.96	8702882	269355552
2016/4/14	30.79	31.07	30.7	30.92	11793469	364153504
2016/4/13	30.6	31.08	30.52	30.68	18590698	573945600
2016/4/12	30.4	30.54	30.2	30.46	8291086	251867136
2016/4/11	30.23	30.55	30.2	30.4	15007611	456355584
2016/4/8	30	30.33	29.84	30.02	8435194	253197760
2016/4/7	30.81	30.93	30.05	30.1	14125067	429399328
2016/4/6	30.7	30.97	30.56	30.75	11321474	348560320
2016/4/5	30.26	30.94	30.26	30.79	14647165	449341184
2016/4/1	31	31	30.2	30.59	10261031	313282080
2016/3/31	30.68	31.39	30.68	30.85	20354021	631765056
2016/3/30	30.16	30.55	29.98	30.53	19376003	586461120
2016/3/29	30.75	30.78	29.8	29.99	16149949	488349312
2016/3/28	32.01	32.27	30.5	30.6	25684031	803340032
2016/3/25	30.6	31.66	30.56	31.4	16853836	526500832
2016/3/24	30.03	31.25	29.78	30.87	21918238	666782848
2016/3/23	30.29	30.6	29.98	30.28	9657849	292222912
2016/3/22	30.45	30.95	30.29	30.54	13510527	413263136
2016/3/21	30.15	30.59	30.02	30.38	19835515	600612480
2016/3/18	30.1	30.46	29.71	30.04	24572539	738878016
2016/3/17	29.51	29.99	29.43	29.85	10487447	311932960
2016/3/16	29.61	29.61	29.1	29.26	7424657	217418592
2016/3/15	29.78	29.8	29	29.64	11624030	342046176
2016/3/14	29.34	30.15	29.33	29.55	16184907	482072256
2016/3/11	28.84	29.38	28.71	29	6235392	181117664
2016/3/10	28.75	29.66	28.69	29.03	10550977	307604928
2016/3/9	28.55	29.35	28.32	28.78	9429059	273531616
2016/3/8	29.25	29.3	28.28	28.85	9247334	265065472
2016/3/7	29.2	29.92	28.85	29.23	11665002	342677216
2016/3/4	28.78	29.75	28.55	29.12	26245662	767632512
2016/3/3	29.15	29.3	28.5	28.6	14825167	427886496
2016/3/2	27.19	29.18	26.97	29.18	35574638	1016690688
2016/3/1	26.15	26.97	26.09	26.96	11008693	294041824
2016/2/29	26.78	26.79	25.72	26.07	13187816	343619104
2016/2/26	26.59	26.91	26.46	26.84	9505338	253976912
2016/2/25	27.72	27.83	26	26.47	16250633	437138496
2016/2/24	27.8	27.96	27.32	27.84	8208646	226804320
2016/2/23	28.07	28.1	27.72	27.87	9740294	271761120
2016/2/22	27.99	28.15	27.52	28.04	11233411	313698016
2016/2/19	27.81	27.93	27.5	27.6	6615046	183255840
2016/2/18	28.13	28.29	27.78	27.86	6958189	194440096
2016/2/17	27.66	28.22	27.61	27.95	11642326	325527200
2016/2/16	27.33	27.8	27.1	27.74	13392115	368560320
2016/2/15	26.95	27.28	26.72	26.96	11744093	317039840
2016/2/5	27.4	27.68	27.27	27.42	10029004	275667520
2016/2/4	27.22	27.67	27.11	27.29	9208826	252010640
2016/2/3	27.48	27.58	26.81	27.17	13041001	353568896
2016/2/2	27.35	27.98	27.3	27.61	10567871	293500224
2016/2/1	27.32	27.56	27.11	27.35	8426900	230327632
2016/1/29	26.35	27.5	26.2	27.31	12192388	331295232
2016/1/28	26.03	26.97	25.88	26.51	13262052	351633312
2016/1/27	26	26.43	25.15	26.23	18425264	476125024
2016/1/26	27.04	27.23	25.77	25.85	19729485	521849856
2016/1/25	27.22	27.49	27.07	27.2	9353881	255115184
2016/1/22	27.39	27.44	26.5	27.08	16937202	456262208
2016/1/21	27.63	28.23	27.02	27.03	21196691	584255360
2016/1/20	28.7	29	27.65	28.03	23014583	649803584
2016/1/19	27.82	29.28	27.66	28.82	21806148	619797760
2016/1/18	27.74	28.55	27.4	27.8	21498633	600503872
2016/1/15	29.6	29.82	28.1	28.39	24067914	696595392
2016/1/14	28.02	29.78	28.01	29.6	26566028	773073088
2016/1/13	29.06	29.93	28.55	28.99	19005027	555836416
2016/1/12	28.62	29.17	28.18	28.81	21424986	616486976
2016/1/11	29	29.54	28.19	28.4	28231103	816072640
2016/1/8	30.21	30.59	28.73	29.81	37458179	1117506944
2016/1/7	30.9	30.98	28.88	29.04	6375400	191155840
2016/1/6	31.28	31.95	30.92	31.59	20197645	634290688
2016/1/5	29.72	31.48	29.53	31.33	31216593	962833792
2016/1/4	32.82	33.18	29.54	29.72	20033877	637157824
2015/12/31	33.45	33.58	32.55	32.82	17833301	589581696
2015/12/30	33.01	34.3	32.88	33.43	44558105	1502908288
2015/12/29	31.05	33.98	30.66	33.09	36755288	1191961472
2015/12/28	32.22	32.51	31	31	20393580	647355456
2015/12/25	31.75	32.24	31.72	32.15	11185471	357723552
2015/12/24	32.43	32.43	31.17	31.7	16999229	538114880
2015/12/23	32.2	33.28	31.88	32.45	32333920	1064031744
2015/12/22	31.88	32.88	31.62	32.45	27299101	881777984
2015/12/21	29.8	32.58	29.72	31.87	46886750	1482978688
2015/12/18	30.18	30.48	29.5	29.72	16047235	480553888
2015/12/17	29.88	30.64	29.88	30.18	20260577	614293568
2015/12/16	30.05	30.1	29.7	29.78	11969167	357186016
2015/12/15	29.98	30.3	29.57	30.05	22226396	665497664
2015/12/14	29.18	30.24	29.03	30.05	33349745	996293440
2015/12/11	28.91	29.52	28.56	29.38	23987307	699824320
2015/12/10	28.6	29.46	28.58	28.88	30528259	891339968
2015/12/9	28.06	28.95	28.06	28.51	18739548	536198976
2015/12/8	29.02	29.02	28.05	28.18	18228108	518709856
2015/12/7	29.13	29.63	28.63	29.31	23481550	686734208
2015/12/4	28.86	29.38	28.55	29.09	24958190	724199296
2015/12/3	29.09	29.44	28.8	29.1	22658944	660217152
2015/12/2	27.78	30.33	27.6	29.3	58529163	1709867392
2015/12/1	26.86	28.21	26.51	27.83	24238541	666026176
2015/11/30	27.28	27.35	26.17	26.83	21306430	571032640
2015/11/27	28.44	28.47	27	27.11	28239940	785533120
2015/11/26	28.39	28.94	28.3	28.63	31111582	890293568
2015/11/25	28.49	28.57	28.1	28.29	31692169	896717568
2015/11/24	28.14	28.57	28.02	28.5	19402960	547501696
2015/11/23	28.17	28.38	27.9	28.1	25663306	722055680
2015/11/20	28.49	28.55	27.92	28.18	40774150	1148034304
2015/11/19	28.4	28.58	27.9	28.47	35089474	991226944
2015/11/18	29.12	29.16	28.33	28.35	30147848	863942336
2015/11/17	29	29.48	28.82	29.01	32210345	940608896
2015/11/16	28.69	28.9	28.52	28.8	29743834	852226624
2015/11/13	29.42	29.43	28.82	28.99	20128419	585517568
2015/11/12	29.64	29.85	29.42	29.73	14703937	436293440
2015/11/11	29.7	29.74	29.23	29.44	17340451	510869056
2015/11/10	30.06	30.22	29.45	29.63	23258701	692802432
2015/11/9	30.1	31	30.03	30.3	26975435	821175104
2015/11/6	29.87	30.22	29.7	30.12	25523951	765096832
2015/11/5	29.35	30.52	29.06	30.05	39684055	1187986432
2015/11/4	28.18	29.39	28.15	29.35	28064575	815220480
2015/11/3	28.38	28.57	27.9	28.18	15305351	432520992
2015/11/2	27.68	28.97	27.58	28.38	28336160	810188672
2015/10/30	27.62	28.4	27.28	28.01	28765588	804238400
2015/10/29	27.02	27.88	26.74	27.76	32052941	873601664
2015/10/28	27.43	27.43	26.62	26.79	24692178	665857536
2015/10/27	27.42	27.77	26.85	27.38	19402375	527449216
2015/10/26	28.21	28.3	27.56	27.8	22144343	616032512
2015/10/23	27.08	27.74	27.08	27.58	19668186	540536704
2015/10/22	26.55	26.98	26.51	26.95	17596734	470640800
2015/10/21	27.6	27.86	26.57	26.67	22840290	622333888
2015/10/20	27.4	27.52	27.2	27.5	14827495	405439520
2015/10/19	27.7	27.78	27.12	27.42	20203015	555874240
2015/10/16	27.41	28.08	27.3	27.66	22177382	614033664
2015/10/15	26.94	27.56	26.83	27.52	20791003	565110528
2015/10/14	27.61	27.74	26.9	26.97	20817983	566828928
2015/10/13	28.2	28.2	27.63	27.92	17334722	483528288
2015/10/12	27.22	28.38	27	28.29	27868677	774116736
2015/10/9	27.05	27.25	26.74	27.1	14428276	390128320
2015/10/8	26.5	27.74	26.5	27.11	37937094	1030189056
2015/9/30	24.72	25.38	24.72	25.23	12239911	307349088
2015/9/29	24.79	24.93	24.47	24.57	11615717	286236736
2015/9/28	25.12	25.15	24.73	25.1	10799093	269359232
2015/9/25	26.01	26.05	24.95	25.1	18559580	469431648
2015/9/24	26.07	26.56	25.86	26.13	12004218	315204768
2015/9/23	26.4	26.4	25.78	25.84	12130958	316300448
2015/9/22	26.4	26.96	26.39	26.65	15591573	416417408
2015/9/21	25.54	26.56	25.52	26.53	13657649	355562304
2015/9/18	25.68	25.97	25.61	25.88	11668951	301106464
2015/9/17	26.52	26.7	25.3	25.5	19481563	512478656
2015/9/16	25.2	26.98	24.98	26.64	20269228	521919840
2015/9/15	25.88	25.88	24.7	25	20303484	510613856
2015/9/14	27.4	27.42	25.5	26.01	24433888	641743872
2015/9/11	27.43	27.55	27.13	27.25	9503818	259649584
2015/9/10	27.52	27.78	27.33	27.36	14092056	387788480
2015/9/9	27.41	28.23	27.13	27.9	26777285	743461504
2015/9/8	26.65	27.48	26.11	27.4	20686655	556197312
2015/9/7	28.55	28.99	26.72	26.86	43830923	1216507776
2015/9/2	27.85	28.97	27.32	28.75	64347291	1821117184
2015/9/1	27.99	28.88	27.32	28.83	48440981	1367208704
2015/8/31	27.8	28.79	26.55	28.79	49991081	1384090624
2015/8/28	26.72	27.67	26.61	27.35	36457571	991774784
2015/8/27	26.2	26.63	25.17	26.54	40262972	1051756032
2015/8/26	24.18	26.12	23.88	25.23	54967201	1383446144
2015/8/25	23.86	26.18	23.33	23.76	54896159	1355341696
2015/8/24	26.98	26.99	25.27	25.28	52360311	1331971328
2015/8/21	29.69	29.99	28	28.08	30028068	868411392
2015/8/20	30.56	30.98	30.01	30.01	24042295	727157504
2015/8/19	30.57	31.4	30	31.27	25889059	796330880
2015/8/18	32.68	32.98	30.69	30.93	25517502	816157632
2015/8/17	33.24	33.24	32.5	32.68	17147961	560748480
2015/8/14	33.64	33.69	33.2	33.3	17502360	585784896
2015/8/13	33.41	33.87	33	33.63	15754251	526669888
2015/8/12	34.61	34.94	33.5	33.51	22699831	776570560
2015/8/11	34.7	34.95	34.42	34.6	24720311	856974720
2015/8/10	34.22	35.12	33.6	34.95	30259810	1038542976
2015/8/7	34.29	34.5	33.8	34.22	14913699	510442112
2015/8/6	33.79	34.5	33.01	33.82	17598970	594223360
2015/8/5	35.5	35.99	34.3	34.41	35487734	1247682304
2015/8/4	33.93	34.09	33.04	34.06	22825969	769591040
2015/8/3	32.58	34	32.48	34	31154772	1035419200
2015/7/31	31.75	33.21	31.61	33.15	32407553	1060298560
2015/7/30	33.38	33.78	32.1	32.25	20397588	675772288
2015/7/29	33	33.53	32.54	33.42	28478986	939612416
2015/7/28	30.87	33.55	30.56	32.88	56326708	1814197760
2015/7/27	33.91	34.21	31.01	31.5	44932006	1488742784
2015/7/24	34.85	35.5	34.2	34.36	30540891	1067331968
2015/7/23	34.3	35	34	34.85	31869269	1104377600
2015/7/22	35.41	35.76	34.1	34.37	36019291	1250358912
2015/7/21	35.06	35.5	34.86	35.03	21271203	747400384
2015/7/20	36.55	36.56	35.3	35.63	29121421	1046133952
2015/7/17	36.12	36.95	35.6	36.42	35328116	1277383552
2015/7/16	36	36.4	34.88	35.6	30862238	1105386624
2015/7/15	35.44	36.5	33.81	36	36258369	1268218368
2015/7/14	37.33	37.55	36.01	36.04	52213203	1909335168
2015/7/13	37.29	39.38	36.38	38.09	78097567	2958227968
2015/7/10	34	37.28	33.89	37.25	72185400	2651565312
2015/7/9	30.81	33.89	29	33.89	62243192	2013181056
2015/7/8	30.81	31.5	30.81	30.81	115388476	3574854400
2015/7/7	34.01	34.94	32.9	34.23	77361419	2625066240
2015/7/6	36.55	36.55	32.99	35	75178048	2585614592
2015/7/3	36	36	32.76	33.3	60874387	2089743232
2015/7/2	36.2	36.5	33.68	35.99	48577902	1719085184
2015/7/1	37	37.8	35.52	35.6	48541770	1794035072
2015/6/30	34.27	37.38	33.8	37.28	75078868	2693630464
2015/6/29	36	36.64	32.5	34.3	90937483	3191557632
2015/6/26	35.8	36.61	33.2	34.41	52991654	1844983552
2015/6/25	39.1	39.88	36	36.71	57041384	2181446400
2015/6/24	38.05	39	37.3	38.84	51962160	1989228928
2015/6/23	34.98	38.15	34.8	38	52787032	1937786880
2015/6/19	35.79	36.84	33	35.02	35452538	1271766016
2015/6/18	36.98	37.14	35.86	35.91	30265565	1103264256
2015/6/17	36.75	37.2	36.01	36.98	25990068	950098880
2015/6/16	36.57	37.14	35.73	36.45	33203355	1209704192
2015/6/15	37.93	38.08	36.36	36.51	43517491	1608845696
2015/6/12	38.08	38.69	37.55	37.87	36525158	1388734976
2015/6/11	38.77	39.26	37.71	38.08	30427905	1164746112
2015/6/10	38.11	39.38	37.8	38.77	33060813	1279451904
2015/6/9	39.4	39.82	38.2	38.62	41610362	1627174912
2015/6/8	37.72	39.48	37.2	39.37	63114809	2440146688
2015/6/5	38.26	38.98	36.95	37.68	45745356	1742067840
2015/6/4	39	39	35.24	38.03	36413101	1358142336
2015/6/3	38.45	39.6	38.34	39.1	41423504	1614196096
2015/6/2	38.41	38.6	37.4	38.44	36818747	1398865664
2015/6/1	37.11	38.5	36.98	38.4	34768076	1322991744
2015/5/29	36.85	37.5	35.3	37	42695899	1568373504
2015/5/28	39.63	40	36.8	36.84	39237335	1510353280
2015/5/27	40.6	41.07	39.39	39.63	33975049	1357280896
2015/5/26	38.58	41.49	38.56	40.58	49675847	2002994816
2015/5/25	38.15	38.84	37.5	38.58	37949597	1454409600
2015/5/22	38.3	38.55	37.02	38.12	35661092	1349015808
2015/5/21	36.48	38.48	36.48	38.1	49851521	1877053056
2015/5/20	35.6	36.56	35.22	35.84	48865405	1757078656
2015/5/19	33.33	35	33.3	34.83	35521083	1217427328
2015/5/18	34	34	33.13	33.21	30773506	1028329344
2015/5/15	35.25	35.29	33.96	34.2	26969868	927394560
2015/5/14	35.77	36.15	35.25	35.41	23474537	835156544
2015/5/13	35.55	36.5	35.2	35.9	38728922	1388811776
2015/5/12	35.7	36.18	35.1	35.46	32285610	1144930432
2015/5/11	35.1	35.65	34.58	35.65	40356486	1418239360
2015/5/8	35.5	35.86	34.75	35.2	34991257	1233945856
2015/5/7	34	35.13	33.72	34.88	28520621	982493568
2015/5/6	34.8	34.93	33.91	34.13	35435003	1220652160
2015/5/5	35.9	35.98	33.87	34.09	41778503	1448340864
2015/5/4	36.95	36.96	35.9	36.08	37443021	1354295680
2015/4/30	36.28	37.66	36	36.97	54409365	2013059456
2015/4/29	37.82	38.37	37.27	37.45	46196056	1737329664
2015/4/28	37.48	38.88	36.75	37.37	81213187	3077442816
2015/4/27	36.6	37.44	36.16	36.58	33569165	1229272960
2015/4/24	36.25	36.97	35.8	36.2	33808178	1226160128
2015/4/23	37.05	37.49	36.17	36.53	36886226	1348921216
2015/4/22	37.7	38.88	37	37.01	55425353	2090318080
2015/4/21	35.49	37.15	35.18	37	57130309	2084685440
2015/4/20	35.7	36.49	34.63	35.1	57472197	2037619456
2015/4/17	34.15	36.5	33.68	35.78	78378234	2753413376
2015/4/16	32.03	33.4	31.86	33.4	42619132	1403986944
2015/4/15	33.15	33.15	32.03	32.03	41864167	1364833408
2015/4/14	32.98	33.45	32.64	33.21	42832251	1414253568
2015/4/13	33.7	34.25	32.8	33	72082948	2402703104
2015/4/10	32.42	33.6	32.42	33.52	35420757	1173751424
2015/4/9	33.91	33.95	32.53	32.88	40755073	1347286912
2015/4/8	34.25	34.28	33.31	33.91	37363989	1263790208
2015/4/7	34.31	34.89	33.72	34.15	48914359	1669415808
2015/4/3	34.13	34.13	33.45	33.88	36814454	1241541760
2015/4/2	34.57	34.68	33.43	34.24	40829397	1388517376
2015/4/1	32.99	34.5	32.7	34.18	47880133	1625659264
2015/3/31	34.69	34.69	32.51	32.95	75600452	2544112384
2015/3/25	31.6	31.83	31.4	31.54	28349878	894341760
2015/3/24	32.61	32.78	31.53	32.09	39188921	1251489024
2015/3/23	31.81	32.57	31.6	32.21	31957728	1027188096
2015/3/20	31.86	32.3	31.46	31.51	31521775	997473408
2015/3/19	32.18	32.68	31.69	32	34273180	1097843456
2015/3/18	31.7	32	31.32	31.99	37977215	1202635520
2015/3/17	31.75	31.78	31.2	31.47	29110958	914548672
2015/3/16	31.2	31.6	30.7	31.5	24284228	759688512
2015/3/13	30.69	31.5	30.6	31	19703512	610843520
2015/3/12	31.32	31.38	30.66	30.68	20273051	626647872
2015/3/11	29.82	30.97	29.81	30.97	32050462	984717504
2015/3/10	29.85	30.33	29.66	29.81	18973677	567670976
2015/3/9	29	30	28.8	29.98	25717020	754379072
2015/3/6	29.75	29.95	29.2	29.42	21417572	631626240
2015/3/5	30.2	30.49	29.5	29.7	34709544	1034165952
2015/3/4	30.3	31.14	30.15	30.8	24591449	754765696
2015/3/3	31.17	31.52	30.3	30.34	28407783	876160832
2015/3/2	31.54	31.83	31.14	31.46	26377669	829426880
2015/2/27	31.7	31.98	31.19	31.46	19939362	628723840
2015/2/26	31.66	31.79	31.12	31.75	18684346	588438208
2015/2/25	31.9	32.35	31.3	31.79	36733475	1169279104
2015/2/17	30.3	31.84	30.1	31.59	38347961	1197468800
2015/2/16	30.44	30.5	30	30.18	19525981	589192000
2015/2/13	30.51	30.76	30.14	30.33	22937091	697578112
2015/2/12	30.5	30.76	30.16	30.39	13467539	409651072
2015/2/11	30.8	30.8	30.22	30.37	16115712	491666592
2015/2/10	29.9	30.58	29.7	30.45	23668571	716106944
2015/2/9	29.18	29.99	29.01	29.56	18004002	531394688
2015/2/6	29.01	29.73	28.51	29.11	15643109	456274560
2015/2/5	30	30.49	29	29	29547882	881037120
2015/2/4	29.76	30.27	29.3	29.31	20930397	624896128
2015/2/3	29.46	29.5	29	29.37	17933455	524301376
2015/2/2	29.5	29.94	28.88	28.89	23259089	681058816
2015/1/30	29.96	30.9	29.95	30.03	26077875	794075648
2015/1/29	29.63	30.3	29.6	29.9	23934492	714512256
2015/1/28	30.45	30.81	30.06	30.38	22639316	688043456
2015/1/27	31.02	31.3	30.25	30.85	35751833	1102678144
2015/1/26	30.8	31.09	30.54	30.8	24519211	755111168
2015/1/23	30.89	31.28	30.31	30.5	26872719	822756800
2015/1/22	31.19	31.38	30.5	30.86	26107290	806314048
2015/1/21	30.56	31.42	30.09	31.18	38473000	1182623488
2015/1/20	29.51	30.87	29.48	30.5	44534828	1341859200
2015/1/19	30	31	28.33	29.47	61883378	1831044736
2015/1/16	32	32.05	31.15	31.48	37834397	1188067584
2015/1/15	31.85	32.45	31.05	32.05	30902757	978807936
2015/1/14	33.39	33.4	31.4	31.88	36526991	1177625984
2015/1/13	32.01	33.48	31.51	33.2	45576502	1491650048
2015/1/12	31.08	32.65	30.5	32.02	43823471	1396137856
2015/1/9	31.97	32.8	31.09	31.11	43316849	1390729216
2015/1/8	31.46	32.76	30.9	32.1	53117488	1697994880
2015/1/7	31.72	32.33	30.92	31.65	36827428	1158683520
2015/1/6	29.86	32.49	29.46	31.71	87127770	2743939072
2015/1/5	27.88	30.1	27.88	29.88	97408991	2869142784
2014/12/31	26.84	27.5	26.7	27.44	34814204	946378240
2014/12/30	27.7	27.72	26.51	26.84	40508324	1094935808
2014/12/29	28.4	29.3	27.3	27.64	41842144	1175422336
2014/12/26	27.8	28.69	27.12	28.33	42035900	1168808576
2014/12/25	27.75	28.55	27	27.68	39073180	1083890816
2014/12/24	28.46	28.73	27.47	27.66	41371957	1156965632
2014/12/23	27.68	30	27.3	28.35	68282305	1978414080
2014/12/22	27.39	28.39	26.73	27.85	48149718	1320646144
2014/12/19	27.89	28.38	27.32	27.63	49447512	1374487040
2014/12/18	25.47	28	25.4	27.9	79474729	2153946368
2014/12/17	25.78	25.85	25.02	25.47	45381095	1153433600
2014/12/16	26.3	26.48	25.51	25.86	54345660	1405624704
2014/12/15	27.17	27.17	25.9	26.18	136735990	3634176768
2014/12/5	25.95	26	24.1	24.7	59345292	1480129280
2014/12/4	25.57	26.07	24.73	25.65	45637574	1160537856
2014/12/3	24.83	26.54	24.31	25.2	81694968	2085027840
2014/12/2	23.33	24.84	23.06	24.53	58727638	1415482624
2014/12/1	22.1	23.86	22.06	23.35	60456065	1409387392
2014/11/28	22.2	22.27	21.66	22.11	31871006	697570752
2014/11/27	22.41	22.55	22.1	22.25	32629918	727138496
2014/11/26	22.29	22.5	22	22.4	30689736	681911296
2014/11/25	22.12	22.3	21.82	22.28	27006818	594468864
2014/11/24	22.5	22.53	21.88	22.12	33626687	746108864
2014/11/21	21.3	21.98	21.25	21.8	15963612	345562944
2014/11/20	21.3	21.38	21.13	21.35	11055839	234770864
2014/11/19	21.33	21.54	21.23	21.4	11780515	252146960
2014/11/18	21.86	21.97	21.24	21.41	23480725	505901088
2014/11/17	22.14	22.38	21.76	21.99	30596965	673208384
2014/11/14	22.15	22.45	21.99	22.15	26676138	591775936
2014/11/13	22.2	22.46	21.7	22.27	37529036	830110400
2014/11/12	21.86	22.48	21.61	22.21	35115726	777630464
2014/11/11	21.76	21.99	21.33	21.85	60022711	1307188992
2014/11/10	20.81	21.72	20.61	21.7	55412709	1186099712
2014/11/7	20.25	20.71	20.18	20.71	40603869	832550912
2014/11/6	20.6	20.74	20.08	20.23	28249464	572173120
2014/11/5	20.6	20.94	20.52	20.59	16282627	337430368
2014/11/4	20.81	20.81	20.46	20.65	22041243	454300512
2014/11/3	20.9	21.05	20.76	20.82	25264040	527023776
2014/10/31	20.15	20.96	20.15	20.9	50759890	1048196544
2014/10/30	20.46	20.54	20.09	20.14	22421591	454077088
2014/10/29	19.95	20.5	19.77	20.44	28175976	566019840
2014/10/28	19.6	19.88	19.59	19.85	14295847	282236256
2014/10/27	19.85	19.85	19.4	19.56	17452485	341714592
2014/10/24	20.35	20.35	19.7	20.01	21758729	433891584
2014/10/23	20.42	20.67	20.23	20.29	18539980	379641888
2014/10/22	20.16	20.5	20.11	20.41	15204845	309262016
2014/10/21	20.4	20.52	20.14	20.16	14236804	289347104
2014/10/20	20.56	20.77	20.33	20.44	18254209	374414880
2014/10/17	20.3	20.5	20.07	20.41	24324812	493682752
2014/10/16	20	20.43	19.91	20.24	27265863	551678016
2014/10/15	19.83	20.18	19.82	20.12	19314527	386898528
2014/10/14	19.87	19.96	19.75	19.87	13716955	272146624
2014/10/13	19.95	19.97	19.6	19.92	18133261	358653792
2014/10/10	20.15	20.26	20.01	20.05	17755804	356663712
2014/10/9	20.33	20.47	20.13	20.23	18472230	374680736
2014/10/8	19.94	20.29	19.91	20.29	24190755	486573184
2014/9/30	19.82	19.95	19.72	19.89	20026996	396879616
2014/9/29	20.38	20.44	19.71	19.81	58352873	1160256256
2014/9/26	20.7	20.73	20.41	20.54	13260025	272262240
2014/9/25	20.76	21.05	20.71	20.77	19178809	399710656
2014/9/24	20.4	20.75	20.25	20.7	21678315	444010464
2014/9/23	20.2	20.45	20.11	20.4	15866232	322241056
2014/9/22	20.75	20.75	20.21	20.25	24076496	490006688
2014/9/19	21	21.02	20.41	20.81	17639032	365997056
2014/9/18	20.8	21.19	20.72	20.98	16288029	341002432
2014/9/17	20.99	20.99	20.7	20.9	11769439	244946400
2014/9/16	21	21.16	20.73	20.74	20126228	420711904
2014/9/15	21.44	21.44	20.78	21.05	32137879	675610240
2014/9/12	21.42	21.63	21.38	21.59	13222471	283989728
2014/9/11	21.58	21.88	21.38	21.45	26731446	576701504
2014/9/10	21.9	21.9	21.53	21.58	24581210	532903616
2014/9/9	22.26	22.32	21.9	21.97	17677094	388660864
2014/9/5	22.04	22.26	22	22.25	20898472	462841184
2014/9/4	22.25	22.26	21.92	22.03	29144131	641314560
2014/9/3	22.38	22.54	22.16	22.31	21104512	470988384
2014/9/2	22.26	22.44	22.15	22.36	18414539	410640960
2014/9/1	21.99	22.3	21.81	22.22	10760479	238085728
2014/8/29	21.82	22.1	21.78	22	6834499	149869232
2014/8/28	22.12	22.15	21.76	21.8	12905541	282559104
2014/8/27	21.89	22.21	21.83	22.11	10147588	223814800
2014/8/26	22.3	22.34	21.69	21.9	17533485	385078048
2014/8/25	22.7	22.74	22.3	22.38	14404026	323359392
2014/8/22	21.85	22.8	21.78	22.66	28246001	633692160
2014/8/21	21.84	21.88	21.48	21.85	17737408	384433056
2014/8/20	21.92	22.03	21.66	21.92	15353391	335355808
2014/8/19	21.99	22.29	21.8	21.9	29747331	655245312
2014/8/18	21.22	21.61	21.22	21.53	15187348	325124320
2014/8/15	21.05	21.22	20.95	21.15	12492294	263661232
2014/8/14	21.1	21.26	20.87	21.04	12292236	258775056
2014/8/13	20.96	21.2	20.92	21.08	14055961	295815840
2014/8/12	21.26	21.26	20.92	21	20833584	437355872
2014/8/11	21.2	21.37	21.08	21.3	14215701	301969120
2014/8/8	20.9	21.3	20.9	21.21	14042749	296334496
2014/8/7	21.29	21.5	20.86	20.92	24027691	507362144
2014/8/6	21.62	21.64	21.08	21.3	22883444	486200000
2014/8/5	21.92	22.18	21.61	21.75	20265131	442545600
2014/8/4	21.46	21.95	21.46	21.93	17023942	369586016
2014/8/1	21.31	22	21.21	21.46	20773805	448924352
2014/7/31	20.76	21.4	20.68	21.38	17369542	366621472
2014/7/30	20.86	21.19	20.64	20.76	16730802	348585472
2014/7/29	21.1	21.44	20.8	20.91	23137218	487003200
2014/7/28	20.35	21.1	20.25	21.03	29942430	621315136
2014/7/25	20.15	20.35	19.91	20.2	20875503	420956576
2014/7/24	19.36	20.15	19.35	20.1	33685363	667305280
2014/7/23	19.31	19.48	19.13	19.36	12177776	234917264
2014/7/22	19.14	19.56	19.13	19.31	14758162	286586784
2014/7/21	19.21	19.48	19.16	19.22	10922202	211067008
2014/7/18	18.9	19.3	18.8	19.26	13017917	249317184
2014/7/17	19.02	19.15	18.9	19.01	7502005	142503920
2014/7/16	19.36	19.36	18.91	19.02	10351296	197410320
2014/7/15	19.31	19.6	19.18	19.3	17368896	336158624
2014/7/14	18.99	19.13	18.7	19.11	13777834	259984672
2014/7/11	18.81	19.06	18.66	19	13970186	264004192
2014/7/10	18.93	19.07	18.83	18.85	9179462	173468304
2014/7/9	19.3	19.31	18.85	18.99	11777864	224093024
2014/7/8	19.22	19.39	18.87	19.37	14699808	280774720
2014/7/7	19.56	19.56	19.1	19.22	12343791	237354960
2014/7/4	19.53	19.65	19.32	19.56	11167221	217746176
2014/7/3	19.19	19.77	19.15	19.56	18693234	366741344
2014/7/2	18.91	19.38	18.9	19.3	20539917	394569568
2014/7/1	19.29	19.29	18.77	18.89	20460096	387643360
2014/6/30	19.21	19.76	19.16	19.32	21897483	425902560
2014/6/27	18.68	19.26	18.61	19.2	22721156	433543072
2014/6/26	18.28	18.76	18.2	18.67	12718902	236114256
2014/6/25	18.29	18.32	18.01	18.28	11074109	201384016
2014/6/24	18.03	18.32	17.82	18.27	11460184	207800640
2014/6/23	18.43	18.47	17.98	18	18846585	342704672
2014/6/20	18.4	18.5	18.21	18.37	14334880	263139552
2014/6/19	18.33	18.54	18.07	18.48	15163221	277827104
2014/6/18	18.5	18.65	18.21	18.33	12794076	235716464
2014/6/17	19.09	19.09	18.45	18.53	22029781	412162272
2014/6/16	19.08	19.27	18.88	19.09	22383940	427953888
2014/6/13	18.5	19.29	18.5	19.07	29482903	561738432
2014/6/12	18.3	18.56	18.12	18.43	18973154	349885760
2014/6/11	18.2	18.41	18.03	18.34	19235725	351856672
2014/6/10	17.62	18.37	17.62	18.26	33065042	596238080
2014/6/9	17.66	17.85	17.38	17.57	11145844	196866688
2014/6/6	17.48	17.68	17.39	17.5	7765464	136259808
2014/6/5	17.31	17.59	17.19	17.49	8846945	154040848
2014/6/4	17.66	17.69	17.2	17.32	9268427	161046976
2014/6/3	17.47	17.85	17.46	17.63	11990267	212061216
2014/5/30	17.33	17.55	17.32	17.42	10916008	190497328
2014/5/29	17.26	17.59	17.26	17.32	13825024	241014496
2014/5/28	16.94	17.41	16.8	17.33	18277634	313602048
2014/5/27	17.03	17.13	16.91	16.94	8770007	149169472
2014/5/26	16.99	17.21	16.82	17	11055121	188275440
2014/5/23	16.72	16.98	16.71	16.9	6367841	107501560
2014/5/22	16.58	16.98	16.54	16.76	13124680	220767312
2014/5/21	16.47	16.64	16.31	16.57	8026694	132486376
2014/5/20	16.75	16.98	16.42	16.59	10190460	169399520
2014/5/19	16.8	16.95	16.51	16.61	13631941	226902016
2014/5/16	16.95	17.15	16.91	17.1	7755588	131990808
2014/5/15	17.11	17.21	16.93	17.01	14727148	251184080
2014/5/14	17.15	17.41	17.04	17.28	11312073	194726032
2014/5/13	17.34	17.6	17.12	17.2	17418500	302106720
2014/5/9	16.8	17.19	16.67	17.13	15784010	267805024
2014/5/8	16.68	17.2	16.51	16.84	18181371	307329056
2014/5/7	17.05	17.06	16.68	16.7	19678369	331937440
2014/5/6	17.4	17.6	17.05	17.15	16311170	282295296
2014/5/5	17.23	17.69	16.81	17.55	21753274	373521696
2014/4/30	17.88	17.89	17.14	17.27	27266615	477911360
2014/4/29	46.7	47.89	45.89	46.99	18898228	889389056
2014/4/28	47	47.23	44.99	46.44	9554304	438749344
2014/4/25	47.39	47.57	46.75	47.01	9257239	436514880
2014/4/24	45.99	47.27	45.52	47.17	11668019	544749632
2014/4/23	45.81	46.9	45.72	46.1	10679217	495039648
2014/4/22	45.9	46.16	44.13	45.15	11551874	519669824
2014/4/21	46.2	46.65	45.89	46	6780069	313220640
2014/4/18	46.1	46.85	45.7	46.7	5463762	253230784
2014/4/17	46.21	46.86	46.2	46.34	6163692	287072384
2014/4/16	45.6	46.18	45.6	46.16	6653570	305679104
2014/4/15	47.46	47.46	45.8	45.9	12848818	595582848
2014/4/14	47.75	47.95	47.11	47.34	10648103	505394752
2014/4/11	46.69	48.26	46.61	47.9	21234877	1011449984
2014/4/10	47.02	47.05	46.02	46.59	13733126	638814208
2014/4/9	47	47.44	46.52	46.84	13011942	610865920
2014/4/8	45.9	47.01	45.42	46.75	15452763	718320768
2014/4/4	45.68	46.36	45.03	46.01	12139030	555344064
2014/4/3	46.5	47.47	45.36	46.1	17307908	804169472
2014/4/2	47.16	47.85	46.2	46.31	16536316	771714368
2014/4/1	45.08	47.43	44.29	47.02	24292441	1127692928
2014/3/31	47.14	47.14	44.79	45.08	32394664	1495925760
2014/3/28	42.21	43.5	42.21	42.85	7861031	337750208
2014/3/27	42.28	42.44	41.75	42.12	4038076	170231824
2014/3/26	41.41	42.5	41.41	42.28	4138661	174364928
2014/3/25	40.98	42.04	40.7	41.44	4006743	166315504
2014/3/24	40.57	41.36	40.33	41.16	4198265	171713632
2014/3/21	39.79	41.05	39.78	40.85	4279616	173385632
2014/3/20	41.04	41.65	39.55	39.79	7425367	299716608
2014/3/19	41.88	42	40.5	41.04	5273720	216781120
2014/3/18	43.69	43.8	42.07	42.11	7197754	306533792
2014/3/17	41.9	43.05	41.43	43	7580905	321709312
2014/3/14	41.77	42.28	41.01	41.8	4250563	177624032
2014/3/13	42.13	42.36	41.35	41.8	4887819	204431520
2014/3/12	42.25	42.45	41.36	42.07	6409232	268506560
2014/3/11	41.05	42.66	41.05	41.76	10879544	457655968
2014/3/10	40	41.9	39.75	40.64	10274375	423278112
2014/3/7	40.69	41.34	40.32	40.49	5513560	225197536
2014/3/6	38.8	41.01	38.61	40.65	11662673	468521568
2014/3/5	39	39.6	38.55	38.8	4445050	173812816
2014/3/4	39.59	39.59	38.45	38.88	5829695	226270208
2014/3/3	38.5	40.3	38.5	39.92	6523906	258418192
2014/2/28	38.2	38.95	37.78	38.94	7978905	308076480
2014/2/27	39.43	39.59	37.74	38.16	14095849	541012992
2014/2/26	40.09	40.19	39	39.26	11431274	450989056
2014/2/25	41.8	41.8	40.28	40.34	15201359	619138432
2014/2/24	44.5	44.6	40.3	41.92	13622311	569681728
2014/2/21	44.95	45.25	44.48	44.7	4792501	214409184
2014/2/20	46.06	46.17	44.7	44.91	8485159	383520512
2014/2/19	46	46.38	45.5	46.08	4387068	202089728
2014/2/18	46.39	46.39	45.66	45.99	4122529	189272112
2014/2/17	46.35	46.58	46	46.5	5650256	260881616
2014/2/14	45.89	46.53	45.81	46.29	3965343	182979760
2014/2/13	46.81	46.81	45.7	46.15	6856965	317109248
2014/2/12	46	47.19	45.66	46.75	6370454	296686592
2014/2/11	46.52	46.52	45.5	45.95	6658013	305636960
2014/2/10	45.69	47	45.4	46.55	7058080	327990400
2014/2/7	46.41	46.41	44.9	45.71	9233260	419470272
2014/1/30	47.88	47.9	46.51	46.86	5455584	256146016
2014/1/29	48.25	48.37	47.5	47.79	4006927	191411776
2014/1/28	47.83	48.28	47.3	47.91	3708992	177707760
2014/1/27	48.31	48.35	47.15	47.36	5422290	258565264
2014/1/24	48.38	49.26	47.8	48.61	5036662	245337712
2014/1/23	47.73	49.13	47.32	48.38	5500074	265863456
2014/1/22	47.05	47.97	46.85	47.76	4317868	205238256
2014/1/21	47.5	47.8	46.78	47	4335520	204014336
2014/1/20	46.89	47.84	46.51	47.51	3816813	180827664
2014/1/17	48.05	48.32	46.67	46.9	4019015	190432272
2014/1/16	48.39	49.04	47.81	48.32	4245118	205606080
2014/1/15	47.7	49.05	47.51	48.4	4306796	208692016
2014/1/14	46.5	48.06	46.33	48.01	5011533	237738080
2014/1/13	46	48.5	45.8	46.5	7394698	346958976
2014/1/7	46.2	47.18	46.2	46.46	3440935	160580656
2014/1/6	47.88	47.98	46.36	46.61	5992569	279878528
2014/1/3	48.4	48.8	47.11	48.07	7584577	362396320
2014/1/2	49.4	49.82	48.6	48.92	3946290	193220272
2013/12/31	49.41	50.1	48.26	50	5985944	294099104
2013/12/30	49.78	50.54	49.41	49.5	4380030	218806912
2013/12/27	48	50.3	47.82	49.78	7452613	366987488
2013/12/26	50.16	50.2	47.58	48.45	10590937	515988352
2013/12/25	51	51.12	50.14	50.4	4262422	215560128
2013/12/24	50.8	51.17	49.77	50.81	6575973	330453344
2013/12/23	51.2	51.7	50.01	50.35	7054117	357126336
2013/12/20	49.6	52	49.41	51.78	20368231	1029695744
2013/12/19	50.75	51.38	49.89	49.89	6346406	320375904
2013/12/18	48.98	50.5	48.5	50.49	6406127	318806464
2013/12/17	49.96	50.1	48.92	49	6405805	315460832
2013/12/16	50.14	51.5	49.8	49.91	9577462	485809120
2013/12/13	48.51	50.9	48.42	50.15	10987469	551962432
2013/12/12	48.2	49.49	47.68	49.31	4568478	221437136
2013/12/11	49.45	50	47.84	48.38	6295245	309155360
2013/12/10	48.8	50.47	48.8	49.68	10813891	538909440
2013/12/9	48.45	48.97	47.95	48.49	4707669	227857520
2013/12/6	48.59	48.63	47.73	48.4	3844333	185057344
2013/12/5	48.06	48.88	47.89	48.54	5473742	265569520
2013/12/4	47	48.4	46.8	47.94	5726006	274690880
2013/12/3	46	47.09	46	47.02	5606801	261874432
2013/12/2	47.02	47.19	46.03	46.13	6513376	304178432
2013/11/29	47.52	48	47.28	47.91	5125945	244627680
2013/11/28	46.6	47.97	46.6	47.67	7237994	343994304
2013/11/27	47.2	47.29	46.25	46.59	5417393	252670208
2013/11/26	45.91	47.2	45.7	47.19	7858305	367247552
2013/11/25	45.83	46.31	45.58	45.96	6320252	289730112
2013/11/22	45.85	46.85	45.66	46.58	4428863	205574944
2013/11/21	46.7	46.7	45.05	45.71	6602904	300714496
2013/11/20	47.48	47.48	46.41	46.68	4172673	195299680
2013/11/19	46.88	47.5	46.51	46.97	5316174	250109360
2013/11/18	46.35	47.08	46.1	46.89	4983041	232323744
2013/11/15	45.87	47.06	45.61	46.2	6421521	298879168
2013/11/14	45.55	46.32	44.67	46	5436007	246139984
2013/11/13	45.86	46.34	45.5	45.5	3048409	139594992
2013/11/12	45.88	47.02	45.5	46.35	6472993	301452128
2013/11/11	45.69	46	44.61	45.78	3580989	162564576
2013/11/8	45.8	46.2	45.33	45.66	3341133	153053744
2013/11/7	46.52	46.93	45.16	46.22	6205677	283865728
2013/11/6	47.98	48.23	46.21	46.75	6025131	284031680
2013/11/5	47.52	48.41	47.08	48.19	5475095	261530176
2013/11/4	47.6	48.5	47.6	47.99	4962214	238322432
2013/11/1	47.79	48.79	47.33	47.76	7205717	344516576
2013/10/31	50.68	50.8	47.93	48.4	10073288	491851072
2013/10/30	49.01	50.66	48.65	50.17	12128524	604865216
2013/10/29	49.1	49.68	48.01	48.93	9652552	469601280
2013/10/28	47.97	49.5	47.5	49.47	10446741	508354432
2013/10/25	47.43	48.85	47.11	47.7	10233626	490068576
2013/10/24	46	49.6	45.84	47.5	12218451	583397312
2013/10/23	47.47	48.43	45.9	46.09	8729030	407798432
2013/10/22	47.4	48.31	46.88	47.42	8214741	390719936
2013/10/21	46.2	48.1	45.68	47.85	13565868	638065984
2013/10/18	44.52	46.8	44.3	46.01	10420989	478846144
2013/10/17	44.68	45.1	44.22	44.61	5552669	247582784
2013/10/16	44.76	45.88	43.7	44.67	8918362	397199776
2013/10/15	46	46	44.85	45.15	9241988	419089536
2013/10/14	45.52	46.33	44.6	46	9646785	441424928
2013/10/11	46	46.05	45.25	45.53	7969766	363516960
2013/10/10	44.5	46.36	44.14	45.71	15625661	708889920
2013/10/9	44.65	45.54	44	44.68	8305418	370734080
2013/10/8	43	45.21	42.9	44.99	11112977	493442848
2013/9/30	42.99	43.8	42.88	43.24	7668272	331344576
2013/9/27	43	44.3	42.67	43	8561465	372250400
2013/9/26	44.65	45.07	42.45	43	14680801	640034816
2013/9/25	44.01	47.14	44	45.05	17165136	781787200
2013/9/24	45.49	46.15	44.4	44.61	20004514	901506368
2013/9/23	41.9	46.46	40.67	46.2	31851606	1406017536
2013/9/18	40.5	46.4	39.88	42.24	38889754	1681303424

:						
000333   						
      	    	    	    	    	    	    