2019/9/23	31	31.35	30.77	31.01	932828	28995100
2019/9/20	31.54	31.56	30.88	31	1067541	33184356
2019/9/19	31.16	31.77	31.14	31.51	1289208	40470816
2019/9/18	30.38	31.3	30.38	31.04	1139461	35398436
2019/9/17	30.79	30.86	30.12	30.35	892248	27213374
2019/9/16	30.91	31.25	30.4	30.63	1033919	32006820
2019/9/12	30.88	31.13	30.5	30.92	951428	29314916
2019/9/11	31.44	31.52	30.56	30.63	1378349	42654968
2019/9/10	31.4	31.49	30.8	31.27	1346997	42070356
2019/9/9	32.15	32.15	31.1	31.32	1359403	42655196
2019/9/6	32.14	32.15	31.46	31.79	1446705	45839660
2019/9/5	32	32.37	31.72	31.81	1021420	32638542
2019/9/4	32.02	33.35	31.68	31.85	1324893	42506036
2019/9/3	31.88	32.18	31.53	32.02	1023086	32572850
2019/9/2	31.49	32.45	31.49	31.78	1307119	41660680
2019/8/30	31.97	32.49	31.62	31.83	996486	31899812
2019/8/29	31.91	32.1	31.5	32.02	1208117	38444664
2019/8/28	32.25	32.4	31.35	31.68	1791631	56975696
2019/8/27	30.74	32.61	30.74	32.2	3130835	100222016
2019/8/26	29.66	30.98	29.66	30.74	2176773	66268472
2019/8/23	29.46	30.59	29.43	30.02	3236727	97420512
2019/8/22	29.04	29.48	28.97	29.4	1808336	52901468
2019/8/21	28.26	29.08	28.26	29.05	1414924	40950012
2019/8/20	29	29.5	28.62	28.87	1304770	37939700
2019/8/19	28.78	29.1	28.31	29.01	2271273	65417888
2019/8/16	28.04	28.4	27.87	28.21	967547	27280532
2019/8/15	27.88	28.16	27.58	28.04	697606	19466572
2019/8/14	27.24	28.51	27.24	28.04	882883	24784284
2019/8/13	26.81	27.49	26.81	27.39	333380	9106554
2019/8/12	27.01	27.4	26.93	27.26	306998	8337063
2019/8/9	27.53	27.53	26.9	27	329380	8948476
2019/8/8	27.03	27.37	26.97	27.31	448612	12201933
2019/8/7	27.3	27.39	26.78	26.87	454535	12242940
2019/8/6	26.82	27.14	26.52	27.06	562480	15066931
2019/8/5	27.02	27.43	26.82	26.83	511132	13788078
2019/8/2	26.92	27.13	26.86	27.03	445849	12016155
2019/8/1	27.66	27.66	27.08	27.23	297671	8124180.5
2019/7/31	27.63	27.78	27.3	27.3	926520	25442136
2019/7/30	27.96	27.96	27.57	27.84	671486	18642260
2019/7/29	28.13	28.25	27.62	27.85	593056	16514290
2019/7/26	28.29	28.5	28.03	28.11	695553	19613204
2019/7/25	28.16	29.05	28.01	28.46	2293143	65476432
2019/7/24	27.65	27.85	27.53	27.57	304300	8428194
2019/7/23	27.7	28.19	27.58	27.7	359283	10002546
2019/7/22	27.56	28.27	27.56	27.92	445120	12397486
2019/7/19	27.95	27.95	27.55	27.87	327237	9100179
2019/7/18	28.28	28.28	27.57	27.57	311098	8653576
2019/7/17	27.44	28.18	27.44	28	477677	13360042
2019/7/16	27.46	27.63	27.16	27.62	258077	7099044
2019/7/15	27.86	27.86	27.35	27.48	492178	13563347
2019/7/12	27.45	28.05	27.21	27.86	888351	24688466
2019/7/11	27.01	27.58	26.92	27.49	718325	19604960
2019/7/10	26.31	27.1	26.31	27.02	458335	12286128
2019/7/9	26	26.6	25.74	26.57	361569	9482274
2019/7/8	26.76	26.76	25.72	26	413402	10806650
2019/7/5	26.94	27.22	26.7	26.76	308424	8279070
2019/7/4	26.75	27.14	26.75	26.95	323368	8719002
2019/7/3	27.6	27.61	26.72	26.88	408522	11041218
2019/7/2	27.06	27.49	27.04	27.28	356428	9735828
2019/7/1	27.5	27.56	27.11	27.19	434342	11841359
2019/6/28	27.06	27.16	26.7	26.7	416922	11203970
2019/6/27	27.1	27.42	27.04	27.12	351059	9553473
2019/6/26	27.18	27.32	27.06	27.1	333200	9054638
2019/6/25	27.05	27.52	27.05	27.16	406640	11066471
2019/6/24	27.15	27.4	26.89	27.19	511915	13887661
2019/6/21	27.39	27.95	26.65	27.31	1284233	34925244
2019/6/20	26.14	28.68	26	27.4	1902096	51592808
2019/6/19	25.76	26.47	25.56	26.47	1444057	37483672
2019/6/18	25.62	25.62	25.31	25.53	287345	7332229.5
2019/6/17	25.62	25.73	25.05	25.31	204942	5216584
2019/6/14	25.73	25.74	25.41	25.45	379959	9726249
2019/6/13	25.7	25.95	25.42	25.57	276044	7077593.5
2019/6/12	25.58	26.5	25.46	25.7	621505	16031447
2019/6/11	25.04	25.88	24.9	25.58	668669	16929760
2019/6/10	25.26	25.26	24.83	25.01	287641	7195121
2019/6/6	24.83	25.55	24.83	25	697678	17561482
2019/6/5	23.49	25.7	23.49	25.35	980267	24513552
2019/6/4	25.45	25.45	24.5	24.88	1227822	30510154
2019/6/3	26.14	26.28	24.42	25.38	3013073	75764232
2019/5/31	26.95	26.97	26.15	26.15	1228889	32594594
2019/5/30	28.4	28.4	26.41	26.9	2266804	61445424
2019/5/29	28.77	28.77	27.9	28.02	734716	20653964
2019/5/28	28.8	28.86	28.3	28.33	785315	22436464
2019/5/27	28.58	28.85	28	28.77	922311	26205058
2019/5/24	28.85	29.16	28.52	28.58	1712291	49186552
2019/5/23	29.17	29.51	28.8	29.07	612278	17766996
2019/5/22	29.38	29.45	28.84	29	1846406	53530244
2019/5/21	29.9	30.4	29.4	29.51	1108966	33037118
2019/5/20	29.56	29.98	29.3	29.9	1199985	35476424
2019/5/17	30.29	30.29	29.62	29.69	1441858	43124696
2019/5/16	30.62	30.62	29.81	30.32	1163936	35153724
2019/5/15	30.02	31.53	30.02	30.62	2358184	72403232
2019/5/14	29.9	30.11	29.6	30.03	1424143	42694576
2019/5/13	30.04	30.42	29.67	30.24	1558002	46776232
2019/5/10	28.87	30.49	28.55	30.29	3409255	101185488
2019/5/9	28.36	28.93	28.19	28.7	934625	26708196
2019/5/8	28.48	29	28.41	28.55	1234386	35466656
2019/5/7	28.65	29.03	28.18	29.03	1287639	36889776
2019/5/6	29	29.2	28	28.6	1980443	56428280
2019/4/30	28.5	29.6	28.2	29.51	2906916	84695992
2019/4/29	28.59	29.5	28.59	29.2	2727707	79500168
2019/4/26	28.57	28.93	28.05	28.58	924725	26308198
2019/4/25	29.3	29.3	28.34	28.57	1141807	32829320
2019/4/24	28.71	29.3	28.5	29.23	1158264	33564072
2019/4/23	29.03	29.03	28.7	28.72	806612	23284160
2019/4/22	29.25	29.4	28.88	28.9	861273	25046980
2019/4/19	29.19	29.54	28.65	29.24	1054448	30749392
2019/4/18	28.65	29.57	28.65	29.21	2117697	62076032
2019/4/17	28.03	29.48	28.03	28.77	2360748	67867960
2019/4/16	27.62	28.07	27.6	28.02	622365	17308974
2019/4/15	27.94	28.05	27.78	27.78	694356	19388788
2019/4/12	27.56	27.94	27.51	27.63	623468	17220236
2019/4/11	28.2	28.32	27.58	27.65	1142774	31837024
2019/4/10	27.91	28.56	27.91	28.15	1316917	37296088
2019/4/9	28.2	28.44	27.86	28.22	1323634	37299188
2019/4/8	28.01	28.5	28.01	28.2	1497998	42263928
2019/4/4	28.59	28.59	27.86	28	1737265	48812588
2019/4/3	28.83	28.83	28.3	28.61	1722578	49008016
2019/4/2	29.01	30.05	28.8	28.91	2750554	80706216
2019/4/1	28.65	29.27	28.31	29.1	2898423	84092160
2019/3/29	27.71	28.8	27.6	28.6	2976020	84289712
2019/3/28	28.18	28.18	27.53	27.71	2436220	67939424
2019/3/27	27.89	28.6	27.88	28.58	4839763	136575792
2019/3/26	26.9	27.09	26.71	26.77	590982	15885943
2019/3/25	27.15	27.23	26.8	26.84	1164957	31459456
2019/3/22	27.58	27.68	27.16	27.39	1005903	27556754
2019/3/21	27.7	28.17	27.44	27.69	1506930	41997892
2019/3/20	27.23	27.77	27.11	27.71	1251741	34385332
2019/3/19	27.88	27.98	27.1	27.21	1122304	30692770
2019/3/18	27.2	27.77	26.92	27.66	1146586	31447678
2019/3/15	27.2	27.55	26.98	27.06	1209707	32897376
2019/3/14	27.97	28.19	27.07	27.18	1251399	34458580
2019/3/13	27.07	28.3	26.78	27.97	2273865	62864200
2019/3/12	27.3	27.45	26.8	27.05	1772294	47931344
2019/3/11	26.8	27.38	26.53	27.3	1493307	40296424
2019/3/8	27.7	27.7	26.55	26.8	2783333	75060792
2019/3/7	28.5	28.52	27.56	27.8	1967691	55021040
2019/3/6	28.42	28.65	28	28.34	2489571	70271256
2019/3/5	28.34	28.92	28.1	28.41	1244785	35393488
2019/3/4	28.33	29.13	28.25	28.34	1699305	48776672
2019/3/1	28.2	28.63	27.7	28.33	1294051	36612784
2019/2/28	27.81	28.24	27.51	27.98	1173955	32787690
2019/2/27	28.5	28.61	27.77	27.8	2322511	65383632
2019/2/26	27.4	29.6	26.83	28.9	3340791	92910152
2019/2/25	26.32	27.18	26.18	27.15	1606836	42865616
2019/2/22	26	26.3	25.8	26.18	500665	13050670
2019/2/21	26.4	26.4	26.06	26.15	618042	16200740
2019/2/20	26.9	26.9	26.26	26.55	503175	13328387
2019/2/19	26.95	27.39	26.7	26.82	908134	24538538
2019/2/18	26.65	26.65	26.2	26.57	1091960	28792302
2019/2/15	26.42	26.59	26.13	26.28	553200	14539224
2019/2/14	26.75	26.91	26.26	26.4	690640	18383332
2019/2/13	26.39	26.91	26.33	26.69	1388986	37149908
2019/2/12	26	26.65	25.9	26.37	408262	10723641
2019/2/11	25.73	25.95	25.62	25.89	378569	9783118
2019/2/1	25.3	26	25.3	25.95	368989	9491397
2019/1/31	25.3	25.57	25.18	25.29	271728	6894698.5
2019/1/30	26	26	25.18	25.42	544425	13822676
2019/1/29	26.25	26.48	25.2	25.86	1541249	39598968
2019/1/28	25.51	26.37	25.39	25.83	1370050	35215748
2019/1/25	26.41	26.41	25	25.67	1483824	38393956
2019/1/24	26.3	26.61	25.85	26.23	704863	18542772
2019/1/23	26.32	26.45	26.12	26.3	215106	5651777
2019/1/22	27	27	26.25	26.4	388036	10277687
2019/1/21	26.07	27.03	25.88	26.95	827417	22146414
2019/1/18	26.25	26.63	25.88	26.07	560930	14647916
2019/1/17	26.48	26.9	25.83	26.25	623134	16528599
2019/1/16	27.04	27.04	26.63	26.63	633918	16959794
2019/1/15	27.49	27.56	26.88	27.08	648760	17581100
2019/1/14	27.15	27.99	27.04	27.49	634366	17339184
2019/1/11	27.43	27.43	26.96	27.15	329308	8923994
2019/1/10	27.3	27.99	27.01	27.07	443900	12103073
2019/1/9	26.73	28.16	26.71	27.51	1128557	31131594
2019/1/8	26.41	26.87	26.2	26.66	519420	13817730
2019/1/7	25.31	26.93	25.31	26.75	1218639	32122382
2019/1/4	24	25.6	24	25.36	723308	18031966
2019/1/3	24.39	24.73	24	24.25	288805	7048368.5
2019/1/2	25.18	25.9	24.31	24.4	354535	8772184
2018/12/28	25.23	25.44	25.03	25.18	245742	6175123
2018/12/27	25.99	25.99	25.07	25.18	247462	6304351.5
2018/12/26	25.3	25.99	25.11	25.58	501774	12845820
2018/12/25	25.1	25.46	24.9	25.37	247000	6205611
2018/12/24	25.4	25.66	25.12	25.49	245800	6262692
2018/12/21	25.51	25.61	25	25.46	594500	15012116
2018/12/20	25.81	25.96	25.35	25.51	404100	10374923
2018/12/19	26.5	26.5	25.52	25.8	529400	13629627
2018/12/18	26.65	26.77	25.96	26.3	753902	19877556
2018/12/17	24.9	27.7	24.55	26.97	1437023	37608080
2018/12/14	26.5	26.59	24.8	25.2	910286	23386804
2018/12/13	25.92	26.36	25.92	26.14	190802	5004720.5
2018/12/12	26.11	26.35	26	26.05	185074	4840119
2018/12/11	25.6	26.42	25.6	26.25	300871	7884375.5
2018/12/10	25.78	26.09	25.6	25.89	200862	5187092.5
2018/12/7	25.9	26.3	25.8	26	563544	14651565
2018/12/6	26.39	26.45	25.8	26.08	581412	15195298
2018/12/5	26	26.58	25.75	26.39	454837	11931763
2018/12/4	26.12	26.76	26.12	26.42	679300	17948136
2018/12/3	25.54	26.5	25.38	26.29	1400821	36211828
2018/11/30	25.18	25.62	24.31	25.62	915164	22808022
2018/11/29	26	26.2	25.3	25.5	720271	18506672
2018/11/28	25.88	26.2	25.51	26	769849	19885698
2018/11/27	26.16	27.69	25.83	26.07	891045	23705220
2018/11/26	25.7	26.5	25.6	26.02	727781	18906384
2018/11/23	26.59	27	25.6	25.9	1097472	28622604
2018/11/22	29	29.68	26.5	26.78	3160040	87924336
2018/11/20	28.3	28.62	27.81	28.5	773616	21910364
2018/11/19	28.45	28.99	28.04	28.4	941986	26845208
2018/11/16	28.37	28.37	27.4	28.37	2926939	82207712
2018/11/15	27.02	27.02	27.02	27.02	72818	1967542.38
2018/11/14	25.73	25.73	25.6	25.73	1247409	32093972
2018/11/13	24.21	24.8	24.07	24.5	911276	22345804
2018/11/12	24.35	24.6	24.31	24.5	340081	8320414.5
2018/11/9	25.04	25.36	24.18	24.3	810646	20049522
2018/11/8	23.76	25.04	23.76	25.04	757329	18705118
2018/11/7	22.92	24.12	22.92	23.92	848700	20234406
2018/11/6	22.6	23.1	22.42	23.08	410100	9378660
2018/11/5	22.43	22.7	22.38	22.59	780122	17578578
2018/11/2	22.23	22.65	22.23	22.5	799600	17931062
2018/11/1	22.23	22.8	22.18	22.22	1173566	26294100
2018/10/31	21.58	22.3	21.58	22	1590077	35050572
2018/10/30	21.57	21.82	21.26	21.6	276348	5967323
2018/10/29	21.36	22.21	20.71	21.58	456916	9703656
2018/10/26	21.55	21.55	21.1	21.21	335333	7102912.5
2018/10/25	20.9	21.3	20.53	21.2	429783	9022621
2018/10/24	20.31	21.4	20.31	21.2	352947	7451853.5
2018/10/23	20.82	21.78	20.81	20.81	488587	10352895
2018/10/22	20.55	20.9	20.11	20.9	597655	12401138
2018/10/19	18.59	20	18.59	19.9	1513392	28662550
2018/10/18	20.51	20.51	19.57	19.57	456000	8942332
2018/10/17	21.51	22.2	20.51	20.6	779685	16218584
2018/10/16	22.18	22.18	21.31	21.59	235347	5129345.5
2018/10/15	22.21	22.63	21.77	22.2	270300	6010586
2018/10/12	22.5	22.55	21.66	22.49	871941	19017046
2018/10/11	23.7	23.7	22.8	22.8	530808	12176555
2018/10/10	23.7	24.07	23.42	24	543140	12853759
2018/10/9	24.58	24.59	23.53	23.9	734065	17512976
2018/10/8	25.35	25.36	24.13	24.77	508799	12482081
2018/9/28	25.57	25.57	25.21	25.4	102200	2598267
2018/9/27	25.26	25.9	25.25	25.34	210201	5351446
2018/9/26	25.48	25.48	25.28	25.31	120000	3043818
2018/9/25	25.58	25.76	25.3	25.41	160920	4092787.5
2018/9/21	25.75	25.75	25.49	25.55	131545	3362440
2018/9/20	25.93	25.93	25.56	25.57	145141	3726776.5
2018/9/19	25.7	25.98	25.3	25.98	416530	10696863
2018/9/18	26.13	26.13	25	26	597034	15178551
2018/9/17	26.18	26.52	25.75	25.95	106700	2776806.25
2018/9/14	26.64	26.77	25.38	26.69	203471	5336706.5
2018/9/13	26.95	26.95	26.55	26.69	91155	2428188
2018/9/12	26.9	26.9	26.67	26.67	101780	2720115.5
2018/9/11	26.99	26.99	26.66	26.85	94075	2514664
2018/9/10	27.02	27.02	26.63	26.8	156300	4191416.25
2018/9/7	27.28	27.28	26.87	27.02	174245	4724287
2018/9/6	27.15	27.16	26.82	27.05	134600	3633473
2018/9/5	27.2	27.35	26.96	27.03	292741	7959847
2018/9/4	27.79	27.79	26.89	27.2	309158	8411471
2018/9/3	26.51	26.97	26.51	26.96	141500	3792997
2018/8/31	27.05	27.29	26.75	26.98	150181	4054660.75
2018/8/30	26.97	27.09	26.7	27.05	256887	6918567.5
2018/8/29	26.83	27.02	26.5	27	254401	6822698
2018/8/28	27.1	27.23	26.91	26.91	141389	3826615
2018/8/27	26.88	27.29	26.7	27.11	242082	6552286.5
2018/8/24	27.1	27.1	26.73	26.84	190271	5111601.5
2018/8/23	27	27.14	26.95	27	105502	2854424.25
2018/8/22	27.12	27.15	26.93	27.15	77900	2105117.75
2018/8/21	26.82	27.23	26.82	27.2	154100	4174000
2018/8/20	27.4	27.68	26.7	27.1	264533	7177336
2018/8/17	27.91	27.91	27.51	27.53	131300	3630291
2018/8/16	27.59	27.93	27.55	27.92	275059	7629706.5
2018/8/15	28.02	28.26	27.68	28	261397	7277891
2018/8/14	28.1	28.36	28	28.19	115100	3235091
2018/8/13	27.8	28.38	27.62	28.38	201077	5613431.5
2018/8/10	27.7	28.1	27.7	28.06	137977	3860631
2018/8/9	27.74	28.19	27.31	28	374728	10458833
2018/8/8	28.1	28.1	27.69	27.7	198453	5515274.5
2018/8/7	28.2	28.21	27.72	28.18	229533	6443533.5
2018/8/6	28.3	28.35	27.5	28.2	598989	16763375
2018/8/3	28.7	29.17	28.12	28.3	379258	10847551
2018/8/2	29.2	29.26	28.18	29	754783	21586850
2018/8/1	29.49	29.59	29.32	29.45	321422	9462210
2018/7/31	29.39	29.58	29.39	29.41	251382	7401061
2018/7/30	29.49	29.63	29.41	29.45	400806	11820876
2018/7/27	29.53	29.69	29.46	29.51	327347	9664962
2018/7/26	29.84	29.84	29.61	29.68	169951	5048616.5
2018/7/25	29.55	29.93	29.51	29.74	203278	6054511
2018/7/24	29.89	30.15	29.52	29.74	388316	11574798
2018/7/23	29.6	29.93	29.32	29.7	460654	13652865
2018/7/20	30.26	30.26	29.63	29.96	175891	5244520.5
2018/7/19	30.53	30.54	29.57	29.97	311688	9342426
2018/7/18	30.57	30.68	30.43	30.54	142640	4359912.5
2018/7/17	30.56	30.71	30.42	30.58	209491	6396253.5
2018/7/16	30.83	30.88	30.49	30.6	266193	8145189
2018/7/13	30.6	30.86	30.45	30.64	241859	7394693.5
2018/7/12	30.26	30.88	30.12	30.7	383391	11748044
2018/7/11	30.26	30.56	29.97	30.18	389741	11797601
2018/7/10	29.99	30.65	29.82	30.61	464565	14086988
2018/7/9	29.7	29.99	29.5	29.9	272880	8133454
2018/7/6	29.58	29.9	29.4	29.52	449668	13275850
2018/7/5	29.56	29.79	29.46	29.59	249111	7362269
2018/7/4	29.82	29.87	29.45	29.8	360687	10682447
2018/7/3	29.6	30	29.16	30	675797	19964022
2018/7/2	30.05	30.05	29.55	29.82	186582	5563526
2018/6/29	29.51	30	29.4	29.97	323340	9599829
2018/6/28	29.64	29.91	29.5	29.5	266420	7902436
2018/6/27	29.4	30.01	29.4	29.8	291158	8633802
2018/6/26	29.1	29.4	29.01	29.3	365337	10671673
2018/6/25	29.99	29.99	29.29	29.3	457148	13545700
2018/6/22	29.95	30.1	29.76	29.95	438807	13118857
2018/6/21	29.73	30.1	29.65	30	369584	11055939
2018/6/20	29.7	29.97	29.59	29.88	308343	9168032
2018/6/19	30	30.08	29.55	29.69	1224447	36560140
2018/6/15	30.7	30.7	30.1	30.4	389307	11815980
2018/6/14	30.79	30.82	30.43	30.51	281099	8602616
2018/6/13	30.8	31.18	30.2	30.79	179964	5549825
2018/6/12	30.82	31.22	30.82	31.01	313524	9716060
2018/6/11	31.39	31.39	30.63	31.15	404496	12508500
2018/6/8	30.9	31.45	30.75	31.45	404629	12581790
2018/6/7	30.51	31.8	30.06	31.8	447769	13684858
2018/6/6	30.4	30.64	30.33	30.59	309202	9433696
2018/6/5	30.3	30.6	30.2	30.5	275077	8366813.5
2018/6/4	30.57	30.57	30.25	30.3	233124	7068143
2018/6/1	30.48	30.6	30.25	30.49	254143	7718425
2018/5/31	30.5	30.6	30.32	30.48	233197	7098016.5
2018/5/30	31.11	31.11	30.01	30.3	462025	14099295
2018/5/29	31.75	31.85	31.3	31.3	349774	11037042
2018/5/28	32.25	32.3	31.51	31.75	499686	15858390
2018/5/25	32.45	32.65	32.03	32.09	268233	8633392
2018/5/24	32.42	32.77	32.41	32.45	374849	12239897
2018/5/23	32.65	32.65	32.25	32.6	371293	12039927
2018/5/22	32.1	32.93	31.9	32.72	830568	26991852
2018/5/21	32.25	32.35	31.97	32.03	550504	17633472
2018/5/18	32.12	32.15	31.9	32.07	237396	7613162.5
2018/5/17	32.16	32.29	32	32.12	482088	15472117
2018/5/16	32.45	32.55	31.86	32.17	473176	15221901
2018/5/15	32.4	32.63	32.15	32.58	425195	13764401
2018/5/14	32.86	32.86	32.25	32.49	382100	12408144
2018/5/11	32.98	33.28	32.7	32.86	482197	15896618
2018/5/10	32.67	32.95	32.03	32.84	625732	20342810
2018/5/9	33.23	33.23	32.5	32.65	451203	14793526
2018/5/8	33.48	33.88	33.15	33.23	335093	11200319
2018/5/7	33.5	33.75	33.35	33.53	498406	16690199
2018/5/4	33.75	33.8	33.18	33.45	725724	24293060
2018/5/3	32.96	34.26	32.7	33.48	2124601	70519808
2018/5/2	32.68	32.98	32.15	32.7	670778	21852650
2018/4/27	32.5	32.83	32.24	32.4	426339	13801266
2018/4/26	32.35	32.76	32	32.2	469272	15151080
2018/4/25	32.75	32.85	32.65	32.77	445273	14600628
2018/4/24	32.5	32.87	32	32.8	492587	16072387
2018/4/23	32.79	32.8	31.98	32	417851	13470365
2018/4/20	32.83	33.01	32.48	32.55	753652	24646226
2018/4/19	32.81	32.98	32.51	32.77	579629	18973884
2018/4/18	32.55	33.5	32.55	32.8	886632	29133196
2018/4/17	32.68	33.78	32.22	32.6	1158999	38100488
2018/4/16	31.51	32.71	31.5	32.63	1095314	35760920
2018/4/13	30.71	31.31	30.71	31.15	544710	16912606
2018/4/12	30.51	30.8	30.51	30.7	325492	9979193
2018/4/11	30.79	30.94	30.5	30.69	525413	16117822
2018/4/10	30.49	30.87	30.21	30.68	522680	15966946
2018/4/9	30.1	30.95	30	30.69	449701	13765067
2018/4/4	30.08	30.46	29.99	30.41	500823	15115916
2018/4/3	30.1	30.49	29.99	30	830700	25000634
2018/4/2	30.99	30.99	30.43	30.54	419249	12827843
2018/3/30	30.5	30.95	30.5	30.87	276162	8486366
2018/3/29	30.74	30.74	30.32	30.56	289151	8803500
2018/3/28	30.62	30.94	30.29	30.5	508679	15564377
2018/3/27	30.23	30.9	30.23	30.88	770188	23646874
2018/3/26	29.6	30.34	29.07	30.23	801382	24047046
2018/3/23	30.6	30.6	29.56	29.58	848640	25316574
2018/3/22	30.9	30.9	30.5	30.71	518440	15920329
2018/3/21	30.91	31.38	30.75	30.76	693330	21595376
2018/3/20	31.51	31.51	30.58	31	885242	27566602
2018/3/19	31.6	32.1	31.55	31.64	500233	15864459
2018/3/16	32	32.27	31.5	31.95	765767	24382844
2018/3/15	31	32.18	30.88	31.93	1191885	37545408
2018/3/14	30.16	30.97	30.16	30.8	794370	24317818
2018/3/13	30.28	30.58	30.07	30.29	651773	19772624
2018/3/12	30.02	30.45	30.02	30.28	502112	15208466
2018/3/9	29.93	30.49	29.91	30.22	521424	15761309
2018/3/8	29.73	30.1	29.71	30.04	417411	12493560
2018/3/7	29.8	29.89	29.54	29.81	278950	8303101.5
2018/3/6	29.52	29.9	29.46	29.73	619206	18370580
2018/3/5	30.13	30.24	29.25	29.69	711086	21102804
2018/3/2	30.13	30.4	29.92	30.13	462950	13979727
2018/3/1	29.8	30.27	29.6	30.13	618551	18602720
2018/2/28	28.8	30.02	28.75	30	1214362	36025236
2018/2/27	28.75	28.9	28.48	28.9	425434	12172345
2018/2/26	28.32	28.72	28.26	28.58	573249	16362540
2018/2/23	28.66	28.75	28.28	28.36	269420	7672813.5
2018/2/22	29.1	29.1	28.62	28.63	385314	11068516
2018/2/14	28.54	28.96	28.4	28.7	344441	9897305
2018/2/13	28.9	28.9	28.35	28.37	284225	8127769.5
2018/2/12	27.8	28.35	27.8	28.28	473007	13290573
2018/2/9	27.5	28.2	27.28	27.9	849013	23448008
2018/2/8	28.2	28.27	27.9	28.06	633201	17783136
2018/2/7	28.27	28.92	28.05	28.1	1142701	32418460
2018/2/6	28.7	28.87	27.7	27.96	699909	19778316
2018/2/5	29.11	29.6	28.51	28.99	411068	11966102
2018/2/2	29.97	29.97	28.75	29.66	828866	24334920
2018/2/1	30.31	30.7	29.82	29.97	624284	18780156
2018/1/31	30.7	30.79	30.03	30.6	387156	11763781
2018/1/30	30.71	30.81	30.32	30.65	274780	8422995
2018/1/29	31.29	31.46	30.74	30.82	377137	11711532
2018/1/26	31.31	31.5	30.84	31.29	432463	13494906
2018/1/25	31.23	31.7	30.28	31.3	990893	31087784
2018/1/24	31.25	31.47	31.19	31.31	646843	20273032
2018/1/23	32.08	32.08	31.11	31.39	1872410	59146432
2018/1/22	32.06	32.49	31.21	31.96	2178856	69866064
2018/1/19	31.57	32.23	31	31.89	1480855	46886576
2018/1/18	30.5	31.32	30	31.32	4382300	136199520
2018/1/17	28.75	30.15	28.52	29.83	2178177	64449732
2018/1/16	28.49	28.84	27.5	28.83	2821106	79517824
2018/1/15	29.23	29.43	27.77	28.74	1597065	45296180
2018/1/12	29.3	29.49	29.15	29.23	691025	20207052
2018/1/11	30	30.18	29.2	29.33	1217727	36040692
2018/1/10	30.13	30.33	29.86	30.03	952051	28610412
2018/1/9	29.69	29.93	29.63	29.86	402646	11988596
2018/1/8	29.9	30.15	29.55	29.69	821688	24485830
2018/1/5	30.35	30.35	29.95	29.96	395672	11892768
2018/1/4	30.19	30.5	30.1	30.35	745744	22591408
2018/1/3	29.86	30.6	29.86	30.45	496496	15028960
2018/1/2	29.7	30.24	29.7	30.24	777561	23282764
2017/12/29	29.8	30.07	29.58	29.73	664233	19772158
2017/12/28	29.65	30.13	29.2	29.88	891758	26505336
2017/12/27	29.62	29.85	29.08	29.8	1072115	31552608
2017/12/26	29.99	30.23	29.31	29.53	790263	23419872
2017/12/25	30.7	30.87	29.83	29.99	1036149	31179804
2017/12/22	31.2	31.2	30.57	30.8	716854	22047608
2017/12/21	31.39	31.53	30.61	31.2	894427	27731980
2017/12/20	31.61	31.85	31.13	31.39	842466	26459788
2017/12/19	31.59	31.83	31.46	31.61	581712	18409368
2017/12/18	31.79	32.48	31.39	31.66	1983997	63268068
2017/12/15	32.4	32.67	31.32	31.4	3204603	101033528
2017/12/14	33.55	33.98	32.5	32.97	6258167	207560560
2017/12/5	34.6	34.73	33.1	33.15	7302588	249080480
2017/12/4	34.9	35.08	34.07	34.28	12679609	440594624
2017/12/1	33.9	35.5	33.62	35.1	16840071	589487168
2017/11/30	34.05	34.12	33.52	33.85	3432709	116169208
2017/11/29	34.2	35.19	33.91	34.67	6619767	228890432
2017/11/28	33.36	33.56	33.33	33.54	1388769	46414844
2017/11/27	33.37	33.49	33.2	33.33	2184319	72835312
2017/11/24	33.45	33.57	33.01	33.39	1439667	48053060
2017/11/23	33.48	33.68	33.35	33.41	2459767	82418920
2017/11/22	33.46	33.74	33.39	33.5	1584145	53086856
2017/11/21	33.58	33.67	33.45	33.5	2117018	71008472
2017/11/20	33.6	33.68	33.18	33.55	2928459	97741032
2017/11/17	33.63	33.84	33.55	33.6	2895950	97457016
2017/11/16	33.46	33.67	33.41	33.66	2554504	85769544
2017/11/15	33.28	33.7	33.22	33.46	2500114	83591776
2017/11/14	33.56	33.58	33.21	33.29	2604271	86968072
2017/11/13	33.5	33.67	33.37	33.58	3610056	120972168
2017/11/10	33.03	33.75	33.03	33.53	4532712	151096512
2017/11/9	32.98	33.09	32.88	33.03	2593186	85504320
2017/11/8	33.01	33.18	32.91	33	3087171	101894080
2017/11/7	33.03	33.28	32.6	33.02	5455759	179912432
2017/11/6	33.82	33.82	32.76	33.12	12390098	413368960
2017/11/3	32.21	32.21	32.21	32.21	131100	4222731
2017/11/2	30.68	30.68	30.68	30.68	236899	7268061.5
2017/11/1	29.8	29.87	29.05	29.22	1328961	38948256
2017/10/31	29.51	30	29.47	29.52	1326840	39362624
2017/10/30	30.06	30.4	29.4	29.5	1497033	44563588
2017/10/27	29.61	30.48	29.61	30.05	1800960	54147300
2017/10/26	30.02	30.17	29.45	29.59	1997994	59508740
2017/10/25	29.09	30.01	29.07	29.9	1239934	36830020
2017/10/24	29.03	29.26	28.92	29.04	685280	19943982
2017/10/23	29.18	29.39	28.8	29.03	1021680	29650804
2017/10/20	29.31	29.59	29.11	29.4	1046813	30602880
2017/10/19	29.81	29.87	29.05	29.3	1384966	40795004
2017/10/18	29.94	30.06	29.8	29.8	478310	14301706
2017/10/17	30.1	30.25	29.73	29.94	1556204	46555088
2017/10/16	30.04	30.3	29.55	29.9	2112295	63136568
2017/10/13	29.93	30.25	29.7	29.99	1400040	41923888
2017/10/12	29.95	30.2	29.65	29.93	1134047	34021084
2017/10/11	29.88	30.47	29.88	29.96	1571762	47332244
2017/10/10	29.75	30	29.3	29.88	1645205	48859952
2017/10/9	30.9	31.25	29.39	30	2557537	77676320
2017/9/29	29.98	31.06	29.85	30.94	2046004	62274828
2017/9/28	30.2	30.45	29.68	29.99	2562830	76888488
2017/9/27	31	31.45	29.56	30.61	5971991	180966560
2017/9/26	31.65	31.9	31.02	31.12	2191900	68722512
2017/9/25	32.34	32.88	31.55	31.82	3787933	121484392
2017/9/22	34.1	34.1	30.88	33.01	13277347	434880864
2017/9/21	32.48	32.48	32.48	32.48	2348041	76264368
2017/6/21	30.6	31.03	30.52	30.93	913801	28165864
2017/6/20	29.8	31.11	29.76	30.6	3495444	107068640
2017/6/19	29.48	29.99	29.22	29.75	2088920	62275584
2017/6/16	28.87	29.2	28.76	29.2	578972	16793430
2017/6/15	29.1	29.33	28.56	28.98	973807	28273682
2017/6/14	29.11	29.45	29.01	29.01	806896	23579100
2017/6/13	29.05	29.43	29.02	29.24	972080	28380192
2017/6/12	28.25	29.67	28.04	29.15	3046359	88734976
2017/6/9	28.48	28.55	28.12	28.29	839800	23740998
2017/6/8	28.9	28.9	28.33	28.36	1394445	39789372
2017/6/7	28.18	28.89	28	28.83	1993518	57181416
2017/6/6	27.76	28.23	27.7	28.18	1630698	45626568
2017/6/5	27.25	28.34	27.25	27.8	1679475	47000736
2017/6/2	27.16	27.25	26.71	27.25	1246934	33609564
2017/6/1	26.71	27.34	26.71	27.17	1441505	39174016
2017/5/31	27.18	27.34	26.83	26.89	1220100	32938220
2017/5/26	26.8	26.96	26.66	26.88	1160998	31113086
2017/5/25	26.88	26.99	26.28	26.76	1659530	44165624
2017/5/24	26.52	27	26.11	26.98	1478921	39126584
2017/5/23	27.15	27.65	26.53	26.55	1544732	41743860
2017/5/22	28.13	28.28	27.27	27.47	1272769	35338988
2017/5/19	28.28	28.43	28.05	28.13	723054	20374224
2017/5/18	28.1	28.52	28.02	28.2	1013290	28747914
2017/5/17	28.4	28.74	28.03	28.16	1404522	39812912
2017/5/16	27.58	28.5	27.33	28.25	1850461	52035408
2017/5/15	27.49	27.88	27.33	27.74	1564109	43233560
2017/5/12	26.79	27.5	26.63	27.27	2141044	57781124
2017/5/11	26.59	26.77	25.58	26.62	2231241	58723896
2017/5/10	27.8	28.18	26.49	26.49	3762618	102507776
2017/5/9	28.15	28.39	27.16	27.88	4637334	127914112
2017/5/8	30.1	30.34	28.59	28.59	3177680	93594520
2017/5/5	30.6	30.74	30.09	30.09	1499787	45434852
2017/5/4	30.3	30.98	30.3	30.57	2729898	83920232
2017/5/3	30.38	30.57	30.11	30.4	1205972	36582808
2017/5/2	30.5	30.79	30.1	30.44	1171720	35700260
2017/4/28	30.51	31	30.51	30.55	1915920	58847520
2017/4/27	30.61	30.95	30.32	30.51	1466067	44833992
2017/4/26	31.2	31.47	30.27	30.61	3357462	103155288
2017/4/25	31	32.26	31	31.86	2654010	84227880
2017/4/24	31.7	32.12	30.88	31.35	2855547	90214136
2017/4/21	31.05	31.65	30.92	31.47	2127288	66721476
2017/4/20	31.43	31.87	30.88	31	2844622	89081528
2017/4/19	31.7	32.39	31.38	31.4	2660295	84719248
2017/4/18	31.9	32.35	31.85	31.87	1454882	46708148
2017/4/17	32.33	32.89	31.36	32.1	3125443	100275624
2017/4/14	30.99	32.77	30.85	32.42	7235149	231103344
2017/4/13	31.09	32.33	30.7	31.3	4109356	130407792
2017/4/12	30.51	31.5	30.36	31.09	2461243	76400744
2017/4/11	30.01	30.64	30.01	30.5	1988672	60400344
2017/4/10	30.5	31.15	29.99	30.1	2054947	62773540
2017/4/7	31.05	31.15	30.1	30.5	2153093	65715504
2017/4/6	30.96	31.43	30.82	31.14	1243473	38714068
2017/4/5	30.67	30.99	30.05	30.97	1435864	44064924
2017/3/31	31.25	31.45	30.4	30.45	1728724	53229520
2017/3/30	31.6	31.98	31.03	31.05	1833575	57693276
2017/3/29	31.96	31.96	31.5	31.74	928435	29477132
2017/3/28	32.42	32.48	31.71	31.72	1863780	59806728
2017/3/27	32.75	32.78	32.43	32.6	1479695	48181380
2017/3/24	31.8	33.13	31.62	32.87	4334923	142000720
2017/3/23	31.2	32.01	31.11	31.55	1796580	56746052
2017/3/22	31.95	31.97	31.19	31.21	2229025	70357544
2017/3/21	32.45	32.45	31.9	31.9	1824780	58556528
2017/3/20	32.22	32.45	32.07	32.37	1252671	40451692
2017/3/17	32.59	32.59	31.97	32.18	2628554	84592688
2017/3/16	32.3	32.66	32.3	32.5	1693937	55001976
2017/3/15	32.7	32.7	32.17	32.39	2107655	68206712
2017/3/14	32.81	33.15	32.64	32.64	1736075	57011956
2017/3/13	32.84	33.24	32.71	32.9	1887000	62317840
2017/3/10	33.05	33.33	32.87	33.06	1192546	39394712
2017/3/9	33.26	33.26	32.7	33.18	1547179	51055448
2017/3/8	33	33.3	32.83	33.24	1908368	63069816
2017/3/7	33.01	33.17	32.5	32.91	2208783	72479320
2017/3/6	33.3	33.3	32.85	32.9	2634993	86913744
2017/3/3	32.6	33.48	32.4	33.24	2652708	87692648
2017/3/2	32.48	32.79	32.38	32.48	1508758	49095860
2017/3/1	32.12	32.7	32.04	32.56	1684106	54603812
2017/2/28	32.53	32.69	32.03	32.34	1598576	51686652
2017/2/27	31.15	32.63	31.15	32.4	4904013	157870048
2017/2/24	30.72	31.68	30.72	31.08	1686335	52738236
2017/2/23	30.61	31.22	30.18	30.62	2694995	82302296
2017/2/22	31.52	31.6	30.3	30.58	2818101	87205512
2017/2/21	31.51	31.97	31.46	31.52	1166360	36972768
2017/2/20	31.9	32	31.3	31.51	1508772	47635028
2017/2/17	31.58	32.16	31.4	31.77	1828575	58217188
2017/2/16	31.15	31.46	31	31.4	1007912	31465950
2017/2/15	30.91	31.7	30.91	31.19	1500381	47089352
2017/2/14	31.11	31.25	30.8	30.98	850565	26387928
2017/2/13	30.8	31.34	30.69	31.11	1084422	33695968
2017/2/10	31.15	31.19	30.7	30.87	945101	29170744
2017/2/9	30.35	31.3	30.15	30.88	1554740	47750800
2017/2/8	30.1	30.34	29.97	30.3	1028945	30995556
2017/2/7	30.26	30.42	29.96	30.15	930441	28071752
2017/2/6	30.12	30.53	30.12	30.45	698280	21193536
2017/2/3	30.31	30.47	30.12	30.13	435200	13134199
2017/1/26	29.9	30.4	29.9	30.16	581467	17560262
2017/1/25	29.76	29.99	29.38	29.86	824019	24465262
2017/1/24	29.83	30.12	29.6	29.76	683000	20410218
2017/1/23	29.23	29.98	29.23	29.97	907270	26993402
2017/1/20	29	29.73	28.9	29.37	790700	23221880
2017/1/19	29	29.43	28.88	29.13	743028	21669318
2017/1/18	28.99	29.5	28.69	29.18	1308928	38112624
2017/1/17	29.55	29.78	28.62	29.17	4027525	116180336
2017/1/16	31.3	31.76	30.13	30.13	2711451	82199544
2017/1/13	32.66	32.72	31.71	31.72	1587950	50972520
2017/1/12	32.6	32.89	32.52	32.66	790700	25870190
2017/1/11	32.95	33.2	32.61	32.75	1187427	38977164
2017/1/10	32.4	32.98	32.22	32.61	1530424	49997716
2017/1/9	32.44	32.7	32.15	32.41	1379330	44619592
2017/1/6	32.79	32.98	32.43	32.76	1249347	40823188
2017/1/5	32.25	33.18	32.15	32.79	1832371	59956056
2017/1/4	32.38	32.46	32.02	32.25	2338651	75227224
2017/1/3	32.88	33.2	31.92	32.32	2620713	84981440
2016/12/30	32.58	33.02	32.5	32.81	1796460	58990308
2016/12/29	33.48	33.48	32.42	32.7	3942881	129279152
2016/12/28	34.2	34.21	33.58	33.69	2890900	97737144
2016/12/27	34.35	34.45	34.05	34.2	1751021	60008648
2016/12/26	34.75	34.89	33.62	34.41	3335868	113931120
2016/12/23	34.41	34.75	33.44	34.15	3618984	122935648
2016/12/22	34.31	34.9	34.31	34.58	2139557	74011120
2016/12/21	34.53	34.58	34.08	34.41	2512832	86170936
2016/12/20	35.1	35.23	34.02	34.57	2816164	97191712
2016/12/19	36	36.2	34.95	35.55	2480643	88173168
2016/12/16	34.19	35.76	34	35.76	4445516	156204144
2016/12/15	33.86	34.26	33.72	34.06	1916217	65160884
2016/12/14	34.3	34.83	33.7	33.9	2556762	87330896
2016/12/13	33.47	33.96	33.09	33.88	2675552	89887976
2016/12/12	34.85	35.25	33.6	33.85	2991381	102369928
2016/12/9	35.3	35.54	34.65	35.17	3993846	139381008
2016/12/8	35.72	36.4	35.5	35.54	2589000	92781232
2016/12/7	35.48	35.75	35.05	35.7	1732318	61209112
2016/12/6	35.8	35.95	35.04	35.4	2794902	99180296
2016/12/5	33.52	35.65	32.85	35.65	9540134	335390496
2016/12/2	34.88	35.17	33.68	33.95	3651340	125303352
2016/12/1	35.3	35.43	34.66	34.88	4722800	165202272
2016/11/30	36.68	37	34.4	34.89	10392115	368002144
2016/11/29	37	37.46	35.78	36.01	5059615	184934256
2016/11/28	36.8	37.67	36.7	36.9	8140290	303344608
2016/11/25	34.33	36.23	34.33	36.23	10857494	385266112
2016/11/24	34.35	35.8	34.32	34.5	9019984	315522016
2016/11/23	32.4	34.19	31.8	34.18	12763614	428114112
2016/11/22	32.49	32.75	32.45	32.56	1416498	46075736
2016/11/21	32.5	32.7	32.35	32.58	1054291	34341280
2016/11/18	32.2	32.62	32.2	32.44	1374028	44529264
2016/11/17	32.3	32.65	32.15	32.26	1608797	52076652
2016/11/16	32.4	32.58	32.03	32.39	1934873	62506600
2016/11/15	32.65	32.74	32.14	32.36	1386200	44900992
2016/11/14	32.11	32.8	32.03	32.54	2645571	86196000
2016/11/11	32.1	32.28	31.92	32.16	2617067	83986040
2016/11/10	32.3	32.5	32.05	32.19	1620900	52276700
2016/11/9	32.5	32.5	31.56	32.05	1959999	62804952
2016/11/8	31.92	32.24	31.92	32.02	2056855	65935268
2016/11/7	32.1	32.38	31.49	31.84	3499165	111696792
2016/11/4	33.4	33.62	31.94	32.12	6949660	226348144
2016/11/3	33.55	33.85	33.55	33.62	2386482	80414952
2016/11/2	33.9	34.1	33.57	33.65	1397465	47188164
2016/11/1	33.44	33.73	33.35	33.68	1754912	58973956
2016/10/31	33.34	33.66	32.8	33.49	2207977	73456608
2016/10/28	33.35	33.61	33.08	33.25	1455036	48540228
2016/10/27	33.13	33.5	33.09	33.25	1481052	49290360
2016/10/26	33.8	33.84	33.08	33.39	2784936	92790352
2016/10/25	33.72	34.2	33.55	33.71	2388065	80818960
2016/10/24	33.66	33.97	33.51	33.92	1755297	59205716
2016/10/21	33.86	34.26	33.53	33.64	1676814	56665416
2016/10/20	34.19	34.19	33.6	33.74	3491987	118223824
2016/10/19	34.5	34.58	34.01	34.19	2347500	80404224
2016/10/18	34.25	34.73	34.25	34.5	2290993	79071312
2016/10/17	34.2	34.98	33.98	34.39	3324369	115046576
2016/10/14	34.15	34.4	33.99	34.17	1633034	55788424
2016/10/13	34.75	35.2	34.21	34.25	2778807	96688536
2016/10/12	34.4	34.95	34.23	34.64	2439536	84461472
2016/10/11	34.38	34.98	34.03	34.4	2269365	78354744
2016/10/10	33.95	35	33.9	34.48	3148558	108921248
2016/9/30	33.7	34.2	33.67	33.99	2528558	85951624
2016/9/29	32.9	34	32.82	33.44	2713522	91165440
2016/9/28	32.52	33.29	32.3	33.16	2017045	65767920
2016/9/27	33.02	33.41	32.03	32.72	2683578	87904064
2016/9/26	33.45	33.85	33.15	33.15	2482649	82989960
2016/9/23	32.76	33.4	32.76	33.3	1784125	59222556
2016/9/22	32.88	33.43	32.82	32.85	2070158	68494032
2016/9/21	32.9	33.19	32.68	32.7	1355575	44621560
2016/9/20	32.75	32.98	32.49	32.9	1479480	48518104
2016/9/19	32.75	32.92	32.5	32.8	1230532	40296964
2016/9/14	32.32	33.18	32.11	32.57	1659663	54381260
2016/9/13	32.93	33.15	31.8	32.51	3128362	101503128
2016/9/12	33.5	33.73	32.7	32.85	4143475	138056464
2016/9/9	33.4	34.08	33.21	33.91	3747797	126382456
2016/9/8	33.54	33.96	33	33.1	2551201	85434888
2016/9/7	33.38	34.1	33.38	33.63	4372625	147498832
2016/9/6	32.4	33.48	32.4	33.3	3410071	112101544
2016/9/5	32.22	32.54	32.1	32.4	3232321	104425696
2016/9/2	33.49	33.83	32.2	32.27	8114573	265944640
2016/9/1	33.86	34	33.34	33.49	4810697	161802480
2016/8/31	34.1	34.69	33.52	33.8	6951592	235662192
2016/8/30	34.41	35.35	34.41	34.78	5016116	174982000
2016/8/29	34.9	35.5	34.3	34.5	10206827	356770848
2016/8/26	33.98	34.51	33.8	33.91	4523201	154755616
2016/8/25	33.39	34	33.06	34	3362875	113398424
2016/8/24	33.81	34.59	33.28	33.6	4433961	149266256
2016/8/23	33.9	35.18	33.51	34	6415813	221555408
2016/8/22	34.28	35	33.52	33.8	7033996	241137312
2016/8/19	33.5	34.95	33.5	34.24	5527619	188811824
2016/8/18	33.5	35.23	33.44	33.49	9218448	315669440
2016/8/17	31.8	33.55	31.68	33.55	5511882	181943088
2016/8/16	31.83	32	31.32	31.95	3634887	115116888
2016/8/15	31.8	32.14	31.4	31.88	4768603	151721296
2016/8/12	31.79	32.4	31.54	32	4955367	158429744
2016/8/11	31.86	32.46	31.52	31.8	5976306	191246480
2016/8/10	30.7	32.23	30.7	31.84	7509036	238393664
2016/8/9	30.88	31.19	30.64	30.83	3390263	104486048
2016/8/8	30.38	31.2	30.01	31.02	5295093	163289984
2016/8/5	30.5	31.14	30.04	30.28	3860630	118336384
2016/8/4	30.17	30.77	30.12	30.42	2962417	90115464
2016/8/3	29.28	30.66	29.01	30.43	6157741	185661520
2016/8/2	29.01	29.44	28.52	29.2	2826006	82149272
2016/8/1	30.03	30.23	28.72	29	4825465	140938704
2016/7/29	29.91	31.23	29.91	30.23	7065262	215686944
2016/7/28	28.96	30.03	28.7	29.79	6590256	195097424
2016/7/27	29.71	30	28.35	28.96	5394960	156775312
2016/7/26	28.92	30.2	28.9	29.84	4459018	132057272
2016/7/25	28.6	29.2	28.53	28.94	2773726	80197544
2016/7/22	28.88	29.56	28.69	28.7	5464151	159576560
2016/7/21	28.2	28.29	28.05	28.15	1748660	49244956
2016/7/20	28.4	28.41	28	28.31	3206544	90454088
2016/7/19	28.71	28.82	27.85	28.5	3135413	88672968
2016/7/18	28.8	28.95	28.5	28.76	2808351	80699712
2016/7/15	28.48	29.09	28.31	28.87	2726606	78737888
2016/7/14	28.31	28.72	28.24	28.42	3532526	100606736
2016/7/13	28	28.7	27.9	28.3	3772505	106734456
2016/7/12	28.36	28.37	27.85	28.14	6792002	190558992
2016/7/11	29.98	29.98	28.41	28.41	11559335	330381056
2016/7/8	30.23	30.31	29.8	29.9	2171076	64987092
2016/7/7	29.86	30.38	29.8	30.25	3754089	113117512
2016/7/6	30	30.07	29.65	29.96	2373442	70746896
2016/7/5	30.18	30.35	29.86	29.93	2326340	69868096
2016/7/4	29.51	30.3	29.51	30.18	3156137	95102496
2016/7/1	29.5	29.95	29.45	29.63	5512797	163218752
2016/6/30	29.96	30.04	29.49	29.59	4987602	147593408
2016/6/29	30.58	30.58	29.75	29.92	4405574	132285280
2016/6/28	30.26	30.9	30.09	30.39	3271579	99607712
2016/6/27	29.97	30.56	29.7	30.06	3595402	108675856
2016/6/24	30.22	30.39	29.3	30.15	2401806	72156024
2016/6/23	30.59	30.78	30	30.21	3122350	94760424
2016/6/22	30.37	31.08	30.2	30.72	3056611	94097176
2016/6/21	30.99	31.19	30.45	30.5	2634624	81080792
2016/6/20	31.01	31.8	30.5	30.58	5920078	183333968
2016/6/17	32.15	32.48	31.52	31.95	7990306	256115664
2016/6/16	30.86	32.1	30.5	32.08	3655957	114308072
2016/6/15	29.78	30.89	29.78	30.88	2890216	88372072
2016/6/14	29.58	30.4	29.58	30.07	1791039	53688740
2016/6/13	31.11	31.28	30.02	30.09	3918338	119936792
2016/6/8	31.24	32	31	31.6	4554286	143592512
2016/6/7	30.27	31.82	30	31.58	6702605	209227424
2016/6/6	29.6	30.39	29.5	30.3	3629558	108918416
2016/6/3	29.9	30.02	29.37	29.4	3468426	102767576
2016/6/2	30	30.14	29.6	29.9	2787734	83028096
2016/6/1	29.88	30.31	29.8	30.12	2902179	87122080
2016/5/31	29.38	29.84	28.8	29.81	4101743	121165520
2016/5/30	29.66	29.94	29.15	29.38	3089328	90994856
2016/5/27	30	30.85	30	30.02	1698192	51614300
2016/5/26	30	30.48	29.26	30.36	2568304	76780408
2016/5/25	30.18	30.29	29.78	29.87	2484854	74582448
2016/5/24	30	30.48	29.67	30.18	4965581	149941296
2016/5/23	28.48	29.77	28.45	29.58	3200947	93558256
2016/5/20	28.1	28.63	27.89	28.45	2359646	66676164
2016/5/19	28.18	28.66	27.91	28.2	3026258	85821960
2016/5/18	29.64	29.64	28.36	28.36	3700700	106222432
2016/5/17	29.56	30.48	29.46	29.85	3147412	94376432
2016/5/16	29.19	29.63	28.83	29.48	2460270	72199656
2016/5/13	29.35	29.79	29.07	29.33	3279951	96387992
2016/5/12	29.57	29.79	29.05	29.75	3406042	100192448
2016/5/11	29.85	30.78	29.76	29.93	3102796	94041976
2016/5/10	29.98	30.26	29.19	29.76	4894392	145267440
2016/5/9	29.51	30.4	29.38	29.99	4826310	143822928
2016/5/6	31.6	31.9	29.99	30.4	6174987	189591472
2016/5/5	31.5	31.88	31.19	31.57	2335780	73614720
2016/5/4	31.99	32	31.12	31.55	4364304	137706816
2016/5/3	31	32.09	30.68	31.77	6385575	201600736
2016/4/29	29.14	30.66	28.73	30.66	5097485	153060208
2016/4/28	29.48	29.55	28	29.2	3697927	106717672
2016/4/27	29.5	29.82	29.23	29.39	3383587	99634448
2016/4/26	29.5	29.88	29.19	29.85	3301792	97370808
2016/4/25	28.68	29.96	28.52	29.5	6200138	182853344
2016/4/22	28.17	28.85	28.06	28.85	3634816	103550560
2016/4/21	27.98	29.09	27.91	28.17	4868715	138745488
2016/4/20	29.28	29.89	27.66	27.96	6975786	199843696
2016/4/19	28.29	29.1	28.02	28.98	4186802	120479976
2016/4/18	28.4	29.1	27.98	28.18	4124677	116865784
2016/4/15	27.85	28.46	27.57	28.36	3754676	105570504
2016/4/14	27.8	28.07	27.31	27.78	7517906	208054624
2016/4/13	27.76	28.3	27.44	27.87	7417879	206716176
2016/4/12	28.28	28.57	27.69	27.76	2903154	81147816
2016/4/11	28.17	28.7	28.05	28.4	3534970	100354488
2016/4/8	28.51	28.53	27.78	28.18	2938808	82489784
2016/4/7	28.85	29.6	28.68	28.68	5330989	155215888
2016/4/6	28.61	28.99	28.21	28.62	2862910	81999568
2016/4/5	28.02	28.72	27.4	28.67	7325538	205319648
2016/4/1	28.2	28.49	27.4	27.98	3054068	84944624
2016/3/31	28.96	29.3	28.08	28.39	3922962	112067576
2016/3/30	28.32	28.6	27.86	28.44	5355808	150902512
2016/3/29	27.71	28.87	26.81	28.32	6677177	188165616
2016/3/28	28.85	28.94	27.76	27.79	4605708	130594472
2016/3/25	27.9	29.01	27.3	28.59	7330529	206355296
2016/3/24	25.96	27.63	25.94	27.63	8582090	233820336
2016/3/23	26.73	26.85	26.2	26.31	4224400	111820280
2016/3/22	25.57	27.43	25.55	26.75	7595092	203782416
2016/3/21	26.05	26.19	25.3	26.16	9293467	238998224
2016/3/18	26.37	26.58	25.73	25.79	8613894	224697168
2016/3/17	24.95	26.01	24.7	26.01	3371257	86747064
2016/3/16	25.22	25.36	24.58	24.77	1750951	43738496
2016/3/15	25.67	25.8	24.89	25.06	2842248	71846680
2016/3/14	25.5	26.15	25.41	25.73	3544252	91673336
2016/3/11	24.7	25.39	24.15	25.21	1917261	48130556
2016/3/10	25.6	25.95	24.93	24.94	2236035	56795404
2016/3/9	25.2	25.99	25.06	25.46	2304970	58964540
2016/3/8	24.4	25.73	23.52	25.73	3640148	90314936
2016/3/7	25.01	25.3	24.33	24.5	4105539	102192464
2016/3/4	26.12	26.45	24.86	24.86	5524697	139630624
2016/3/3	26.1	26.8	26	26.17	4498635	118593880
2016/3/2	24.51	25.79	24.51	25.79	4772832	121399624
2016/3/1	24.7	25.17	23.51	24.56	5435653	131294728
2016/2/29	25.75	26.04	24.75	24.75	4269154	106011912
2016/2/26	25.8	26.48	25.22	26.05	6929484	177266096
2016/2/25	28.1	28.1	26.55	26.55	3480933	93840920
2016/2/24	27.57	28.15	27.11	27.95	3016786	83503416
2016/2/23	28.55	28.89	27.3	27.86	3891156	108612552
2016/2/22	28.69	29.28	28.17	28.39	4205233	120470496
2016/2/19	29.21	29.3	28.06	28.3	6013728	172654016
2016/2/18	27.75	29.19	27.75	29.19	7356547	212538880
2016/2/17	27.59	27.97	27.02	27.8	3096642	85689400
2016/2/16	26.4	27.69	26.38	27.51	4411050	120903736
2016/2/15	26.75	26.8	25.75	26.45	3970562	104182648
2016/2/5	27.74	28.58	27.11	27.11	3855291	107863888
2016/2/4	27.9	28.33	27.31	27.8	5070561	140839936
2016/2/3	27.01	28.49	26.69	28.15	5861712	162424560
2016/2/2	26.9	27.68	26.63	27.34	6869363	186189184
2016/2/1	25.08	26.78	25.05	26.7	6522313	172787488
2016/1/29	24.83	25.65	24.6	25.5	5489011	138710096
2016/1/28	23.62	24.8	23.35	24.53	7420629	182743648
2016/1/27	23.45	24	23.13	23.62	6129812	143147856
2016/1/26	25.58	25.58	24.35	24.35	4457330	110610448
2016/1/25	26.06	26.28	25.33	25.63	5096755	131337848
2016/1/22	25.25	25.77	24.4	25.61	4746843	119447856
2016/1/21	23.95	25.62	23.76	25	8489901	214200176
2016/1/20	24.31	25.36	24.2	24.4	7901115	196579376
2016/1/19	23.02	24.17	22.7	24.17	5964205	142061600
2016/1/18	21.9	23.42	21.9	23.02	4249497	96910152
2016/1/15	22.17	23.1	21.78	22.39	5694097	128231384
2016/1/14	20.78	22.51	20.76	22.05	4967234	105968120
2016/1/13	23.34	23.8	21.85	21.85	4954275	112323416
2016/1/12	23.07	23.85	22.6	23	4607077	106291600
2016/1/11	24.6	24.89	23.66	23.66	5287165	126977016
2016/1/8	25.1	26.67	24.83	24.9	9402653	236818416
2016/1/7	26.14	27.98	26.14	26.14	1604900	42089364
2016/1/6	26.67	27.6	26.67	27.52	4538658	123656928
2016/1/5	26.48	27.9	26.48	26.48	5346508	143218416
2016/1/4	29.32	29.32	27.87	27.87	2852172	80431376
2015/12/31	29.28	30.04	28.85	29.34	5054975	148599552
2015/12/30	28.43	29.65	28.05	29.29	5667238	164219856
2015/12/29	28.31	29	27.04	28.71	10821828	299951296
2015/12/28	30	30.21	28.46	28.46	12421452	358852000
2015/12/25	30.05	30.78	29	29.96	5405007	161638240
2015/12/24	31.05	31.5	29.93	29.99	10815634	324955520
2015/12/23	31.3	32.94	31.3	31.5	7577557	245218448
2015/12/22	31.33	32.45	30.8	31.38	6919742	218068624
2015/12/21	31.75	31.75	30.26	31.72	12845170	406557952
2015/12/18	30.24	30.24	30.24	30.24	477465	14438542
2015/12/10	29.04	29.55	28.6	28.8	3433661	99330432
2015/12/9	27.95	29.36	27.68	29.04	6651377	191583632
2015/12/8	29	29.98	28	28.3	12170877	356619264
2015/12/7	28.29	29.02	27.64	29.02	10391202	295615584
2015/12/4	26.1	27.64	26.1	27.64	11298794	307280928
2015/12/3	26	26.9	25.6	26.32	8250878	218248144
2015/12/2	27.44	27.44	25.88	25.88	13424463	350217248
2015/12/1	26.2	27.85	26.18	27.24	10516984	286741280
2015/11/30	26.38	27.68	26.16	26.79	22560406	613667264
2015/11/27	25.2	26.36	25	26.36	22561328	590019264
2015/11/26	25.1	25.98	24.51	25.1	12423528	313826080
2015/11/25	24.1	25.13	23.8	24.82	11098752	271293728
2015/11/24	25.01	25.19	23.93	23.93	11661132	281705600
2015/11/23	25.01	25.92	24.62	25.19	13890218	353796544
2015/11/20	24.5	25.17	24.07	24.69	9955514	244062608
2015/11/19	26.1	26.1	24	24.62	19439910	487950368
2015/11/18	24.31	24.98	24.05	24.98	9505106	235354512
2015/11/17	23.2	23.79	22.58	23.79	27021559	627700992
2015/11/16	22.66	22.66	20.5	22.66	39548298	866179648
2015/11/13	21.58	21.58	21.58	21.58	651643	14062456
2015/11/12	20.55	20.55	20.55	20.55	2902522	59646828
2015/1/26	19.72	19.8	19.26	19.57	4819233	94358624
2015/1/23	19.5	19.87	19.12	19.54	8418241	164887712
2015/1/22	18.21	19.12	18.19	19.12	6327589	118400672
2015/1/21	17.91	18.29	17.9	18.21	4565153	82742656
2015/1/20	17.52	17.89	17.52	17.85	4028439	71330960
2015/1/19	17.68	18.06	17.31	17.47	4545253	80330560
2015/1/16	17.99	18.06	17.79	17.86	3580035	63967736
2015/1/15	17.94	18.14	17.82	17.91	1776826	31908434
2015/1/14	17.81	18.18	17.7	17.83	2164123	38881208
2015/1/13	17.62	18.02	17.35	17.8	2271964	40164716
2015/1/12	18.01	18.33	17.37	17.71	3313373	58850152
2015/1/9	18.15	18.32	18.05	18.05	1620587	29404566
2015/1/8	18.14	18.48	18.06	18.15	2892610	52751408
2015/1/7	17.83	18.28	17.83	18.16	2591258	46952972
2015/1/6	17.43	18.05	17.43	17.87	3087754	54990168
2015/1/5	17.81	17.85	17.23	17.43	3083673	53733068
2014/12/31	17.49	17.85	17.49	17.8	1466694	26005698
2014/12/30	17.6	17.79	17.36	17.44	2107038	36947352
2014/12/29	18.3	18.3	17.72	17.72	4394410	78367944
2014/12/26	18.6	18.69	18.31	18.65	2576266	47710368
2014/12/25	18.26	18.85	18.13	18.7	4799613	88951872
2014/12/24	17.36	18.11	17.28	18.11	3983544	71041000
2014/12/23	17.22	17.48	17.2	17.25	2431573	42169836
2014/12/22	18.5	18.5	17.2	17.27	5608237	98615152
2014/12/19	17.68	18.4	17.54	18	5963412	107756512
2014/12/18	18.49	18.49	17.69	17.7	9924516	177970544
2014/12/17	19.25	19.26	18.51	18.56	5434494	101884344
2014/12/16	19.22	19.47	19.02	19.31	4434035	85444080
2014/12/15	18.75	19.52	18.75	19.21	10189643	194548864
2014/12/12	19.36	19.92	19.26	19.73	4489341	88053784
2014/12/11	19.16	19.45	18.88	19.43	4407339	84264496
2014/12/10	18.87	19.32	18.33	19.22	5166574	97893216
2014/12/9	18.81	19.42	18.8	18.93	6926736	132149960
2014/12/8	19.5	19.5	18.72	19.01	9614771	183349328
2014/12/5	20.61	20.65	19.71	19.71	11831096	235915472
2014/12/4	20.9	21.44	20.53	20.75	11430543	239138272
2014/12/3	21.75	21.75	21.06	21.27	8953683	190749328
2014/12/2	21.9	22.23	21.65	21.81	4208385	92066688
2014/12/1	22.6	22.77	21.63	21.92	5968403	131840912
2014/11/28	22.06	22.9	22.05	22.72	6058341	136407072
2014/11/27	22.01	22.58	21.92	22.18	5448110	121080472
2014/11/26	21.66	22.28	21.42	21.89	5354101	116775040
2014/11/25	21.37	21.95	21.3	21.85	3826332	82629872
2014/11/24	21.2	21.69	21.2	21.34	4193500	89611608
2014/11/21	21.02	21.3	20.96	21.1	3228153	68099544
2014/11/20	21.11	21.19	20.95	21.04	2118842	44586140
2014/11/19	21.1	21.35	21.01	21.26	1987596	42143108
2014/11/18	21.54	21.7	21	21.11	2504659	53304736
2014/11/17	21.09	21.86	21.09	21.61	2508018	54001964
2014/11/14	21.18	21.29	20.8	21	2398060	50277632
2014/11/13	21.75	21.9	21.04	21.19	3405172	72544656
2014/11/12	21.7	21.97	21.3	21.91	2001267	43332888
2014/11/11	21.75	22.35	20.89	21.57	3820846	82864616
2014/11/10	21.89	22.02	21.5	21.75	4651027	100921712
2014/11/7	23	23.69	21.96	22.1	6711095	153792624
2014/11/5	22.45	22.88	22.16	22.56	2501359	56608428
2014/11/4	22.77	23.05	22.25	22.45	4260088	96397288
2014/11/3	23.18	23.73	22.78	22.89	5392308	124818592
2014/10/31	23.1	23.58	22.61	23.16	6344641	145996576
2014/10/30	22	22.92	21.93	22.92	10128563	230364864
2014/10/29	21.62	22.28	21.62	21.83	5181332	113823432
2014/10/28	20.58	21.38	20.53	21.22	2739915	57679232
2014/10/27	20.52	20.78	20.3	20.62	2222526	45562564
2014/10/24	20.51	20.74	20.24	20.57	2080276	42760744
2014/10/23	20.74	21.2	20.41	20.51	4021573	83488560
2014/10/22	21.59	21.8	20.52	20.54	6795349	144165840
2014/10/21	22.48	22.48	21.5	21.6	5419113	118688984
2014/10/20	22.6	22.68	22.19	22.55	3410160	76589288
2014/10/17	22.41	23.12	22.11	22.48	6324342	142849952
2014/10/16	21.98	22.95	21.7	22.44	8982302	202758624
2014/10/15	21.45	22.14	21.31	21.99	4456567	97021928
2014/10/14	22.1	22.95	21.1	21.66	7113959	158556768
2014/10/13	22.2	22.47	21.85	22.16	5084404	112449160
2014/10/10	22.36	22.64	22.04	22.38	6552398	145893280
2014/10/9	22.76	22.95	22.12	22.27	5006867	112295504
2014/10/8	22.98	22.99	22.4	22.74	4591769	104074560
2014/9/30	22.5	23.17	22.38	23.05	6370123	145617040
2014/9/29	21.11	22.35	21.11	22.35	6929151	153063136
2014/9/26	21.2	21.88	20.98	21.29	4749276	101967200
2014/9/25	20.42	21.45	20.37	21.36	8371027	177591920
2014/9/24	20.23	20.89	19.95	20.43	6264259	127925176
2014/9/23	20.85	21.04	20.16	20.28	6160712	126121824
2014/9/22	20.85	21.1	20.4	20.75	4569606	94699952
2014/9/19	19.91	21.01	19.71	21.01	8608088	177223424
2014/9/18	20.2	20.64	19.68	20.01	5785278	116519616
2014/9/17	19.61	20.48	19.33	20.29	10103085	201082080
2014/9/16	20.39	20.93	19.51	19.51	14249379	285265440
2014/9/15	19.82	20.65	19.82	20.54	10095049	204551232
2014/9/12	19.89	20.05	19.6	19.83	7664066	151901760
2014/9/11	19.07	19.87	19.05	19.86	14169222	278022336
2014/9/10	18.85	19.33	18.82	18.92	5514959	104970368
2014/9/9	18.49	19.17	18.4	18.97	6271414	118256416
2014/9/5	18.4	18.7	18.31	18.43	4216395	77851904
2014/9/4	18.2	18.52	18.11	18.44	4706123	86300576
2014/9/3	18.15	18.44	18.05	18.25	4958065	90394776
2014/9/2	17.86	18.22	17.7	18.15	6520437	117322768
2014/9/1	17.48	17.87	17.45	17.79	3434476	60665224
2014/8/29	17.46	17.83	17.39	17.6	2569747	45027212
2014/8/28	17.51	17.97	17.45	17.48	3185292	56207760
2014/8/27	17.58	17.67	17.4	17.63	3042185	53334868
2014/8/26	17.78	18.18	17.6	17.65	6734219	120352120
2014/8/25	17.65	17.71	17.37	17.63	3938449	68998872
2014/8/22	17.37	17.57	17.21	17.57	3865684	67131784
2014/8/21	17.63	17.73	17.25	17.34	5083752	88778840
2014/8/20	17.83	17.86	17.6	17.79	2976149	52792868
2014/8/19	17.42	17.95	17.41	17.81	7224706	128402072
2014/8/18	17.26	17.58	17.07	17.51	5559063	96100736
2014/8/15	17.3	17.42	17.28	17.32	3610466	62588548
2014/8/14	17.01	17.47	17.01	17.35	5120332	88423248
2014/8/13	17.16	17.31	17.03	17.08	3314279	56762780
2014/8/12	17.34	17.35	17.11	17.19	4009937	68864440
2014/8/11	17.22	17.4	17.11	17.31	2819329	48822384
2014/8/8	17.24	17.49	17.11	17.2	3676166	63503204
2014/8/7	17.06	17.3	17.01	17.11	4484219	76996184
2014/8/6	16.98	17.19	16.94	17.06	3733937	63778216
2014/8/5	17.03	17.09	16.9	16.98	2767433	46988824
2014/8/4	17.16	17.16	16.96	17.01	2823079	48137916
2014/8/1	16.95	17.25	16.9	17.08	4786400	81873744
2014/7/31	16.96	17.18	16.87	17.02	2329491	39661476
2014/7/30	16.98	17.04	16.82	17.01	2905294	49205624
2014/7/29	16.9	17.12	16.81	16.94	2299480	39035000
2014/7/28	16.68	17.04	16.68	16.91	2545194	42960180
2014/7/25	16.63	16.74	16.46	16.64	1839944	30495614
2014/7/24	16.52	16.82	16.44	16.63	2046562	34134620
2014/7/23	16.74	16.8	16.46	16.52	1277167	21186928
2014/7/22	16.45	16.78	16.45	16.64	1366132	22752920
2014/7/21	16.75	16.8	16.49	16.51	1517625	25168976
2014/7/18	16.7	16.9	16.65	16.83	2424336	40615572
2014/7/17	16.99	16.99	16.62	16.72	2260112	37874836
2014/7/16	17.19	17.25	16.89	16.91	2871691	48991980
2014/7/15	17.2	17.47	16.9	17.25	3260909	56095584
2014/7/14	17.21	17.45	17.1	17.42	2239184	38740352
2014/7/11	17.15	17.35	17	17.22	2015105	34620492
2014/7/10	17.16	17.27	17	17.2	2024899	34750336
2014/7/9	17.55	17.76	17.01	17.17	4121917	71626208
2014/7/8	17.63	17.75	17.4	17.69	2759500	48484740
2014/7/7	17.79	17.95	17.52	17.57	2887206	50995624
2014/7/4	17.76	18.14	17.61	17.93	2524844	45048116
2014/7/3	17.37	18.3	17.3	17.8	5444947	97788760
2014/7/2	17.45	17.54	17.16	17.44	3678671	63971904
2014/7/1	17.22	17.65	17.03	17.63	4160179	72131624
2014/6/30	16.98	17.22	16.86	17.19	1758870	30125004
2014/6/27	17.13	17.2	16.95	17.02	2369495	40382688
2014/6/26	16.95	17.35	16.86	17.12	2510959	43182600
2014/6/25	17.01	17.02	16.69	16.97	1824738	30780614
2014/6/24	16.75	17.11	16.68	17.03	2222987	37641636
2014/6/23	16.69	16.84	16.6	16.72	1187144	19865322
2014/6/20	16.33	16.61	16.3	16.61	1241842	20403908
2014/6/19	16.7	16.83	16.06	16.34	2067650	34238320
2014/6/18	16.9	17.1	16.66	16.7	1699043	28607930
2014/6/17	17.06	17.15	16.88	16.91	1963786	33333736
2014/6/16	16.78	17.15	16.74	17.13	2251032	38346152
2014/6/13	16.53	16.96	16.46	16.83	2428564	40583084
2014/6/12	16.78	16.82	16.55	16.58	2119242	35338872
2014/6/11	16.49	16.95	16.32	16.85	3202952	53291680
2014/6/10	16.51	16.64	16.2	16.55	1717958	28217634
2014/6/9	16.51	16.72	16.42	16.51	1704135	28240606
2014/6/6	16.37	16.75	16.2	16.69	2549450	42077088
2014/6/5	16.16	16.48	16.06	16.38	1810082	29493190
2014/6/4	16.71	16.82	15.98	16.15	4656589	75350800
2014/6/3	16.99	17.16	16.7	16.71	2047258	34660636
2014/5/30	17	17.19	16.85	16.99	1839468	31246816
2014/5/29	17.37	17.55	16.93	16.95	2548067	43938248
2014/5/28	17.52	17.58	17.23	17.46	2097493	36446392
2014/5/27	17.66	17.73	17.48	17.55	1891491	33258654
2014/5/26	17.27	17.77	17.27	17.7	3229599	56827492
2014/5/23	17.11	17.26	17.04	17.23	1256136	21564948
2014/5/22	17.29	17.49	17.08	17.12	2345040	40499456
2014/5/21	16.8	17.32	16.77	17.29	3029807	51878728
2014/5/20	16.85	17.05	16.76	16.86	1724392	29116772
2014/5/19	16.76	16.93	16.62	16.77	1404646	23575446
2014/5/16	16.79	16.97	16.55	16.78	2457106	41231664
2014/5/15	17.55	17.68	16.68	16.68	5120237	87302680
2014/5/14	17.61	18	17.5	17.51	3966878	70536720
2014/5/13	17.53	17.81	17.41	17.67	3099954	54709932
2014/5/12	17.36	17.74	17.2	17.6	3216818	56117964
2014/5/9	16.58	17.5	16.58	17.32	3528866	60471640
2014/5/8	16.77	17.47	16.72	17.18	3925093	67298696
2014/5/7	17.56	17.67	16.92	16.93	3708906	63920788
2014/5/6	17.7	17.88	17.42	17.56	2603842	46108012
2014/5/5	17.3	17.72	17.16	17.63	2824941	49450608
2014/4/30	17.77	17.77	17.34	17.4	7179577	125746464
2014/4/29	18.71	18.93	17.88	18.25	7968518	144807200
2014/4/28	18.97	19.27	18.42	18.82	5395599	101903296
2014/4/25	18.81	19.52	18.53	18.85	5944222	112965992
2014/4/24	19.5	19.67	18.87	18.87	11116809	213438592
2014/4/23	20.87	21.25	19.86	19.86	9877202	203527072
2014/4/22	20.16	20.99	19.95	20.91	6474566	132448168
2014/4/21	19.96	20.62	19.76	20.16	4959436	100318536
2014/4/18	19.99	20.31	19.72	20	3474318	69590144
2014/4/17	20.03	20.35	19.66	19.86	4947077	98483648
2014/4/16	19.28	20.48	19.24	20.16	7466101	149790384
2014/4/15	20	20.15	19.22	19.5	6831015	134403040
2014/4/14	20.11	20.45	19.8	20.19	5076996	102022408
2014/4/11	19.33	20.16	19.28	20.08	8259099	164528400
2014/4/10	19.3	19.76	19.24	19.34	6711520	130476000
2014/4/9	19.1	19.92	18.82	19.43	10972864	213328464
2014/4/8	19.08	19.28	18.75	18.97	7884206	150279776
2014/4/4	17.37	18.36	17.37	18.36	3107285	56263516
2014/4/3	17.46	17.68	17.25	17.49	4143124	72254056
2014/4/2	17.81	18.36	17.29	17.31	6646876	118259248
2014/4/1	17.87	18.57	17.74	17.9	7775190	141469632
2014/3/31	17.9	17.94	17.6	17.94	5432292	97365080
2014/3/28	17.6	17.9	17	17.09	5018364	86953576
2014/3/27	17.7	18.18	17.66	17.66	3771444	67452984
2014/3/26	17.9	18.06	17.67	17.69	3876228	69112888
2014/3/25	18.34	18.49	17.87	18.04	5399748	97752424
2014/3/24	17.7	18.58	17.7	18.34	5678817	103728992
2014/3/21	17.3	18.13	17.2	17.75	7153213	126755512
2014/3/20	17.42	18.16	17.37	17.38	8800213	155949712
2014/3/19	16.69	17.58	16.65	17.58	8570950	147631344
2014/3/18	16.68	16.95	16.54	16.74	3278569	54885936
2014/3/17	16.49	16.96	16.41	16.75	5199598	87215520
2014/3/14	16	16.66	15.86	16.58	5180639	84418104
2014/3/13	15.6	16.15	15.6	16.07	2839671	45293136
2014/3/12	15.71	16.01	15.36	15.59	3280223	51406176
2014/3/11	16.25	16.44	15.69	15.93	4786931	76974320
2014/3/10	16.29	17.2	16.17	16.39	6955672	116559784
2014/3/7	16.25	16.48	16.13	16.4	2912661	47494836
2014/3/6	16.26	16.42	16.14	16.25	2668885	43375620
2014/3/5	15.75	16.46	15.62	16.37	6657123	108022160
2014/3/4	15.72	15.81	15.54	15.68	1925022	30157100
2014/3/3	15.4	15.89	15.39	15.83	2895246	45129556
2014/2/28	15.33	15.49	15.16	15.48	2080890	31933260
2014/2/27	15.8	16.01	15.3	15.3	3746517	58665728
2014/2/26	15.5	15.92	15.37	15.82	2730818	42798584
2014/2/25	16.69	16.74	15.73	15.73	5923270	96298848
2014/2/24	16.22	16.6	16.12	16.56	3286234	53764128
2014/2/21	16.14	16.45	16.06	16.1	2634178	42704208
2014/2/20	16.36	16.43	16.06	16.21	2750343	44604724
2014/2/19	16.67	16.72	16.27	16.43	4700959	77271440
2014/2/18	16.99	17.08	16.59	16.64	3656647	61405204
2014/2/17	16.8	17.14	16.8	16.98	3391782	57485768
2014/2/14	16.52	16.89	16.51	16.83	2476995	41527760
2014/2/13	17.28	17.28	16.46	16.53	4280243	72245928
2014/2/12	16.83	17.27	16.73	17.13	3860059	65879592
2014/2/11	16.86	16.97	16.57	16.82	3242530	54390704
2014/2/10	16.19	17	16.13	16.91	6009876	100430808
2014/2/7	15.8	16.25	15.68	16.2	3120857	50048320
2014/1/30	15.95	16.1	15.75	15.85	1597890	25410390
2014/1/29	16.05	16.25	15.72	15.88	2655560	42405512
2014/1/28	15.85	15.97	15.65	15.93	2210608	34981064
2014/1/27	16.23	16.23	15.78	15.8	3337978	53230500
2014/1/24	15.71	16.3	15.64	16.14	4852632	78255368
2014/1/23	15.55	15.84	15.51	15.72	2804349	43998088
2014/1/22	15.05	15.74	15.05	15.58	2865258	44447580
2014/1/21	15.05	15.25	15.01	15.05	1960090	29646138
2014/1/20	15.2	15.25	14.9	15.05	1900375	28657880
2014/1/17	15.42	15.54	15.16	15.21	1748440	26770550
2014/1/16	15.4	15.73	15.3	15.48	2855101	44272544
2014/1/15	14.95	15.46	14.9	15.45	3644473	55817784
2014/1/14	14.45	14.78	14.36	14.72	1590304	23270604
2014/1/13	14.35	14.68	14.33	14.5	1622877	23515348
2014/1/10	14.5	14.64	14.16	14.28	2143576	30854136
2014/1/9	15.1	15.25	14.61	14.64	2214089	33117580
2014/1/8	15.18	15.33	15.04	15.13	1427217	21652764
2014/1/7	15	15.22	14.98	15.14	1525844	23040934
2014/1/6	15.4	15.6	15.06	15.06	2978297	45389528
2014/1/3	15.75	15.85	15.47	15.7	2272217	35570532
2014/1/2	15.66	15.98	15.66	15.82	2143408	33988220
2013/12/31	15.54	16.05	15.46	15.72	2837971	44844796
2013/12/30	15.35	15.77	15.1	15.61	2304341	35836472
2013/12/27	15.05	15.42	15.05	15.29	1944141	29650672
2013/12/26	15.52	15.56	15.1	15.16	2480090	37915636
2013/12/25	15.6	15.76	15.43	15.51	2128590	33130036
2013/12/24	15.7	15.85	15.5	15.6	2549813	39879208
2013/12/23	15.41	15.97	15.09	15.81	4095546	64149076
2013/12/20	15.78	16.25	15.17	15.33	5134731	80314888
2013/12/19	16.09	16.4	15.86	15.89	5003101	80799960
2013/12/18	15.52	16.37	15.5	16.03	6631605	106083032
2013/12/17	15.33	15.66	15.24	15.59	2606671	40479632
2013/12/16	15.23	15.72	15.15	15.42	3752938	58138256
2013/12/13	15.05	15.3	14.91	15.3	2731184	41380620
2013/12/12	15.16	15.47	15.06	15.12	1966078	29984616
2013/12/11	15.08	15.23	14.92	15.15	1756688	26491552
2013/12/10	14.95	15.12	14.7	15.08	1941648	28990600
2013/12/9	15.03	15.18	14.92	15.03	2204135	33115246
2013/12/6	15.02	15.45	14.97	15.04	3924265	59793748
2013/12/5	14.73	15.2	14.63	15.01	3511816	52623232
2013/12/4	14.6	14.95	14.53	14.76	2914692	43003228
2013/12/3	13.75	14.53	13.7	14.53	3160623	45029376
2013/12/2	14.28	14.29	13.83	13.84	4082219	56995616
2013/11/29	14.54	14.72	14.5	14.56	2386245	34831972
2013/11/28	14.68	14.75	14.46	14.54	2327381	34005708
2013/11/27	14.54	14.67	14.4	14.61	1535901	22366304
2013/11/26	14.8	14.85	14.44	14.48	2208006	32165860
2013/11/25	14.83	15.22	14.71	14.78	2321490	34874980
2013/11/22	14.62	15.25	14.59	14.97	2634422	39557112
2013/11/21	14.75	14.8	14.51	14.62	2014993	29476488
2013/11/20	14.51	14.91	14.51	14.82	2507716	37095000
2013/11/19	14.31	14.74	14.31	14.6	2592253	37784028
2013/11/18	14.37	14.44	14.21	14.33	2440735	34944544
2013/11/15	14.13	14.58	14.11	14.3	3460208	49560612
2013/11/14	14.01	14.28	13.92	14.14	2356778	33314716
2013/11/13	13.57	14.3	13.43	14.19	4702456	66676476
2013/11/12	13.46	13.62	13.4	13.62	1157290	15643916
2013/11/11	13.32	13.52	13.32	13.49	1309216	17607300
2013/11/8	13.73	13.79	13.35	13.36	2145993	28995910
2013/11/7	13.96	13.96	13.67	13.7	2273973	31376072
2013/11/6	13.8	14.13	13.6	13.88	2457777	34144972
2013/11/5	13.72	13.97	13.61	13.84	3357111	46362724
2013/11/4	14.22	14.34	14.15	14.19	1609566	22882528
2013/11/1	14.2	14.23	14.02	14.16	1205645	17020026
2013/10/31	14.5	14.54	14.05	14.26	2375464	33808444
2013/10/30	14.36	14.72	14.25	14.55	2026982	29322822
2013/10/29	14.92	14.99	14.14	14.21	4212082	60592268
2013/10/28	15.13	15.17	14.73	14.88	1593225	23806482
2013/10/25	14.92	15.32	14.92	15	2674454	40477876
2013/10/24	14.81	15.07	14.71	14.96	1438756	21366068
2013/10/23	15.25	15.41	14.85	14.9	3797587	57236800
2013/10/22	15.55	15.74	15.36	15.42	3444143	53516948
2013/10/21	14.88	15.53	14.88	15.53	4521563	69341136
2013/10/18	14.78	14.85	14.54	14.79	2043364	30054424
2013/10/17	14.77	14.96	14.4	14.8	4173245	61163632
2013/10/16	14.75	15.11	14.7	14.71	6348475	93979760
2013/10/15	15.48	15.89	15.28	15.47	3789439	58879476
2013/10/14	15.8	15.96	15.17	15.24	6117007	94819392
2013/10/11	15.94	16.02	15.64	15.75	3177039	50292536
2013/10/10	16.02	16.35	15.91	15.95	3047966	49103376
2013/10/9	16.08	16.21	15.8	16.1	2526180	40580728
2013/10/8	15.95	16.45	15.81	16.23	2897924	46670520
2013/9/30	15.86	16.11	15.6	16.04	2405510	38286660
2013/9/27	15.8	16.1	15.75	15.76	2140766	34016856
2013/9/26	16.26	16.35	15.71	15.74	2947306	47266784
2013/9/25	16.26	16.48	16.1	16.26	3429288	55844752
2013/9/24	16.37	16.45	16.15	16.22	2794066	45490012
2013/9/23	16.3	16.43	16.03	16.39	2721905	44229284
2013/9/18	16.17	16.45	16.07	16.32	1705261	27715636
2013/9/17	16.52	16.67	16.05	16.14	2342098	38152800
2013/9/16	16.15	16.6	16.1	16.51	3277323	53913684
2013/9/13	16.06	16.37	15.93	16.15	2156065	34843940
2013/9/12	16.03	16.25	15.9	15.95	3022621	48552316
2013/9/11	16.7	16.7	16	16.13	5019250	81511648
2013/9/10	16.9	16.97	16.47	16.65	2850345	47561056
2013/9/9	16.8	16.97	16.21	16.66	5165760	85560256
2013/9/6	17.11	17.38	16.58	17	6502541	110730976
2013/9/5	17.25	18.05	17.04	17.36	7975824	140578176
2013/9/4	17.18	17.45	16.93	17.25	4715233	81098656
2013/9/3	16.35	17.14	16.35	17.14	5349255	89996032
2013/9/2	17	17.04	16.32	16.32	6738752	110716032
2013/8/30	16.9	17.49	16.9	17.18	6130113	105496048
2013/8/29	16.92	17.11	16.72	16.89	2792644	47278388
2013/8/28	17.01	17.2	16.7	16.85	3874710	65488732
2013/8/27	16.86	17.45	16.84	17.1	3801623	65256136
2013/8/26	16.73	17.02	16.63	16.95	2735249	46197560
2013/8/23	17.17	17.29	16.64	16.81	3539659	59920432
2013/8/22	17.16	17.28	17	17.2	2570420	44055728
2013/8/21	16.75	17.62	16.75	17.24	6478375	112668520
2013/8/19	16.55	16.84	16.51	16.78	2032580	33954440
2013/8/16	16.55	17.19	16.51	16.58	4096714	68771776
2013/8/15	17.37	17.48	16.78	16.8	5525804	94028192
2013/8/14	17.53	17.93	17.4	17.49	4244944	74883640
2013/8/13	17.73	17.73	17.27	17.49	5230408	91316128
2013/8/12	16.78	17.63	16.75	17.63	10126214	177641408
2013/8/9	16.71	16.88	16.36	16.79	3758860	62662528
2013/8/8	16.65	16.96	16.59	16.71	2517380	42178776
2013/8/7	17.4	17.6	16.6	16.69	5384651	91751232
2013/8/6	17.18	17.33	17.06	17.18	3424582	58953476
2013/8/5	17.1	17.3	16.96	17.2	3150744	54009712
2013/8/2	17.33	17.63	17	17.05	5870160	101941048
2013/8/1	16.58	17.3	16.56	17.19	5888691	99839064
2013/7/31	16.41	16.95	16.36	16.6	4254487	71056568
2013/7/30	16.26	16.56	16.03	16.37	3846624	62767504
2013/7/29	16.23	16.79	16.21	16.33	3857443	63556984
2013/7/26	16.2	16.68	16.11	16.19	5814544	95080944
2013/7/25	17.3	17.45	16.46	16.46	7176483	120530936
2013/7/24	17.4	17.82	17.25	17.33	6666871	116523248
2013/7/23	16.91	17.61	16.84	17.47	7932097	136776624
2013/7/22	16.88	17.63	16.68	16.95	8868630	151367712
2013/7/19	16.29	17.05	16.24	17.05	11055495	185477840
2013/7/18	15.54	16.24	15.54	16.24	9130057	146899024
2013/7/17	15.62	15.91	15.4	15.47	4550816	71102136
2013/7/16	14.99	15.78	14.91	15.7	9614673	149195312
2013/7/15	15.01	15.18	14.84	15.03	4624075	69336040
2013/7/12	15.1	15.6	14.81	15.03	6187860	93892608
2013/7/11	14.87	15.34	14.8	15.15	6771397	102467872
2013/7/10	14.13	14.89	14.1	14.89	5069854	73918928
2013/7/9	14.13	14.34	14	14.18	2249324	31884504
2013/7/8	14.35	14.4	13.83	14.13	3884716	54896664
2013/7/5	14.65	15.26	14.47	14.54	6796440	100925648
2013/7/4	13.87	14.68	13.79	14.6	7192369	104754792
2013/7/3	13.97	14.18	13.82	13.98	4186252	58662680
2013/7/2	13.76	14.12	13.65	14.03	3976720	55401124
2013/7/1	13.42	13.8	13.25	13.72	2888963	39140896
2013/6/28	13.3	13.74	13.25	13.5	3772894	50792084
2013/6/27	13.9	14.05	13.3	13.31	4595495	62846608
2013/6/26	13.4	13.95	13.18	13.88	4797149	64800576
2013/6/25	14.03	14.03	13.34	13.34	7063460	95259816
2013/6/24	14.85	15.09	14.04	14.04	4878066	70702352
2013/6/21	14.71	14.95	14.4	14.78	3028459	44551544
2013/6/20	15.69	15.7	14.93	14.93	4812818	73348936
2013/6/19	15.6	16.05	15.5	15.72	3760600	59560804
2013/6/18	15.88	15.93	15.51	15.68	3412290	53561908
2013/6/17	15.06	15.86	14.97	15.86	7105788	111221016
2013/6/14	14.96	15.17	14.71	15.1	3536439	52824972
2013/6/13	14.8	15.04	14.6	14.9	4328517	64162024
2013/6/7	15.47	15.88	15.18	15.23	5304913	82600368
2013/6/6	15.28	15.49	15.08	15.14	3136392	48013816
2013/6/5	15.2	15.52	14.92	15.39	5144473	78382960
2013/6/4	15.85	16.04	15.12	15.19	9331302	143995248
2013/6/3	15.9	16.07	15.74	15.92	6384080	101521600
2013/5/31	16.1	16.48	15.87	15.87	18066610	289597824
2013/5/30	16.71	16.71	16.71	16.71	1272300	21260132
2013/5/7	17.31	17.9	17.26	17.59	4518888	79599840
2013/5/6	18	18.4	17.52	17.52	10230952	181546656
2013/4/24	17.41	18.45	17.38	18.44	6423573	115261640
2013/4/23	18.08	18.25	17.43	17.59	5935001	105403992
2013/4/22	17.4	18.17	17.35	18.17	7783267	139942352
2013/4/19	17.11	17.43	17	17.3	4945171	85351240
2013/4/18	16.56	17.35	16.46	17.01	6161952	104209064
2013/4/17	16.03	16.74	15.89	16.6	4724681	76909064
2013/4/16	15.9	16.18	15.55	16.13	4705963	74432784
2013/4/15	16.66	16.89	16.06	16.16	3883450	63694040
2013/4/12	17.02	17.14	16.66	16.75	3205498	54139188
2013/4/11	16.99	17.55	16.9	17.17	4556735	78715256
2013/4/10	17.3	17.38	16.75	17	4063570	69214856
2013/4/9	17.18	17.46	16.96	17.39	4308954	74299440
2013/4/8	17	17.15	16.68	17.14	4386997	74339584
2013/4/3	17	17.45	16.73	17.1	6061138	103453224
2013/4/2	17.8	18.18	17.2	17.2	9248498	162883184
2013/4/1	18.75	19	17.93	18.1	6936513	127950536
2013/3/29	18.3	18.83	18.25	18.49	5608352	104137176
2013/3/28	18.1	18.93	17.62	18.3	8253141	151540464
2013/3/27	17.95	18.35	17.81	18.19	4729603	85710648
2013/3/26	18.68	18.68	17.9	17.93	7558783	137199648
2013/3/25	19.01	19.4	18.5	18.79	6598302	124202096
2013/3/22	18.56	19.46	18.55	19	10178516	193669568
2013/3/21	18.55	18.9	18.49	18.65	9688788	181068896
2013/3/20	17.93	18.73	17.92	18.68	13007231	240661984
2013/3/19	18.03	18.22	17.3	17.84	7258878	128781488
2013/3/18	18.14	18.77	17.78	17.98	7274111	132148688
2013/3/15	17.98	18.95	17.53	18.35	12369961	225967360
2013/3/14	19.02	19.36	18.15	18.15	13484098	251063296
2013/3/13	19.55	19.79	18.69	19.1	11286991	216422544
2013/3/12	20.63	21.13	19.56	19.65	14048909	282369792
2013/3/11	20.5	21.05	20.38	20.59	7135029	147377040
2013/3/8	21.56	21.83	20.69	20.76	12111372	255688544
2013/3/7	22.08	22.87	21.31	21.77	19505913	432553600
2013/3/6	21.38	22.35	21.29	21.78	17325222	382419232
2013/3/5	21.01	21.57	20.91	21.29	13707224	291746752
2013/3/4	21.21	21.76	21.19	21.19	25372615	541006016
2013/3/1	22.3	22.71	21.75	22.3	34928973	780957312
2013/2/28	20.48	21.63	20.42	21.63	19557882	417396128
2013/2/27	20.01	20.95	19.9	20.6	14093410	287910784
2013/2/26	19.73	20.78	19.36	20	18394887	372057408
2013/2/25	19.9	20.18	19.51	19.8	15235396	303212064
2013/2/22	20.49	21	19.76	19.82	24009313	489553440
2013/2/21	21.43	21.73	20.75	20.8	27606864	584645184
2013/2/20	20.2	20.9	20.2	20.9	30553085	632826112
2013/2/19	20.29	20.29	19.29	19.9	33420272	652883392
2013/2/18	20.3	20.3	19.92	20.3	42275126	857904640
2013/2/8	19.99	21.8	18.58	19.33	77838422	1550160256

:						
000403   						
      	    	    	    	    	    	    