2019/9/23	3.3	3.45	3.28	3.45	2694300	9222627
2019/9/20	3.35	3.35	3.27	3.29	1701800	5617991
2019/9/19	3.31	3.35	3.3	3.32	913166	3037081.5
2019/9/18	3.35	3.37	3.3	3.32	1281599	4263576.5
2019/9/17	3.42	3.42	3.28	3.35	1917300	6423325
2019/9/16	3.41	3.42	3.35	3.37	1638700	5538172
2019/9/12	3.4	3.44	3.4	3.42	838300	2860042
2019/9/11	3.46	3.46	3.41	3.42	1031200	3535936
2019/9/10	3.44	3.49	3.4	3.47	2005951	6932391
2019/9/9	3.42	3.45	3.4	3.44	1489765	5106483.5
2019/9/6	3.44	3.44	3.39	3.42	904200	3089463
2019/9/5	3.41	3.46	3.41	3.44	1816399	6241193.5
2019/9/4	3.4	3.43	3.39	3.41	1292461	4407571.5
2019/9/3	3.42	3.44	3.39	3.43	833869	2841866
2019/9/2	3.37	3.45	3.37	3.43	740179	2526827.75
2019/8/30	3.4	3.44	3.36	3.37	1378700	4658078
2019/8/29	3.42	3.47	3.38	3.43	1489550	5107802
2019/8/28	3.55	3.55	3.43	3.43	1944020	6744618.5
2019/8/27	3.58	3.62	3.54	3.55	1973300	7064886
2019/8/26	3.54	3.6	3.5	3.57	4417401	15521708
2019/8/23	3.5	3.61	3.46	3.6	4523200	16173995
2019/8/22	3.58	3.68	3.42	3.44	4746400	16619893
2019/8/21	3.39	3.52	3.36	3.52	3723500	12953699
2019/8/20	3.24	3.4	3.23	3.35	4132200	13891456
2019/8/19	3.12	3.24	3.11	3.24	2760100	8817751
2019/8/16	3.15	3.18	3.07	3.09	4390101	13648497
2019/8/15	3.15	3.24	3.1	3.15	3301300	10442523
2019/8/14	3.35	3.42	3.25	3.26	2240200	7417600
2019/8/13	3.45	3.45	3.3	3.31	1741100	5871069
2019/8/12	3.47	3.5	3.42	3.45	835500	2885371
2019/8/9	3.49	3.53	3.47	3.5	482500	1683694
2019/8/8	3.47	3.53	3.46	3.49	383300	1343898
2019/8/7	3.43	3.58	3.43	3.48	1123470	3954161.75
2019/8/6	3.45	3.46	3.37	3.45	1093100	3743481
2019/8/5	3.47	3.58	3.46	3.48	937001	3287795.5
2019/8/2	3.6	3.61	3.5	3.51	1561352	5511966
2019/8/1	3.61	3.67	3.6	3.6	1216300	4420381.5
2019/7/31	3.47	3.68	3.46	3.65	2492645	8962872
2019/7/30	3.52	3.53	3.47	3.5	986400	3441753
2019/7/29	3.54	3.54	3.5	3.5	823300	2888521
2019/7/26	3.55	3.57	3.53	3.54	593604	2107766.25
2019/7/25	3.6	3.6	3.54	3.55	710500	2527054
2019/7/24	3.56	3.61	3.56	3.59	549600	1974238
2019/7/23	3.56	3.62	3.56	3.58	479300	1722156
2019/7/22	3.62	3.66	3.56	3.57	825500	2960509
2019/7/19	3.6	3.65	3.6	3.61	473200	1711071
2019/7/18	3.6	3.63	3.58	3.61	600000	2155938
2019/7/17	3.68	3.71	3.6	3.63	1056900	3843412
2019/7/16	3.7	3.75	3.66	3.69	669604	2468394.75
2019/7/15	3.66	3.72	3.57	3.7	1331200	4844831
2019/7/12	3.63	3.71	3.61	3.66	4661600	17056664
2019/7/11	3.66	3.77	3.6	3.63	5851500	21568820
2019/7/10	3.65	3.75	3.62	3.67	4832500	17849800
2019/7/9	3.54	3.65	3.54	3.65	2721801	9764395
2019/7/8	3.69	3.83	3.65	3.67	4916770	18371636
2019/7/5	3.51	3.68	3.51	3.68	4180770	15243290
2019/7/4	3.46	3.5	3.43	3.5	2092901	7293725.5
2019/7/3	3.44	3.48	3.42	3.43	1197600	4127297
2019/7/2	3.56	3.56	3.43	3.46	1650704	5760221
2019/7/1	3.34	3.48	3.29	3.42	3648476	12412119
2019/6/28	3.29	3.34	3.29	3.31	1503329	5000305.5
2019/6/27	3.35	3.38	3.26	3.29	2743800	9080329
2019/6/26	3.38	3.4	3.34	3.35	989300	3329372
2019/6/25	3.34	3.39	3.34	3.38	1275318	4304577.5
2019/6/24	3.44	3.45	3.33	3.34	1519419	5127477.5
2019/6/21	3.41	3.47	3.4	3.42	2176800	7457530
2019/6/20	3.44	3.47	3.41	3.41	1263500	4339628
2019/6/19	3.5	3.54	3.44	3.45	1017200	3528516
2019/6/18	3.5	3.5	3.4	3.46	1359000	4692205
2019/6/17	3.46	3.57	3.45	3.45	1639300	5735263
2019/6/14	3.6	3.6	3.47	3.5	2320514	8158571
2019/6/13	3.35	3.53	3.35	3.48	4540501	15668984
2019/6/12	3.56	3.57	3.4	3.46	4674540	16304104
2019/6/11	3.75	3.81	3.57	3.57	7120332	25933570
2019/6/10	3.78	3.88	3.61	3.76	11547532	43736976
2019/6/6	3.76	3.8	3.66	3.8	11253855	42563436
2019/6/5	3.44	3.62	3.44	3.62	7095178	25469778
2019/6/4	3.57	3.66	3.4	3.45	7850117	27445760
2019/6/3	3.47	3.6	3.41	3.58	8717917	30878136
2019/5/31	3.31	3.43	3.28	3.43	9987401	33933328
2019/5/30	3.16	3.27	3.13	3.27	4828180	15465029
2019/5/29	3.16	3.18	3.08	3.11	4058659	12689132
2019/5/28	3	3.14	3	3.14	5993002	18720788
2019/5/27	2.85	2.99	2.85	2.99	5126515	15176004
2019/5/24	2.89	2.91	2.85	2.85	2108704	6065053.5
2019/5/23	2.93	2.93	2.87	2.87	2636210	7619344.5
2019/5/22	2.92	2.93	2.89	2.93	1526680	4447594
2019/5/21	2.96	2.99	2.9	2.92	2159300	6332108
2019/5/20	2.89	3	2.89	2.94	4382435	12900557
2019/5/17	2.95	2.96	2.86	2.87	3934917	11377518
2019/5/16	2.83	2.93	2.83	2.91	3968012	11425780
2019/5/15	2.96	3	2.81	2.92	6521130	18869330
2019/5/14	3.08	3.09	2.95	2.95	4985201	15000835
2019/5/13	3.21	3.23	3.08	3.11	6071410	18898562
2019/5/10	3.21	3.26	3.17	3.24	3470281	11214187
2019/5/9	3.18	3.32	3.18	3.21	3972547	12915297
2019/5/8	3.15	3.25	3.15	3.16	2753021	8810032
2019/5/7	3.13	3.28	3.13	3.22	3623341	11665849
2019/5/6	3.25	3.49	3.25	3.25	10000141	33074960
2019/4/30	3.1	3.42	3.1	3.42	28796815	92050424
2019/4/29	3.26	3.26	3.26	3.26	1234100	4023166
2019/4/26	3.43	3.43	3.43	3.43	786200	2696666
2019/4/24	3.61	3.63	3.52	3.61	4673734	16806478
2019/4/23	3.67	3.67	3.57	3.57	7535115	27262842
2019/4/22	3.74	3.81	3.69	3.74	7704183	28922492
2019/4/19	3.69	3.71	3.63	3.69	5593653	20521762
2019/4/18	3.74	3.76	3.67	3.68	6193022	22985256
2019/4/17	3.8	3.8	3.7	3.76	6917654	25973850
2019/4/16	3.75	3.79	3.64	3.78	7583416	28187142
2019/4/15	3.84	3.9	3.77	3.78	11179630	43010804
2019/4/12	3.76	3.86	3.62	3.81	13195293	49473200
2019/4/11	3.81	3.83	3.7	3.76	6804539	25756988
2019/4/10	3.82	3.85	3.72	3.81	6486727	24611272
2019/4/9	3.77	3.86	3.66	3.83	9517238	36063168
2019/4/8	3.77	3.91	3.66	3.76	10544579	39790320
2019/4/4	3.65	3.87	3.64	3.76	11123398	41941772
2019/4/3	3.63	3.66	3.6	3.64	5249899	19109744
2019/4/2	3.67	3.69	3.6	3.63	6415076	23350400
2019/4/1	3.55	3.68	3.5	3.66	8252008	29848078
2019/3/29	3.42	3.51	3.37	3.49	5812938	20111634
2019/3/28	3.48	3.52	3.41	3.43	6656025	23078494
2019/3/27	3.55	3.64	3.36	3.51	10673379	37232036
2019/3/26	3.8	3.83	3.6	3.62	7652300	28408716
2019/3/25	3.84	3.87	3.8	3.81	7591301	29087074
2019/3/22	3.92	3.96	3.88	3.93	8075950	31604032
2019/3/21	3.92	3.99	3.9	3.93	11334130	44566208
2019/3/20	3.87	3.98	3.78	3.97	11524668	44711240
2019/3/19	3.89	3.89	3.83	3.87	6142601	23669982
2019/3/18	3.79	3.87	3.76	3.85	5667388	21716738
2019/3/15	3.71	3.88	3.71	3.79	5127120	19438456
2019/3/14	3.87	3.91	3.65	3.7	7327657	27461596
2019/3/13	3.91	3.96	3.81	3.87	9322470	36393396
2019/3/12	3.93	4.01	3.88	3.96	13069551	51423184
2019/3/11	3.83	3.91	3.76	3.91	9044589	34814280
2019/3/8	4.05	4.05	3.75	3.76	15209339	59245396
2019/3/7	4.08	4.28	4.01	4.11	20915065	85751920
2019/3/6	3.88	4.14	3.74	4.12	19405002	75092624
2019/3/5	3.61	3.93	3.55	3.83	19052061	72103816
2019/3/4	3.57	3.7	3.56	3.62	11334994	41385668
2019/3/1	3.55	3.57	3.5	3.55	5344626	18863824
2019/2/28	3.55	3.61	3.51	3.55	8356187	29728120
2019/2/27	3.65	3.68	3.5	3.57	12525609	45103532
2019/2/26	3.53	3.85	3.44	3.65	20216834	72994528
2019/2/25	3.38	3.56	3.37	3.52	11938968	41502224
2019/2/22	3.32	3.4	3.3	3.4	5466984	18290886
2019/2/21	3.34	3.41	3.3	3.31	5456801	18351752
2019/2/20	3.44	3.44	3.31	3.35	4429041	14910369
2019/2/19	3.43	3.45	3.32	3.38	6103900	20706460
2019/2/18	3.21	3.38	3.21	3.32	7002095	23109628
2019/2/15	3.19	3.24	3.13	3.2	3262735	10442765
2019/2/14	3.26	3.26	3.15	3.18	3408200	10894494
2019/2/13	3.18	3.23	3.14	3.21	5352148	17092890
2019/2/12	3.1	3.19	3.08	3.18	3742800	11787920
2019/2/11	3.1	3.1	3.04	3.09	2103391	6460559.5
2019/2/1	2.91	3.06	2.91	3.03	2684496	8071309
2019/1/31	2.86	3.14	2.85	2.96	7422462	22116036
2019/1/30	2.88	2.99	2.82	2.87	7046953	20474410
2019/1/29	3.24	3.27	3.02	3.1	3798053	11870446
2019/1/28	3.27	3.32	3.24	3.25	2129833	6977896.5
2019/1/25	3.34	3.34	3.25	3.27	4343120	14290779
2019/1/24	3.35	3.36	3.28	3.32	3059524	10155341
2019/1/23	3.37	3.37	3.31	3.34	2230962	7453423.5
2019/1/22	3.39	3.39	3.34	3.37	2753104	9259602
2019/1/21	3.36	3.42	3.31	3.39	5169420	17486516
2019/1/18	3.4	3.4	3.27	3.36	10067201	33513370
2019/1/17	3.52	3.55	3.42	3.42	5121320	17821868
2019/1/16	3.53	3.57	3.51	3.53	3209608	11347159
2019/1/15	3.51	3.57	3.47	3.53	5265910	18529982
2019/1/14	3.73	3.73	3.52	3.55	11639200	41741408
2019/1/11	3.39	3.74	3.34	3.74	10681193	37892464
2019/1/10	3.36	3.45	3.36	3.4	3697814	12597211
2019/1/9	3.38	3.43	3.36	3.39	4359915	14844407
2019/1/8	3.4	3.4	3.35	3.37	3119600	10521949
2019/1/7	3.33	3.4	3.32	3.4	4156300	13988182
2019/1/4	3.26	3.33	3.22	3.32	3319300	10925549
2019/1/3	3.29	3.32	3.26	3.28	2522833	8307956.5
2019/1/2	3.25	3.31	3.25	3.28	2550433	8366033.5
2018/12/28	3.26	3.3	3.2	3.26	4912605	16011347
2018/12/27	3.46	3.47	3.26	3.28	4605100	15566832
2018/12/26	3.47	3.5	3.4	3.41	3757010	12879073
2018/12/25	3.41	3.5	3.32	3.47	7719563	26408656
2018/12/24	3.49	3.51	3.45	3.46	3668910	12749630
2018/12/21	3.51	3.52	3.46	3.47	3480933	12136489
2018/12/20	3.45	3.54	3.45	3.52	3951804	13867401
2018/12/19	3.56	3.58	3.47	3.49	4345000	15233932
2018/12/18	3.53	3.58	3.45	3.52	6880752	24106212
2018/12/17	3.39	3.56	3.38	3.53	8868000	30871942
2018/12/14	3.72	3.73	3.38	3.54	13761317	48463828
2018/12/13	3.65	3.76	3.52	3.76	11683378	42494380
2018/12/12	3.74	3.74	3.61	3.67	10507394	38416996
2018/12/11	3.86	3.89	3.7	3.76	8405622	31816788
2018/12/10	3.84	3.89	3.82	3.84	4238100	16336657
2018/12/7	4.06	4.07	3.86	3.89	11715900	46703800
2018/12/6	4.06	4.08	4.02	4.06	5074800	20534466
2018/12/5	4.05	4.15	4.01	4.06	7173562	29291166
2018/12/4	4.1	4.15	4.06	4.08	11265896	46143724
2018/12/3	4.21	4.29	4.06	4.16	15659139	65271728
2018/11/30	4.45	4.45	4.02	4.17	11743661	48958376
2018/11/29	4.73	4.92	4.45	4.47	29376357	137381344
2018/11/28	4.52	4.77	4.42	4.73	11178500	51238540
2018/11/27	4.57	4.67	4.47	4.56	7333532	33290106
2018/11/26	4.34	4.69	4.34	4.6	12793300	58397168
2018/11/23	4.41	4.46	4.31	4.4	4329627	18942450
2018/11/22	4.32	4.47	4.32	4.41	5244485	23163356
2018/11/21	4.29	4.35	4.25	4.32	1728057	7452510.5
2018/11/20	4.41	4.43	4.3	4.3	5378557	23467968
2018/11/19	4.55	4.59	4.42	4.45	8420227	37772428
2018/11/16	4.43	4.54	4.4	4.54	7689533	34345564
2018/11/15	4.4	4.53	4.34	4.46	6917501	30556876
2018/11/14	4.37	4.47	4.33	4.39	4937334	21632018
2018/11/13	4.27	4.57	4.23	4.4	7109501	31218262
2018/11/12	4.23	4.34	4.2	4.31	2884301	12322192
2018/11/9	4.28	4.38	4.26	4.26	1977201	8510765
2018/11/8	4.38	4.38	4.31	4.33	1555263	6739202.5
2018/11/7	4.34	4.38	4.32	4.35	2097600	9122021
2018/11/6	4.4	4.4	4.3	4.34	2402000	10404134
2018/11/5	4.37	4.49	4.33	4.4	2923201	12822823
2018/11/2	4.36	4.39	4.3	4.38	3995900	17331964
2018/11/1	4.38	4.38	4.31	4.34	2694300	11711512
2018/10/31	4.38	4.4	4.36	4.38	910202	3991195.75
2018/10/30	4.34	4.39	4.32	4.38	882811	3846527.75
2018/10/29	4.4	4.41	4.35	4.35	712700	3113987
2018/10/26	4.33	4.42	4.3	4.41	1998775	8719828
2018/10/25	4.4	4.4	4.28	4.32	1984100	8564230
2018/10/24	4.4	4.43	4.35	4.41	1037700	4562584
2018/10/23	4.37	4.52	4.34	4.41	2524600	11186776
2018/10/22	4.19	4.45	4.19	4.36	2919700	12687238
2018/10/19	4.14	4.2	4.14	4.17	1629318	6780388.5
2018/10/18	4.17	4.23	4.08	4.14	2264400	9433397
2018/10/17	4.18	4.25	4.14	4.15	1374300	5718927
2018/10/16	4.11	4.3	4.04	4.16	7006322	28783984
2018/10/15	4.43	4.45	4	4.15	8555684	36346600
2018/10/12	4.4	4.54	4.31	4.43	3539200	15615967
2018/10/11	4.62	4.62	4.3	4.48	6313300	28255462
2018/10/10	4.7	4.72	4.66	4.68	1063200	4985187
2018/10/9	4.63	4.71	4.53	4.71	2261201	10507827
2018/10/8	4.82	4.82	4.61	4.64	3280332	15374512
2018/9/28	4.82	4.86	4.8	4.82	2882800	13902553
2018/9/27	4.87	4.93	4.83	4.83	3256400	15833471
2018/9/26	4.96	4.97	4.88	4.89	3623181	17793650
2018/9/25	4.88	5	4.82	4.9	5359596	26547926
2018/9/21	4.96	4.99	4.86	4.92	4436764	21857344
2018/9/20	4.91	5.01	4.89	4.96	3878300	19260384
2018/9/19	4.87	4.91	4.83	4.91	3345500	16354444
2018/9/18	4.87	4.89	4.78	4.87	2728900	13253240
2018/9/17	5	5.04	4.78	4.8	4861728	23562722
2018/9/14	4.9	5.06	4.9	4.98	5321334	26549478
2018/9/13	4.84	4.92	4.84	4.89	2434600	11894184
2018/9/12	4.89	4.98	4.83	4.85	5184664	25292776
2018/9/11	5.11	5.12	4.86	5	8443432	42407072
2018/9/10	4.96	5.15	4.96	5.06	9359313	47433860
2018/9/7	4.81	4.96	4.77	4.96	5878364	28643976
2018/9/6	4.86	4.9	4.78	4.81	5023154	24268440
2018/9/5	4.98	5.01	4.81	4.83	9488164	46370976
2018/9/4	4.6	5	4.58	4.99	16194040	77432288
2018/9/3	4.51	4.6	4.5	4.6	4663159	21342294
2018/8/31	4.53	4.57	4.43	4.51	4008632	18098058
2018/8/30	4.6	4.62	4.52	4.52	6752899	30955326
2018/8/29	4.54	4.7	4.52	4.6	11981732	55080360
2018/8/28	4.51	4.57	4.5	4.52	6023700	27353760
2018/8/27	4.57	4.59	4.53	4.54	6431804	29303742
2018/8/24	4.51	4.6	4.5	4.55	8383801	38165916
2018/8/23	4.53	4.58	4.45	4.53	7817301	35437304
2018/8/22	4.51	4.58	4.46	4.53	4819401	21873460
2018/8/21	4.36	4.55	4.36	4.51	3934001	17724676
2018/8/20	4.46	4.46	4.3	4.42	2497200	10919762
2018/8/17	4.47	4.51	4.35	4.43	3984955	17626218
2018/8/16	4.5	4.55	4.46	4.51	2343900	10548360
2018/8/15	4.57	4.63	4.46	4.47	3422110	15482897
2018/8/14	4.55	4.74	4.53	4.62	4312920	19939044
2018/8/13	4.55	4.65	4.54	4.6	4291620	19754292
2018/8/10	4.54	4.61	4.51	4.54	1971183	8955121
2018/8/9	4.51	4.63	4.43	4.55	4941287	22594704
2018/8/8	4.7	4.7	4.47	4.52	4547608	20813582
2018/8/7	4.38	4.45	4.36	4.44	3499104	15458608
2018/8/6	4.44	4.46	4.3	4.38	2250050	9861765
2018/8/3	4.41	4.51	4.41	4.42	2052500	9153295
2018/8/2	4.55	4.55	4.36	4.41	4775406	21212428
2018/8/1	4.64	4.67	4.56	4.56	3085900	14243444
2018/7/31	4.62	4.73	4.6	4.64	5461779	25458996
2018/7/30	4.56	4.76	4.38	4.7	11048277	50572864
2018/7/27	4.74	4.74	4.49	4.53	6034318	27578194
2018/7/26	4.52	4.58	4.38	4.46	6204100	27777124
2018/7/25	4.5	4.62	4.47	4.49	4069157	18392666
2018/7/24	4.5	4.65	4.46	4.53	6117929	27917716
2018/7/23	4.5	4.55	4.42	4.52	4281200	19259908
2018/7/20	4.37	4.51	4.34	4.45	5691134	25345594
2018/7/19	4.48	4.48	4.28	4.32	8665429	37766752
2018/7/18	4.54	4.55	4.41	4.5	6577200	29389696
2018/7/17	4.73	4.73	4.48	4.5	8976911	40660844
2018/7/16	4.6	4.73	4.52	4.58	12974527	60195936
2018/7/13	4.45	4.75	4.42	4.65	19319000	88724664
2018/7/12	4.23	4.58	4.23	4.53	17407855	75886112
2018/7/11	4.21	4.22	4.08	4.17	14102832	58413732
2018/7/10	3.96	4.17	3.96	4.15	19909998	82062312
2018/7/9	4.01	4.04	3.96	4.02	7587901	30418016
2018/7/6	3.9	4	3.83	3.96	9407830	37152448
2018/7/5	4.07	4.07	3.87	3.87	8838701	34748000
2018/7/4	3.95	4.01	3.88	3.97	9009510	35700508
2018/7/3	3.87	3.95	3.82	3.95	8560300	33369236
2018/7/2	3.95	4.1	3.81	3.87	8137540	32138310
2018/6/29	3.82	3.97	3.81	3.91	10366640	40589060
2018/6/28	3.7	3.93	3.69	3.88	9486561	35852404
2018/6/27	4.03	4.03	3.81	3.81	10544000	41342488
2018/6/26	3.97	4.03	3.93	4.02	7310757	29221242
2018/6/25	4.08	4.08	3.93	4	8131000	32455342
2018/6/22	3.99	4.1	3.95	4.01	11449602	46017876
2018/6/21	3.98	4.09	3.94	4.05	12621994	50512764
2018/6/20	3.81	4.05	3.75	4.02	15112894	59119808
2018/6/19	3.64	4.07	3.58	3.79	16490198	63831068
2018/6/15	3.82	4.24	3.82	3.95	17379464	69883768
2018/6/14	3.78	3.85	3.72	3.85	6443654	24452268
2018/6/13	3.88	3.89	3.77	3.8	6610504	25302292
2018/6/12	3.74	3.88	3.71	3.84	10805609	41206880
2018/6/11	3.7	3.79	3.61	3.74	5428063	20215992
2018/6/8	3.78	3.84	3.72	3.72	6796908	25715802
2018/6/7	3.77	3.88	3.77	3.79	9599909	36774320
2018/6/6	3.85	3.85	3.72	3.82	8880063	33586712
2018/6/5	3.54	3.88	3.5	3.82	16801908	62735352
2018/6/4	3.4	3.59	3.38	3.56	11674150	40538868
2018/6/1	3.56	3.57	3.33	3.41	7378100	25516140
2018/5/31	3.54	3.6	3.52	3.54	5948801	21184138
2018/5/30	3.41	3.64	3.41	3.53	11113100	39195272
2018/5/29	3.68	3.99	3.6	3.77	10955100	41439436
2018/5/28	3.78	3.81	3.64	3.66	6917504	25571812
2018/5/25	3.81	3.88	3.74	3.75	6883908	26222146
2018/5/24	3.7	3.85	3.7	3.85	9783379	37041828
2018/5/23	3.78	3.8	3.71	3.72	8114600	30509996
2018/5/22	3.85	3.94	3.8	3.83	11803286	45410412
2018/5/21	4.01	4.01	3.88	3.93	16105031	63475068
2018/5/18	3.9	4.03	3.85	3.98	18965106	74950368
2018/5/17	3.83	4.14	3.83	3.92	26598522	105697896
2018/5/16	3.68	4.04	3.65	3.92	30068434	116530824
2018/5/15	3.73	3.77	3.68	3.73	10328671	38480140
2018/5/14	3.63	3.77	3.63	3.7	11498813	42645340
2018/5/11	3.79	3.81	3.67	3.74	18776700	70168592
2018/5/10	3.76	3.87	3.68	3.76	21766229	82086296
2018/5/9	3.9	3.99	3.78	3.81	42035448	163343616
2018/5/8	3.86	4.26	3.8	4.15	55961167	228424752
2018/5/7	3.47	3.88	3.37	3.88	44476852	163315856
2018/5/4	3.2	3.53	3.2	3.53	18760276	63656956
2018/5/3	3.17	3.23	3.07	3.21	8621187	27220160
2018/5/2	3.25	3.27	3.14	3.17	7404200	23643426
2018/4/27	3.19	3.25	3.17	3.25	7084566	22769726
2018/4/26	3.3	3.32	3.18	3.19	9750650	31583204
2018/4/25	3.28	3.32	3.25	3.31	13282178	43675388
2018/4/24	3.27	3.3	3.25	3.27	12071519	39508396
2018/4/23	3.35	3.35	3.23	3.25	14572801	47598204
2018/4/20	3.56	3.57	3.39	3.41	10767241	37196192
2018/4/19	3.53	3.61	3.48	3.58	6704427	23763474
2018/4/18	3.56	3.6	3.38	3.53	8927700	31209712
2018/4/17	3.59	3.67	3.55	3.56	10834535	38956692
2018/4/16	3.59	3.78	3.59	3.63	21463583	78499688
2018/4/13	4.01	4.06	3.98	3.99	7142000	28635204
2018/4/12	4.17	4.17	4	4.02	11185001	45266876
2018/4/11	4.21	4.24	4.16	4.17	11242200	47103808
2018/4/10	4.31	4.31	4.24	4.28	4856400	20729702
2018/4/9	4.32	4.33	4.23	4.31	3833231	16439548
2018/4/4	4.33	4.39	4.32	4.33	3308700	14392536
2018/4/3	4.31	4.36	4.28	4.33	4743221	20542530
2018/4/2	4.48	4.48	4.2	4.4	13770118	59681108
2018/3/30	4.5	4.51	4.47	4.51	3854600	17314834
2018/3/29	4.46	4.52	4.44	4.47	4246591	19046084
2018/3/28	4.45	4.52	4.41	4.45	4349371	19466996
2018/3/27	4.39	4.52	4.39	4.47	6325900	28369542
2018/3/26	4.23	4.4	4.18	4.38	5913328	25515656
2018/3/23	4.5	4.51	4.21	4.25	8967308	39157456
2018/3/22	4.69	4.71	4.57	4.59	5234536	24185914
2018/3/21	4.71	4.77	4.68	4.69	6296700	29809836
2018/3/20	4.7	4.86	4.66	4.75	6911500	32873976
2018/3/19	4.84	4.93	4.7	4.74	11073407	52970820
2018/3/16	4.86	4.93	4.74	4.85	10190934	49359132
2018/3/15	4.74	4.97	4.7	4.79	8763805	42335732
2018/3/14	4.83	4.83	4.71	4.73	8005731	38248088
2018/3/13	4.72	5.05	4.67	4.88	17922362	87116992
2018/3/12	4.7	4.8	4.65	4.72	11367900	53685832
2018/3/9	4.64	4.78	4.62	4.7	9623134	45252172
2018/3/8	4.65	4.68	4.63	4.66	5895500	27449932
2018/3/7	4.66	4.75	4.61	4.65	7502906	35111052
2018/3/6	4.71	4.71	4.55	4.66	7390376	34341508
2018/3/5	4.7	4.81	4.61	4.62	11953493	56070224
2018/3/2	4.41	4.8	4.4	4.73	12492962	57027872
2018/3/1	4.34	4.47	4.33	4.44	8666245	38321820
2018/2/28	4.18	4.5	4.17	4.45	17510071	76114000
2018/2/27	4.74	4.78	4.62	4.63	9159400	42959536
2018/2/26	4.52	4.88	4.42	4.71	13490504	62386064
2018/2/23	4.27	4.66	4.25	4.5	13382404	60375212
2018/2/22	4.14	4.24	4.14	4.24	4151864	17450330
2018/2/14	4.12	4.14	4.06	4.13	3436964	14123126
2018/2/13	4.15	4.18	4.09	4.13	5344600	22123228
2018/2/12	4.01	4.18	4.01	4.13	7551463	31116126
2018/2/9	4	4.06	3.92	4.01	6117672	24544104
2018/2/8	4.07	4.17	4	4.1	7664081	31342556
2018/2/7	4.03	4.11	3.86	4.07	9807000	39356592
2018/2/6	4.25	4.26	3.96	3.97	8488162	34923596
2018/2/5	4.34	4.4	4.25	4.32	3899200	16959084
2018/2/2	4.36	4.4	4.04	4.39	9235375	39610956
2018/2/1	4.68	4.76	4.35	4.36	11334875	51693128
2018/1/31	5.01	5.01	4.62	4.76	16935027	80687888
2018/1/30	5.38	5.38	5.07	5.13	15117992	78471760
2018/1/29	5.37	5.48	5.37	5.39	9026299	49000236
2018/1/26	5.32	5.52	5.31	5.4	14335507	77664576
2018/1/25	5.33	5.35	5.3	5.31	6884100	36678800
2018/1/24	5.31	5.36	5.28	5.33	6431300	34204228
2018/1/23	5.34	5.36	5.3	5.33	5109107	27229544
2018/1/22	5.4	5.4	5.27	5.36	6572300	35012392
2018/1/19	5.48	5.53	5.37	5.37	12302913	66842364
2018/1/18	5.28	5.48	5.26	5.36	15594269	83921312
2018/1/17	5.27	5.37	5.16	5.3	13194000	69589304
2018/1/16	5.38	5.42	5.21	5.28	16189369	85870664
2018/1/15	5.86	5.91	5.39	5.45	27491320	154078208
2018/1/12	5.81	6.09	5.78	5.99	18421800	109040384
2018/1/11	5.96	5.96	5.78	5.84	13305766	77711280
2018/1/10	6	6.1	5.88	5.97	17803265	106279056
2018/1/9	6.27	6.33	5.98	6.01	38681967	236925056
2018/1/8	5.63	6.2	5.57	6.2	40269504	240846032
2018/1/5	5.48	5.67	5.44	5.64	14633137	81516808
2018/1/4	5.55	5.65	5.47	5.48	9369600	51857624
2018/1/3	5.47	5.56	5.41	5.53	11296264	62180488
2018/1/2	5.38	5.49	5.33	5.48	8519811	46225100
2017/12/29	5.38	5.44	5.36	5.42	8747101	47196408
2017/12/28	5.4	5.48	5.36	5.38	5237035	28313690
2017/12/27	5.49	5.5	5.38	5.41	7433660	40393336
2017/12/26	5.34	5.55	5.31	5.51	9658560	52622312
2017/12/25	5.48	5.49	5.33	5.36	6953991	37503548
2017/12/22	5.45	5.56	5.42	5.5	9025700	49466208
2017/12/21	5.36	5.61	5.34	5.54	15655260	86662568
2017/12/20	5.5	5.5	5.38	5.38	6364165	34616472
2017/12/19	5.54	5.54	5.42	5.53	8491510	46519420
2017/12/18	5.58	5.62	5.48	5.54	10818501	60167880
2017/12/15	5.45	5.6	5.37	5.56	20687824	113759064
2017/12/14	5.26	5.56	5.22	5.46	14733298	79000064
2017/12/13	5.15	5.47	5.12	5.3	15179752	80780952
2017/12/12	5.25	5.28	5.14	5.15	5555700	28975488
2017/12/11	5.21	5.29	5.21	5.27	8099396	42564940
2017/12/8	5.15	5.28	5.15	5.26	9877496	51742168
2017/12/7	5.12	5.17	5.1	5.17	6231596	32010828
2017/12/6	5.08	5.14	5.05	5.14	6181100	31477500
2017/12/5	5.2	5.2	5.06	5.08	7276200	37315684
2017/12/4	5.21	5.22	5.09	5.14	8386700	43247232
2017/12/1	5.13	5.23	5.11	5.21	6765580	35116280
2017/11/30	5.21	5.21	5.13	5.13	8784290	45321392
2017/11/29	5.23	5.31	5.19	5.23	8936100	46886260
2017/11/28	5.15	5.24	5.11	5.23	7334476	38087612
2017/11/27	5.37	5.42	5.13	5.13	15791773	83008152
2017/11/24	5.24	5.5	5.16	5.41	14698480	78793472
2017/11/23	5.19	5.58	5.15	5.34	22430446	120860808
2017/11/22	5.21	5.26	5.13	5.21	9089090	47263972
2017/11/21	5.25	5.31	5.18	5.21	9082600	47502456
2017/11/20	5.24	5.24	5.08	5.24	12251090	63225628
2017/11/17	5.61	5.62	5.21	5.29	18853501	102245864
2017/11/16	5.78	5.81	5.62	5.62	15356000	87364608
2017/11/15	5.89	5.92	5.8	5.82	12473100	73147144
2017/11/14	5.86	5.95	5.8	5.93	18529404	109477648
2017/11/13	6.01	6.02	5.78	5.85	20820608	122016568
2017/11/10	6.06	6.1	5.97	6.01	24046203	144741616
2017/11/9	6.17	6.21	6.06	6.12	21449138	131243624
2017/11/8	6.12	6.29	6.06	6.17	39680872	244808240
2017/11/7	5.9	6.23	5.83	6.15	57611180	349742720
2017/11/6	5.92	5.97	5.82	5.94	21512239	127189736
2017/11/3	5.81	5.95	5.77	5.91	37004008	217057488
2017/11/2	5.99	6	5.77	5.81	32906504	192318816
2017/11/1	6.02	6.07	5.95	6.02	28994970	174774800
2017/10/31	6.07	6.08	5.94	6.03	38448591	231599008
2017/10/30	6.3	6.3	5.93	6.02	45972000	279484800
2017/10/27	6.54	6.57	6.2	6.32	64861405	415189344
2017/10/26	6.66	6.68	6.42	6.52	64198665	419656352
2017/10/25	6.73	6.98	6.51	6.71	89906269	603719936
2017/10/24	7.17	7.24	6.72	6.92	152394468	1046149120
2017/10/23	6.9	7.7	6.8	7.47	172351391	1283784448
2017/10/20	7.02	7.32	6.72	7	123792600	868470912
2017/10/19	6.09	6.66	6.02	6.66	37593619	240701280
2017/10/18	5.49	6.05	5.42	6.05	57847895	345641920
2017/10/17	5.54	5.6	5.45	5.5	5889532	32344744
2017/10/16	5.75	5.76	5.41	5.57	18411068	102909016
2017/10/13	5.45	5.88	5.44	5.75	27646238	158390256
2017/10/12	5.49	5.53	5.43	5.49	9770783	53527872
2017/10/11	5.47	5.55	5.4	5.5	14592690	79994448
2017/10/10	5.37	5.54	5.25	5.5	17581777	94906360
2017/10/9	5.39	5.45	5.32	5.37	12281481	65857436
2017/9/29	5.18	5.42	5.15	5.35	22708976	120109240
2017/9/28	5.2	5.25	5.1	5.1	8608135	44434728
2017/9/27	5.07	5.19	5.03	5.18	10724532	55276460
2017/9/26	5.11	5.15	5.05	5.07	5385855	27431996
2017/9/25	5.02	5.24	4.95	5.15	14915288	76260592
2017/9/22	5.08	5.09	5	5.04	6371610	32078932
2017/9/21	5.14	5.15	5.08	5.09	4789500	24473470
2017/9/20	5.14	5.16	5.09	5.14	5553512	28440782
2017/9/19	5.1	5.16	5.1	5.15	5452467	27980316
2017/9/18	5.1	5.15	5.08	5.12	4853445	24838468
2017/9/15	5.09	5.12	5.05	5.1	3572751	18162586
2017/9/14	5.09	5.1	5.06	5.09	3850009	19573208
2017/9/13	5.09	5.14	5.07	5.09	6170500	31429812
2017/9/12	5.22	5.23	5.1	5.12	7882020	40619460
2017/9/11	5.19	5.25	5.15	5.22	8384210	43654532
2017/9/8	5.1	5.29	5.08	5.23	14207457	73849224
2017/9/7	5.15	5.17	5.09	5.11	6702658	34320108
2017/9/6	5.12	5.16	5.09	5.15	6410998	32844378
2017/9/5	5.06	5.18	5.05	5.15	12029700	61768532
2017/9/4	5.04	5.06	5.01	5.04	5189634	26129848
2017/9/1	5.04	5.06	5.01	5.04	3624920	18234750
2017/8/31	5.05	5.1	5.01	5.06	5357375	27004632
2017/8/30	5.08	5.1	5.03	5.07	6087877	30832830
2017/8/29	5.04	5.12	5	5.08	9390971	47494080
2017/8/28	4.99	5.06	4.96	5.04	7804541	39302772
2017/8/25	4.97	5.03	4.9	5	12782341	63697924
2017/8/24	4.9	4.98	4.87	4.98	9130019	45102040
2017/8/23	4.87	4.93	4.86	4.91	4138790	20264416
2017/8/22	4.93	4.96	4.88	4.89	4892600	24033118
2017/8/21	4.9	4.97	4.9	4.95	5420801	26766548
2017/8/18	4.94	4.97	4.9	4.92	7945520	39185464
2017/8/17	4.9	5.05	4.87	4.98	12358938	61204856
2017/8/16	4.83	4.91	4.81	4.89	6061104	29478594
2017/8/15	4.82	4.85	4.79	4.83	5028400	24241436
2017/8/14	4.74	4.83	4.72	4.82	4640900	22228912
2017/8/11	4.81	4.83	4.74	4.75	5246173	25031610
2017/8/10	4.91	4.91	4.8	4.83	3912735	18992860
2017/8/9	4.9	4.91	4.88	4.89	4244300	20757444
2017/8/8	4.88	4.93	4.84	4.91	6068327	29636354
2017/8/7	4.89	4.92	4.88	4.89	4401238	21554206
2017/8/4	4.88	4.92	4.87	4.89	5912089	28951952
2017/8/3	4.83	4.91	4.8	4.88	4826822	23537812
2017/8/2	4.91	4.92	4.79	4.8	5410561	26372294
2017/8/1	4.92	4.93	4.87	4.91	4519425	22172694
2017/7/31	4.92	4.92	4.84	4.91	3818157	18691872
2017/7/28	4.91	4.93	4.87	4.9	4406992	21600110
2017/7/27	4.83	4.91	4.76	4.89	6180972	29993414
2017/7/26	4.83	4.86	4.75	4.84	4598887	22030320
2017/7/25	4.89	4.89	4.81	4.82	3706800	17937096
2017/7/24	4.79	4.9	4.77	4.86	5557500	26864004
2017/7/21	4.78	4.83	4.74	4.8	3985000	19115500
2017/7/20	4.76	4.86	4.75	4.78	6422120	30847716
2017/7/19	4.71	4.77	4.66	4.75	6086830	28693994
2017/7/18	4.67	4.72	4.61	4.72	6495745	30344822
2017/7/17	4.93	4.95	4.61	4.67	13826820	65800216
2017/7/14	5.1	5.14	5.06	5.08	3592222	18304336
2017/7/13	5.09	5.13	5.04	5.1	5559815	28323820
2017/7/12	5.12	5.16	5.02	5.1	6440755	32742666
2017/7/11	5.22	5.22	5.13	5.13	6212040	32193542
2017/7/10	5.23	5.27	5.18	5.22	9016231	47014912
2017/7/7	5.24	5.37	5.24	5.28	17802829	94368728
2017/7/6	5.15	5.19	5.09	5.14	5885500	30287024
2017/7/5	5.1	5.18	5.07	5.15	6283281	32311556
2017/7/4	5.11	5.15	5.07	5.09	4749510	24225104
2017/7/3	5.06	5.12	5.03	5.11	4576000	23246958
2017/6/30	5.08	5.08	5.02	5.05	4430304	22368982
2017/6/29	5.06	5.13	5.06	5.09	4234400	21574836
2017/6/28	5.11	5.11	5.04	5.06	3721900	18908646
2017/6/27	5.13	5.18	5.1	5.13	4477327	22995976
2017/6/26	5.05	5.13	5.02	5.13	4788588	24346784
2017/6/23	5.11	5.12	4.94	5.06	7155687	35998676
2017/6/22	5.23	5.25	5.07	5.12	6082000	31526358
2017/6/21	5.27	5.3	5.15	5.23	6575954	34293376
2017/6/20	5.25	5.31	5.24	5.26	8179773	43181032
2017/6/19	5.24	5.26	5.21	5.24	6461171	33813076
2017/6/16	5.25	5.31	5.21	5.26	8526406	44727224
2017/6/15	5.19	5.3	5.18	5.27	9463297	49750440
2017/6/14	5.19	5.23	5.14	5.18	6999700	36261992
2017/6/13	5.11	5.22	5.1	5.21	8549816	44167764
2017/6/12	5.28	5.28	5.11	5.13	13497000	69772256
2017/6/9	5.2	5.44	5.2	5.33	23994154	128267488
2017/6/8	5.19	5.47	5.19	5.29	31139413	166218064
2017/6/7	4.92	5.41	4.9	5.41	28189167	145998976
2017/6/6	4.88	4.93	4.85	4.92	7972503	39019200
2017/6/5	4.82	4.93	4.79	4.88	11105342	54070316
2017/6/2	4.66	4.95	4.57	4.95	14320564	67946112
2017/6/1	4.98	5	4.66	4.71	11951354	57750212
2017/5/31	4.98	5.03	4.94	4.98	8738157	43584628
2017/5/26	4.97	5.02	4.91	4.91	8964066	44573000
2017/5/25	4.93	5.01	4.88	4.99	13020066	64577028
2017/5/24	5	5.02	4.82	4.95	8214904	40529208
2017/5/23	5.23	5.24	5	5.01	8849602	45271152
2017/5/22	5.41	5.41	5.21	5.23	8503886	45174528
2017/5/19	5.45	5.49	5.38	5.43	9952805	53993852
2017/5/18	5.37	5.79	5.32	5.53	17381303	96938304
2017/5/17	5.38	5.49	5.36	5.42	9893200	53733184
2017/5/16	5.32	5.39	5.2	5.39	9517865	50475088
2017/5/15	5.34	5.4	5.3	5.32	6257696	33476522
2017/5/12	5.37	5.38	5.24	5.35	6700710	35663440
2017/5/11	5.52	5.57	5.18	5.41	10584306	57093988
2017/5/10	5.87	5.91	5.6	5.62	7305800	42399808
2017/5/9	5.86	5.94	5.81	5.86	7805384	45806632
2017/5/8	6.1	6.1	5.86	5.86	5616000	33718328
2017/5/5	6.16	6.18	6.09	6.1	8374800	51389024
2017/5/4	6.13	6.18	6.07	6.13	6574408	40299180
2017/5/3	6.19	6.21	6.1	6.15	6031901	37122488
2017/5/2	6.25	6.26	6.18	6.19	4392041	27287236
2017/4/28	6.22	6.23	6.16	6.23	6292400	38994896
2017/4/27	6.25	6.29	6.02	6.25	10429722	64361496
2017/4/26	6.4	6.42	6.23	6.27	6762911	42601084
2017/4/25	6.15	6.44	6.15	6.41	9140141	57893112
2017/4/24	6.57	6.57	6.33	6.34	7695547	49142420
2017/4/21	6.6	6.63	6.49	6.58	5253689	34493156
2017/4/20	6.6	6.64	6.51	6.57	5000705	32892962
2017/4/19	6.76	6.77	6.48	6.59	11788882	77597728
2017/4/18	6.84	6.92	6.75	6.76	7299014	49915440
2017/4/17	6.94	7	6.78	6.83	13540896	92902504
2017/4/14	7.1	7.21	7	7.03	16608004	118139048
2017/4/13	7.17	7.19	6.93	7.1	21960548	155857856
2017/4/12	7.29	7.48	7.19	7.29	35490231	259121536
2017/4/11	7.02	7.56	6.85	7.38	37486278	269326240
2017/4/10	7.02	7.15	6.96	7.04	14083640	99556144
2017/4/7	7.07	7.13	6.99	7.06	12915875	91124624
2017/4/6	6.96	7.18	6.89	7.11	22693982	160167216
2017/4/5	6.85	6.95	6.84	6.94	14024953	96872488
2017/3/31	6.75	6.84	6.74	6.78	6030119	40871724
2017/3/30	6.91	6.91	6.73	6.76	11443961	77770248
2017/3/29	6.87	6.96	6.85	6.89	8985419	62027604
2017/3/28	6.92	6.94	6.88	6.9	5512644	38072280
2017/3/27	6.93	6.97	6.9	6.9	7089670	49128800
2017/3/24	6.86	6.96	6.86	6.93	8523467	58911596
2017/3/23	6.97	7.01	6.87	6.92	13523378	93844200
2017/3/22	7.06	7.09	6.97	6.98	18482507	129726232
2017/3/21	7.32	7.49	7.1	7.12	39737713	286469088
2017/3/20	6.92	7	6.89	6.96	6671448	46303148
2017/3/17	7	7.06	6.93	6.94	9747788	68279280
2017/3/16	7	7.05	6.98	7.03	14191588	99536208
2017/3/15	6.9	7.08	6.86	7.06	17023374	118748152
2017/3/14	6.96	6.97	6.91	6.92	10077815	69871216
2017/3/13	6.95	6.99	6.9	6.98	6153718	42792592
2017/3/10	6.98	6.99	6.93	6.96	4899588	34099184
2017/3/9	7.07	7.07	6.91	6.99	10661099	74441608
2017/3/8	7.09	7.12	7.03	7.09	7686700	54414568
2017/3/7	7.12	7.14	7.01	7.09	9372800	66379704
2017/3/6	6.93	7.07	6.68	7.07	11187604	78425608
2017/3/3	6.89	7	6.86	6.97	9330001	64700964
2017/3/2	7.09	7.09	6.93	6.94	17673508	123448824
2017/3/1	7.06	7.11	7.04	7.08	11412640	80732944
2017/2/28	7.08	7.11	7.04	7.09	10298940	72939808
2017/2/27	7.16	7.2	7.08	7.08	9272800	66136716
2017/2/24	7.19	7.2	7.13	7.17	9387564	67176456
2017/2/23	7.18	7.26	7.13	7.2	12902892	92667680
2017/2/22	7.17	7.18	7.12	7.17	9721258	69501472
2017/2/21	7.13	7.18	7.08	7.17	13460026	95972400
2017/2/20	7.05	7.13	7.02	7.12	8726564	61851748
2017/2/17	7.17	7.27	7.07	7.11	21826779	155983456
2017/2/16	7.05	7.09	7.03	7.07	9669552	68284904
2017/2/15	7.05	7.15	7.01	7.06	13413333	94800032
2017/2/14	7.1	7.1	7.03	7.05	10813138	76325592
2017/2/13	7.1	7.14	7.05	7.12	13750650	97581512
2017/2/10	7.08	7.15	7.06	7.12	17485366	124148944
2017/2/9	7.04	7.09	6.99	7.09	21388904	151002432
2017/2/8	7.09	7.12	7.03	7.1	15380930	108776704
2017/2/7	7.26	7.26	7.02	7.12	31087492	220741792
2017/2/6	7.01	7.64	6.91	7.31	15479885	113467912
2017/2/3	7.12	7.13	6.99	7.01	3591602	25240130
2017/1/26	7.08	7.14	7.06	7.11	3967400	28183184
2017/1/25	7.03	7.06	6.96	7.05	3127032	21988630
2017/1/24	6.99	7.14	6.97	7.04	5361738	37872908
2017/1/23	6.89	6.99	6.89	6.97	4386901	30527974
2017/1/20	6.72	6.89	6.72	6.88	5090097	34891704
2017/1/19	6.83	6.85	6.7	6.79	3720900	25186822
2017/1/18	6.87	6.91	6.81	6.83	4288518	29402194
2017/1/17	6.75	6.91	6.67	6.88	5117354	34894008
2017/1/16	7.05	7.05	6.4	6.81	10562401	72258816
2017/1/13	7.14	7.16	7.03	7.06	12093662	85663944
2017/1/12	7.41	7.45	7.27	7.27	8873117	65218892
2017/1/11	7.66	7.71	7.4	7.41	14815200	111794672
2017/1/10	7.74	7.81	7.69	7.71	8440204	65292272
2017/1/9	7.73	7.78	7.65	7.78	10208992	79043936
2017/1/6	7.8	7.8	7.63	7.71	14923010	115057544
2017/1/5	7.77	7.92	7.71	7.81	20265466	158450320
2017/1/4	7.72	7.9	7.65	7.83	24794438	192750928
2017/1/3	7.71	7.83	7.62	7.79	16491139	127736256
2016/12/30	7.86	7.95	7.63	7.69	22434500	174353488
2016/12/29	7.94	8.07	7.76	7.94	28347123	223970800
2016/12/28	8.12	8.35	7.92	8.02	57370490	466482560
2016/12/27	7.35	8.11	7.32	8.11	41605086	324633952
2016/12/26	7.48	7.48	7.2	7.37	17974145	131678944
2016/12/23	7.58	7.95	7.52	7.64	28827322	223157008
2016/12/22	8.22	8.22	7.72	7.74	51629927	414219904
2016/12/21	7.7	7.89	7.7	7.89	11673456	91922632
2016/12/20	7.15	7.23	7.13	7.17	4336386	31115450
2016/12/19	7.05	7.24	7.03	7.15	9768700	69988720
2016/12/16	6.94	7.07	6.93	7.07	5772417	40470172
2016/12/15	6.88	7.02	6.85	6.97	5654011	39266804
2016/12/14	7	7.01	6.82	6.91	6673894	46154156
2016/12/13	7.1	7.1	6.9	7.01	9201752	64065040
2016/12/12	7.63	7.66	7.1	7.13	9607240	70629840
2016/12/9	7.66	7.69	7.61	7.62	3839975	29346844
2016/12/8	7.68	7.72	7.64	7.66	4756515	36546816
2016/12/7	7.62	7.68	7.56	7.68	4477628	34124584
2016/12/6	7.56	7.64	7.55	7.6	4268170	32445358
2016/12/5	7.63	7.64	7.53	7.54	5367223	40578216
2016/12/2	7.8	7.8	7.62	7.63	7687874	59228428
2016/12/1	7.74	7.81	7.74	7.8	5659302	44025168
2016/11/30	7.8	7.83	7.74	7.77	5379626	41861376
2016/11/29	7.91	7.93	7.8	7.8	8069466	63450304
2016/11/28	7.88	7.96	7.87	7.93	9970704	78891600
2016/11/25	7.86	7.9	7.74	7.86	9053877	70678256
2016/11/24	7.94	7.94	7.82	7.87	8783346	69289648
2016/11/23	7.96	7.99	7.9	7.94	9863336	78296848
2016/11/22	7.9	7.96	7.89	7.96	9076372	71938888
2016/11/21	7.89	7.95	7.84	7.9	8951977	70703752
2016/11/18	8.08	8.09	7.9	7.9	14953725	119308520
2016/11/17	8.11	8.15	8.03	8.07	11585767	93458864
2016/11/16	8.13	8.19	8.08	8.15	12667985	102937056
2016/11/15	8.1	8.15	8.05	8.13	16312674	132103000
2016/11/14	8.18	8.25	8.06	8.13	30721062	250288240
2016/11/11	8.02	8.65	8.02	8.41	46584699	391858976
2016/11/10	8.15	8.26	8.03	8.06	21939646	177693920
2016/11/9	7.88	8.1	7.75	7.96	19827580	156952080
2016/11/8	7.9	7.93	7.85	7.9	9106099	71820640
2016/11/7	7.94	7.95	7.85	7.91	9111034	72003536
2016/11/4	7.93	7.98	7.86	7.91	10403368	82329880
2016/11/3	7.91	7.98	7.83	7.93	11507854	90983888
2016/11/2	7.86	8.07	7.83	7.91	18686532	148920832
2016/11/1	7.78	7.92	7.77	7.9	9695427	76230168
2016/10/31	7.81	7.83	7.7	7.79	9047625	70130808
2016/10/28	7.9	7.93	7.78	7.79	10804800	84774032
2016/10/27	7.96	7.97	7.86	7.91	10141064	80128048
2016/10/26	7.91	7.99	7.91	7.97	11233102	89348608
2016/10/25	8	8	7.9	7.95	16313642	129577384
2016/10/24	7.99	8.06	7.78	8.02	33238825	263268912
2016/10/21	8.36	8.39	8.16	8.24	13174826	109034808
2016/10/20	8.22	8.33	8.22	8.28	11906710	98279688
2016/10/19	8.32	8.39	8.2	8.24	15859754	131492856
2016/10/18	8.27	8.41	8.15	8.39	23434261	193974672
2016/10/17	8.61	8.84	8.35	8.38	36127598	307964160
2016/10/14	8.08	9.1	7.81	8.73	53701439	458805024
2016/10/13	8.54	8.67	8.52	8.63	13201856	113853176
2016/10/12	8.49	8.59	8.41	8.57	11910567	101245160
2016/10/11	8.59	8.6	8.41	8.53	13285028	112773696
2016/10/10	8.43	8.62	8.43	8.57	9379995	80109752
2016/9/30	8.33	8.44	8.24	8.41	8219486	68472704
2016/9/29	8.3	8.43	8.29	8.31	6880003	57527188
2016/9/28	8.5	8.5	8.26	8.3	9799656	81918560
2016/9/27	8.71	8.78	8.35	8.52	17810107	150906880
2016/9/26	8.88	9.02	8.68	8.76	17149963	152403056
2016/9/23	8.84	9.02	8.81	8.93	19461424	173832256
2016/9/22	8.7	8.95	8.7	8.83	15319952	135105008
2016/9/21	8.78	8.85	8.67	8.71	12293075	107297632
2016/9/20	8.76	9.07	8.75	8.88	22840855	204170592
2016/9/19	8.62	8.76	8.61	8.71	10473582	91048168
2016/9/14	8.78	8.83	8.6	8.61	17486192	151704992
2016/9/13	8.85	9.05	8.75	8.9	21090082	187618656
2016/9/12	8.7	9.06	8.6	8.81	35922850	319400576
2016/9/9	8.97	9.06	8.76	8.82	28411292	252334704
2016/9/8	9.11	9.15	8.83	9.01	50821021	456310400
2016/9/7	8.5	9.47	8.46	9.3	86449519	791106048
2016/9/6	8.23	8.82	8.02	8.61	38902568	330079200
2016/9/5	8.18	8.44	8.13	8.23	17423735	144494128
2016/9/2	8.23	8.33	8.05	8.11	18284713	149050736
2016/9/1	8.28	8.55	8.27	8.34	26095358	219637104
2016/8/31	8.18	8.45	8.13	8.34	24641978	205852592
2016/8/30	8.37	8.46	8.09	8.18	24511368	201810832
2016/8/29	8.02	8.5	7.99	8.32	36412650	301934880
2016/8/26	7.69	8.26	7.68	7.99	28365961	226723584
2016/8/25	7.8	7.8	7.62	7.67	13136204	100993688
2016/8/24	7.8	8.13	7.8	7.88	28018544	222961440
2016/8/23	7.74	7.81	7.66	7.77	11873989	91959544
2016/8/22	7.74	7.78	7.66	7.73	9486402	73211312
2016/8/19	7.76	7.81	7.67	7.74	13299565	102633304
2016/8/18	7.72	7.8	7.67	7.76	10070937	78013200
2016/8/17	7.73	7.78	7.65	7.73	8549823	66009676
2016/8/16	7.64	7.92	7.64	7.75	10254024	79316376
2016/8/15	7.53	7.68	7.5	7.64	10254573	77969200
2016/8/12	7.51	7.54	7.41	7.52	4901950	36632992
2016/8/11	7.57	7.59	7.45	7.46	5185930	38958676
2016/8/10	7.62	7.65	7.52	7.58	6706513	50866704
2016/8/9	7.6	7.63	7.56	7.62	7219858	54852396
2016/8/8	7.51	7.57	7.41	7.56	6453626	48392096
2016/8/5	7.58	7.6	7.5	7.51	5963515	44940332
2016/8/4	7.52	7.64	7.38	7.62	9582880	71848768
2016/8/3	7.46	7.59	7.41	7.55	6605669	49709340
2016/8/2	7.5	7.53	7.4	7.47	7117186	52975672
2016/8/1	7.68	7.68	7.38	7.49	5920791	44288820
2016/7/29	7.68	7.93	7.67	7.69	6458247	50196016
2016/7/28	7.79	7.79	7.58	7.71	7575001	58299076
2016/7/27	8.1	8.19	7.6	7.74	17680967	140741872
2016/7/26	8.07	8.15	8.01	8.1	9658374	78096072
2016/7/25	7.99	8.12	7.93	8.07	9699480	78034640
2016/7/22	8.09	8.19	7.97	8	13410305	108144440
2016/7/21	8.09	8.2	8	8.05	16176605	130934776
2016/7/20	7.85	8.43	7.82	8.14	28685333	232396496
2016/7/19	7.8	7.86	7.74	7.85	5492479	42790976
2016/7/18	7.85	7.88	7.7	7.83	9621694	74966816
2016/7/15	7.91	7.93	7.81	7.84	8642502	67956640
2016/7/14	7.83	7.94	7.79	7.92	12367849	97327016
2016/7/13	7.85	7.88	7.81	7.86	10785793	84617720
2016/7/12	7.77	7.87	7.65	7.84	9877739	76541504
2016/7/11	7.81	8.01	7.76	7.77	10006474	78629192
2016/7/8	7.8	7.95	7.79	7.83	8477529	66425776
2016/7/7	7.89	7.92	7.75	7.84	11514840	90099624
2016/7/6	7.78	7.95	7.76	7.93	14091512	111135808
2016/7/5	7.84	7.86	7.76	7.79	10401997	81118392
2016/7/4	7.7	7.93	7.66	7.83	11680754	91627576
2016/7/1	7.85	7.88	7.68	7.74	7012933	54424840
2016/6/30	7.8	7.91	7.75	7.83	7497154	58614320
2016/6/29	7.8	7.94	7.75	7.8	11550405	90327496
2016/6/28	7.47	7.9	7.44	7.82	18861675	145839584
2016/6/27	7.4	7.53	7.35	7.53	6026634	45035328
2016/6/24	7.52	7.58	7.23	7.42	6761662	50243536
2016/6/23	7.5	7.57	7.47	7.48	5468660	41065052
2016/6/22	7.35	7.53	7.32	7.53	5851967	43647356
2016/6/21	7.56	7.62	7.32	7.34	7550092	56397520
2016/6/20	7.68	7.68	7.48	7.53	8276342	62410312
2016/6/17	7.65	7.93	7.61	7.7	8289221	64154188
2016/6/16	7.67	7.72	7.58	7.65	6066340	46362824
2016/6/15	7.35	7.64	7.32	7.64	7715027	58252600
2016/6/14	7.33	7.46	7.24	7.42	5257109	38682224
2016/6/13	7.65	7.66	7.3	7.3	8822005	66424416
2016/6/8	7.89	7.89	7.69	7.76	6928313	53815232
2016/6/7	7.81	7.87	7.72	7.87	7891024	61439728
2016/6/6	7.81	7.96	7.75	7.84	8791301	69130648
2016/6/3	7.84	7.88	7.79	7.81	8407478	65819492
2016/6/2	7.77	7.83	7.68	7.81	7874101	61086136
2016/6/1	7.72	7.98	7.69	7.73	9832169	76401104
2016/5/31	7.45	7.74	7.4	7.74	11000367	83778664
2016/5/30	7.46	7.48	7.28	7.39	4546252	33682180
2016/5/27	7.48	7.66	7.32	7.53	7985580	59969200
2016/5/26	7.56	7.6	7.19	7.46	9678740	71158528
2016/5/25	7.61	7.67	7.5	7.56	7093504	53947492
2016/5/24	7.62	7.65	7.5	7.57	6037911	45634356
2016/5/23	7.64	7.73	7.58	7.67	8125057	62281984
2016/5/20	7.55	7.63	7.42	7.63	8558441	64477980
2016/5/19	7.68	7.85	7.6	7.62	8089942	62470916
2016/5/18	8.15	8.15	7.56	7.67	11388153	88888320
2016/5/17	8.14	8.24	8.08	8.15	7932612	64691216
2016/5/16	8.07	8.16	7.82	8.14	8513432	68160656
2016/5/13	8	8.22	7.97	8.03	8851810	71646552
2016/5/12	8.05	8.06	7.8	7.99	11733885	92993928
2016/5/11	8.5	8.6	8.12	8.19	14689123	122304440
2016/5/10	8.7	8.87	8.27	8.49	25388642	216991776
2016/5/9	9.31	9.62	9	9.12	49637559	464758176
2016/5/6	9.38	9.48	9.03	9.18	25162713	232332336
2016/5/5	9.17	9.55	9.14	9.45	23759447	222888048
2016/5/4	9.14	9.29	9.13	9.19	15649773	143972464
2016/5/3	8.94	9.23	8.83	9.22	17406724	157704592
2016/4/29	8.94	9.08	8.89	8.91	9343553	83882712
2016/4/28	8.98	9.16	8.76	9.04	15504419	138767984
2016/4/27	9.2	9.3	8.94	9.02	23320435	212459120
2016/4/26	8.76	9.34	8.76	9.24	25838390	234499360
2016/4/25	8.7	8.86	8.59	8.75	16914464	147700352
2016/4/22	8.83	9.7	8.73	8.96	36690490	335988064
2016/4/21	8.49	8.93	8.41	8.85	28267942	248612112
2016/4/20	8.68	8.93	8.1	8.6	26063326	225090576
2016/4/19	8.5	8.86	8.5	8.71	21602682	188427280
2016/4/18	8.55	8.66	8.39	8.46	15419111	130744592
2016/4/15	8.47	8.88	8.46	8.73	33841387	295747392
2016/4/14	8.45	8.54	8.33	8.43	12616208	106131048
2016/4/13	8.17	8.33	8.15	8.25	12781186	105806456
2016/4/12	8.33	8.33	8.02	8.14	9731425	79445184
2016/4/11	8.24	8.39	8.22	8.33	11375150	94542104
2016/4/8	8.35	8.35	8.09	8.18	10570460	86390488
2016/4/7	8.52	8.55	8.31	8.33	12928951	109348936
2016/4/6	8.43	8.57	8.4	8.52	14647804	124243464
2016/4/5	8.31	8.54	8.26	8.5	15335111	129417552
2016/4/1	8.35	8.4	8.08	8.32	9613260	79189928
2016/3/31	8.44	8.49	8.32	8.33	10823883	90710896
2016/3/30	8.28	8.46	8.21	8.43	9697031	80758608
2016/3/29	8.48	8.53	8.12	8.2	11854397	98168408
2016/3/28	8.66	8.93	8.47	8.5	12194275	105700272
2016/3/25	8.49	8.63	8.4	8.62	9451456	80711200
2016/3/24	8.81	8.85	8.53	8.53	17732738	154291712
2016/3/23	8.74	8.91	8.71	8.89	14991525	132140536
2016/3/22	8.86	8.86	8.66	8.75	16908568	148491456
2016/3/21	8.72	8.99	8.68	8.96	33674370	297550208
2016/3/18	8.45	8.75	8.45	8.67	24495046	211198128
2016/3/17	8.3	8.55	8.26	8.45	13829169	116268984
2016/3/16	8.73	8.84	8.25	8.32	12880829	109197016
2016/3/15	8.5	8.78	8.4	8.66	14630437	126356056
2016/3/14	8.47	8.72	8.31	8.55	14284992	122348608
2016/3/11	8.13	8.46	8	8.4	9567358	78683656
2016/3/10	8.56	8.6	8.25	8.29	7388316	62316072
2016/3/9	8.36	8.72	8.28	8.53	8864697	75555072
2016/3/8	8.78	8.78	8.2	8.64	12956667	109533832
2016/3/7	8.51	8.93	8.51	8.8	12946147	113191808
2016/3/4	8.82	8.95	8.3	8.45	14795319	127503320
2016/3/3	8.6	9.33	8.59	8.93	23274802	207599168
2016/3/2	8.22	8.86	8.16	8.65	14081166	119527280
2016/3/1	8	8.31	7.95	8.24	8968761	73099480
2016/2/29	8.87	8.87	7.99	8	12420794	101494960
2016/2/26	8.88	9	8.47	8.88	12392763	108826840
2016/2/25	9.6	9.65	8.78	8.78	17193752	157505920
2016/2/24	9.83	9.99	9.51	9.75	15607479	152279456
2016/2/23	9.62	10.01	9.42	9.91	22707110	220830864
2016/2/22	9.58	10	9.54	9.63	21420825	208176448
2016/2/19	9.5	9.8	9.4	9.5	22997054	219282736
2016/2/18	9.2	10.12	9	9.7	37756120	366540640
2016/2/17	8.88	9.38	8.68	9.2	18628223	167437200
2016/2/16	8.59	9.1	8.59	9	15008104	133628776
2016/2/15	8.25	8.66	8.23	8.58	8522045	71826824
2016/2/5	8.55	8.73	8.41	8.65	12660843	109113424
2016/2/4	8.25	8.78	8.23	8.58	15619802	133127768
2016/2/3	8.12	8.31	7.97	8.26	11418942	92645568
2016/2/2	8.29	8.4	8.05	8.29	14727522	120950368
2016/2/1	8.29	8.35	7.78	8.06	10663750	86347464
2016/1/29	7.99	8.55	7.82	8.38	16818242	137212224
2016/1/28	8	8.2	7.59	7.94	12806383	101758888
2016/1/27	8	8.28	7.28	8.27	21629050	166513376
2016/1/26	8.62	8.75	7.97	7.97	18312631	151854000
2016/1/25	9	9.08	8.68	8.85	17816736	157617536
2016/1/22	8.6	9.1	8.43	8.88	22454635	197254544
2016/1/21	8.55	8.9	8.26	8.52	20505172	175656112
2016/1/20	8.68	9.15	8.41	8.7	28921364	253660496
2016/1/19	8.04	8.59	7.82	8.59	31716524	264566864
2016/1/18	6.9	7.81	6.88	7.81	23363605	177288096
2016/1/15	7.2	7.68	6.96	7.1	13740623	100347744
2016/1/14	6.64	7.21	6.51	7.12	9890264	68431688
2016/1/13	7.39	7.47	6.9	6.92	10835775	77956488
2016/1/12	7.28	7.48	7.02	7.29	10825352	78909352
2016/1/11	7.8	8.02	7.25	7.25	15257063	115023856
2016/1/8	8.27	8.45	7.29	8.06	14498954	117278376
2016/1/7	8.76	8.76	8.05	8.05	3188100	26538500
2016/1/6	8.59	8.95	8.59	8.94	12463177	109318504
2016/1/5	8.57	9.04	8.19	8.59	21547034	185372400
2016/1/4	10.16	10.2	9.09	9.1	14541973	138672080
2015/12/31	10.45	10.69	10.06	10.1	15210064	158217312
2015/12/30	10.25	10.48	10.25	10.4	13229400	137194000
2015/12/29	10.25	10.36	10.01	10.22	13815144	140701120
2015/12/28	10.67	10.85	10.18	10.18	21801840	230090064
2015/12/25	10.48	10.82	10.48	10.61	15747125	167904544
2015/12/24	10.62	10.77	10.23	10.51	23424110	245878272
2015/12/23	10.49	11.45	10.34	10.78	40113775	435692704
2015/12/22	10.23	10.75	10.23	10.51	28537732	301277152
2015/12/21	10.09	10.24	10	10.23	20261784	205184192
2015/12/18	10.18	10.24	9.91	10.04	20788709	208362272
2015/12/17	9.93	10.33	9.91	10.18	25393234	257411200
2015/12/16	10.03	10.03	9.83	9.87	14400940	142957088
2015/12/15	9.78	10.23	9.78	9.94	18362198	183467728
2015/12/14	9.71	9.76	9.33	9.76	18110886	172501328
2015/12/11	9.66	9.89	9.61	9.67	17364206	169160464
2015/12/10	9.85	9.96	9.69	9.72	22020496	215709424
2015/12/9	9.9	10.37	9.83	9.95	29633145	298681216
2015/12/8	10.47	10.56	10.06	10.06	39886619	409507744
2015/12/7	10.39	10.95	10.15	10.75	70458450	741350784
2015/12/4	9.06	10.01	9.06	10.01	23707385	232452240
2015/12/3	8.99	9.14	8.9	9.1	12631207	114266776
2015/12/2	9.23	9.29	8.6	8.9	16651065	149104560
2015/12/1	9.1	9.34	8.9	9.14	17883439	163473072
2015/11/30	9.25	9.43	8.48	9.07	25055563	225532288
2015/11/27	10.15	10.5	9.27	9.28	34723710	342212256
2015/11/26	9.9	10.36	9.69	10.3	39075553	390702720
2015/11/25	9.65	9.98	9.59	9.83	19795428	194341584
2015/11/24	9.68	9.84	9.5	9.71	17247639	165861840
2015/11/23	9.57	10.1	9.43	9.75	31666331	309315616
2015/11/20	9.63	9.63	9.4	9.57	22724513	216229184
2015/11/19	9.6	9.7	9.28	9.63	25377180	239974240
2015/11/18	9.86	9.96	9.55	9.61	27974781	273155104
2015/11/17	9.81	9.97	9.54	9.7	37507010	366109216
2015/11/16	8.9	10	8.81	9.93	46803785	443464160
2015/11/13	8.76	9.73	8.69	9.18	47295161	437095488
2015/11/12	9.1	9.15	8.8	8.89	30864310	276008032
2015/11/11	8.8	9.4	8.72	9.17	41846462	380351040
2015/11/10	8.68	8.86	8.56	8.79	25201856	220176064
2015/11/9	8.64	8.94	8.46	8.83	28518158	248370384
2015/11/6	8.55	8.88	8.55	8.78	29014959	254162560
2015/11/5	8.54	8.71	8.3	8.62	28107253	239281504
2015/11/4	8.11	8.6	8.11	8.6	21365664	179807136
2015/11/3	8.15	8.27	8.01	8.09	15325034	124860736
2015/11/2	8.31	8.56	8.02	8.1	24596989	203838160
2015/10/30	8.88	8.96	8.64	8.7	32080548	281341792
2015/10/29	8.65	9.17	8.53	8.93	41464214	367920800
2015/10/28	8.55	8.9	8.47	8.54	35973026	312322048
2015/10/27	8.65	8.84	8.05	8.68	45406253	383565824
2015/10/26	9.01	9.6	8.8	8.86	75081427	680276352
2015/10/23	8.06	8.84	7.94	8.84	68327734	594740224
2015/10/22	7.5	8.04	7.5	8.04	33571183	261845712
2015/10/21	8.24	8.38	7.57	7.57	39820997	318471264
2015/10/20	8.6	8.75	8.01	8.41	61719424	517718464
2015/10/19	7.6	8.29	7.6	8.29	32925961	267048256
2015/10/16	7.34	7.59	7.2	7.54	36325454	270355680
2015/10/15	6.95	7.28	6.95	7.27	24055732	172079136
2015/10/14	7.14	7.22	6.99	7	23804076	168407072
2015/10/13	6.98	7.25	6.91	7.25	28242300	200844560
2015/10/12	6.84	7.13	6.7	7.04	27589103	191429056
2015/10/9	6.38	6.7	6.34	6.68	20949390	137483696
2015/10/8	6.37	6.47	6.29	6.39	15526426	99179912
2015/9/30	6.14	6.24	6.1	6.17	8299527	51174476
2015/9/29	6.12	6.18	6.02	6.09	11161306	68046208
2015/9/28	6.3	6.3	5.96	6.27	16436267	101091136
2015/9/25	6.66	6.73	6.23	6.3	18457712	119475352
2015/9/24	6.56	6.81	6.56	6.74	17969146	119727176
2015/9/23	6.41	6.69	6.32	6.63	19104446	123987864
2015/9/22	6.53	6.7	6.42	6.54	18079429	118627816
2015/9/21	6.2	6.54	6.13	6.49	13778251	88262384
2015/9/18	6.21	6.33	6.12	6.3	11503262	71580320
2015/9/17	6.38	6.7	6.14	6.15	20251766	129465736
2015/9/16	5.93	6.4	5.9	6.34	16667178	102274192
2015/9/15	6.12	6.35	5.79	5.82	16925487	102133912
2015/9/14	7.1	7.22	6.33	6.33	22721627	153397456
2015/9/11	6.82	7.05	6.76	7.03	14048630	97050592
2015/9/10	6.98	7.1	6.82	6.85	15739907	109818296
2015/9/9	6.71	7.15	6.65	7.1	25036731	174491984
2015/9/8	6.38	6.85	6.21	6.77	15503549	100602184
2015/9/7	6.2	6.5	6.18	6.35	18344835	116603144
2015/9/2	6.01	6.79	6.01	6.03	18272604	114543728
2015/9/1	7.1	7.1	6.45	6.45	23056253	153730080
2015/8/31	7.7	7.7	7.14	7.15	26853259	198555584
2015/8/28	7.16	7.75	7.08	7.75	35264123	260945088
2015/8/27	7	7.18	6.41	7.06	29929156	205976496
2015/8/26	7.4	7.64	6.66	6.69	35720357	255746448
2015/8/25	7.4	7.6	7.4	7.4	25724234	190962848
2015/8/24	8.51	8.62	8.22	8.22	16609900	137849888
2015/8/21	9.61	9.8	9.13	9.13	40309524	377685472
2015/8/20	10.76	10.96	10.14	10.14	58574426	617069056
2015/8/19	10.2	11.63	9.59	11.27	105630809	1093990784
2015/8/18	10.66	10.66	10.3	10.66	109070991	1158915200
2015/8/17	9.69	9.69	9.69	9.69	578832	5608882
2015/8/14	8.81	8.81	8.81	8.81	262942	2316519
2015/8/5	8.06	8.3	7.89	8.01	24486438	198172400
2015/8/4	7.6	8.21	7.55	8.21	29039509	228035456
2015/8/3	8.34	8.34	7.46	7.55	25702146	199637344
2015/7/31	8.59	8.69	8.02	8.29	19251930	162904416
2015/7/30	8.65	9.04	8.46	8.76	29767222	261272944
2015/7/29	8.3	8.67	7.82	8.63	23785262	195749360
2015/7/28	8.1	8.75	7.97	8.14	36260745	298439264
2015/7/27	9.54	9.88	8.86	8.86	28081066	263177792
2015/7/24	10.13	10.44	9.7	9.84	41073270	413985376
2015/7/23	9.7	10.18	9.58	10.14	37478729	371356544
2015/7/22	9.64	9.92	9.29	9.74	41344477	398643104
2015/7/21	9.1	9.64	8.91	9.62	41947279	391325728
2015/7/20	9.06	9.35	8.8	9.28	37406029	341860384
2015/7/17	8.48	9.15	8.34	9.03	27382983	240382880
2015/7/16	7.65	8.8	7.5	8.35	24938446	204005552
2015/7/15	9.5	9.5	8.14	8.18	42936769	386323584
2015/7/14	8.95	8.95	8.95	8.95	1041371	9320270
2015/7/13	8.14	8.14	8.14	8.14	1086102	8840870
2015/7/6	8.82	8.82	7.22	7.4	30729207	247526000
2015/7/3	8.42	9.08	8.02	8.02	27536896	227520560
2015/7/2	10.1	10.24	8.91	8.91	22955452	214519104
2015/7/1	10.5	10.9	9.9	9.9	25538208	270660928
2015/6/30	9.99	10.87	9.12	10.81	33007536	325684480
2015/6/29	11.4	11.55	10.13	10.13	24574665	258424944
2015/6/26	11.95	11.95	11.25	11.25	18495151	211777696
2015/6/25	13.17	13.37	11.84	12.5	18698140	243138336
2015/6/24	13.13	13.34	12.74	13.15	19932883	260412832
2015/6/23	13.45	13.9	12.53	12.82	23716729	305952544
2015/6/19	14.99	15.08	13.92	13.92	21736168	311985664
2015/6/18	16.19	16.35	15.18	15.47	15578338	248891872
2015/6/17	15.98	16.34	15.5	16.19	17325108	276572960
2015/6/16	16.59	16.59	15.4	15.68	21892236	349734688
2015/6/15	17.5	17.98	16.77	16.79	34213577	595533504
2015/6/12	16.43	17.99	16.2	17.58	45637693	777964928
2015/6/11	16.06	16.93	15.98	16.41	31402124	516944960
2015/6/10	15.71	16.21	15.18	16.09	24271096	382667072
2015/6/9	16.5	16.58	15.45	15.86	22812208	361836864
2015/6/8	16.3	16.99	16.1	16.43	32762343	538852864
2015/6/5	16.08	16.5	15.71	16.22	31910492	516224096
2015/6/4	16.13	16.35	14.86	15.7	27804291	437978144
2015/6/3	16.71	16.71	15.86	16.08	32942097	536525504
2015/6/2	16.21	17.34	15.73	16.99	57130901	936292352
2015/6/1	17.3	17.3	16.31	16.58	58898392	984870592
2015/5/29	17.45	17.45	14.7	17.45	98122534	1626841728
2015/5/28	15.86	15.86	15.86	15.86	1827731	28987814
2015/5/27	14.42	14.42	14.42	14.42	691929	9977616
2015/5/26	13.11	13.11	13.11	13.11	131912	1729366.38
2015/5/25	11.92	11.92	11.92	11.92	138827	1654817.88
2015/5/22	10.84	10.84	10.84	10.84	109264	1184421.75
2015/5/21	9.85	9.85	9.85	9.85	51616	508417.59
2015/5/20	8.95	8.95	8.95	8.95	72143	645679.88
2015/5/19	8.14	8.14	8.14	8.14	238409	1940649.25
2014/12/25	7.34	7.46	7.3	7.4	4349497	32067812
2014/12/24	7.27	7.36	7.17	7.35	5016151	36462808
2014/12/23	7.12	7.37	7.12	7.27	6395185	46380248
2014/12/22	7.63	7.63	7	7.12	12353607	89970792
2014/12/19	7.78	7.78	7.48	7.63	7582294	57697828
2014/12/18	7.8	7.85	7.67	7.77	6055248	47049300
2014/12/17	8.01	8.03	7.72	7.85	7545169	59317196
2014/12/16	8.1	8.19	7.91	8.01	8845349	71095232
2014/12/15	7.75	8.16	7.75	8.12	14785759	118851936
2014/12/12	7.83	7.88	7.68	7.79	7181964	55782828
2014/12/11	7.69	8	7.62	7.79	12300738	96178128
2014/12/10	7.7	7.92	7.36	7.77	11340785	87497856
2014/12/9	8.04	8.42	7.51	7.58	25613934	206512080
2014/12/8	7.27	8.05	7.25	8.05	31130028	240594272
2014/12/5	7.51	7.52	7.02	7.32	14715100	107112360
2014/12/4	7.49	7.58	7.42	7.52	11154025	83619400
2014/12/3	7.5	7.58	7.4	7.48	9578396	71372264
2014/12/2	7.48	7.65	7.44	7.54	7825013	59127388
2014/12/1	7.62	7.62	7.44	7.47	7891802	59179284
2014/11/28	7.49	7.7	7.42	7.65	12778200	96776808
2014/11/27	7.51	7.54	7.42	7.49	8263999	61796804
2014/11/26	7.55	7.59	7.4	7.49	7864982	58969392
2014/11/25	7.48	7.58	7.44	7.58	10148326	76104680
2014/11/24	7.69	7.77	7.43	7.5	12521707	94515736
2014/11/21	7.62	7.72	7.58	7.65	4903763	37388752
2014/11/20	7.8	7.8	7.63	7.65	4995300	38506128
2014/11/19	7.6	7.82	7.55	7.79	6213981	47873020
2014/11/18	7.43	7.6	7.38	7.55	3821830	28737480
2014/11/17	7.34	7.52	7.32	7.43	5096772	38050576
2014/11/14	7.54	7.55	7.3	7.37	5916899	43661556
2014/11/13	7.83	7.9	7.38	7.55	7954547	60561408
2014/11/12	7.74	7.89	7.73	7.83	3719738	29072296
2014/11/11	8	8.08	7.7	7.75	10226536	80510680
2014/11/10	8	8.11	8	8.01	5960470	47929112
2014/11/7	8.16	8.19	7.94	7.96	6376970	51433336
2014/11/6	7.94	8.19	7.94	8.14	6596822	53142140
2014/11/5	8	8.06	7.9	7.99	5309344	42390820
2014/11/4	8.3	8.31	7.96	8.01	11708848	94895408
2014/11/3	8.2	8.35	8.2	8.3	9851304	81524888
2014/10/31	8.25	8.35	8.15	8.2	6647045	54578612
2014/10/30	8.2	8.33	8.15	8.22	6398395	52741376
2014/10/29	8.23	8.34	8.15	8.24	7531962	61915536
2014/10/28	8.08	8.25	8.06	8.23	6455250	52837404
2014/10/27	8.07	8.16	7.77	8.1	6790859	54286400
2014/10/24	7.96	8.09	7.91	8.05	5381720	43070072
2014/10/23	8.19	8.26	7.88	7.98	7769231	62715376
2014/10/22	8.4	8.52	8.11	8.13	9427740	78525048
2014/10/21	8.52	8.73	8.41	8.45	10123433	86326048
2014/10/20	8.49	8.63	8.4	8.6	13266284	113292560
2014/10/17	8.15	8.46	8.07	8.4	15192305	126000800
2014/10/16	8.38	8.68	8.23	8.29	18557812	157439728
2014/10/15	8.32	8.5	8.25	8.47	18597592	156711760
2014/10/14	7.98	8.35	7.95	8.32	24034693	197090576
2014/10/13	8.15	8.15	7.9	8.03	22051002	176849168
2014/10/10	7.83	8.6	7.74	8.17	31551051	259964496
2014/10/9	7.9	7.94	7.78	7.82	10298088	80870576
2014/10/8	7.77	7.89	7.71	7.88	11637834	91157984
2014/9/30	7.85	7.99	7.78	7.78	9429551	74039880
2014/9/29	7.98	7.99	7.81	7.87	13361877	105330560
2014/9/26	8.03	8.09	7.91	7.97	9370580	74990696
2014/9/25	7.77	8.01	7.75	7.94	11522751	91335808
2014/9/24	7.73	7.8	7.67	7.74	9671059	74743696
2014/9/23	7.7	7.8	7.63	7.73	9986108	77184608
2014/9/22	8	8	7.71	7.75	11276528	88006488
2014/9/19	7.99	8.09	7.9	7.95	9350842	74690328
2014/9/18	8	8.15	7.94	7.99	11451530	92260832
2014/9/17	7.93	8.06	7.85	7.98	9366068	74556512
2014/9/16	8.1	8.25	7.93	7.96	16308908	131130176
2014/9/15	7.95	8.14	7.83	8.09	15651943	126159672
2014/9/12	7.8	8.05	7.76	7.95	9008322	71651488
2014/9/11	8.03	8.18	7.7	7.82	15800478	126169048
2014/9/10	8.13	8.13	7.92	8.04	11181229	89548400
2014/9/9	7.85	8.18	7.77	8.09	18115990	146171952
2014/9/5	7.66	7.89	7.64	7.86	16645474	129509464
2014/9/4	7.65	7.68	7.54	7.64	9298222	70768544
2014/9/3	7.61	7.75	7.51	7.65	12599844	96125440
2014/9/2	7.45	7.85	7.44	7.67	19357489	148030272
2014/9/1	7.41	7.49	7.35	7.43	7619514	56441812
2014/8/29	7.36	7.53	7.33	7.39	7146307	52898312
2014/8/28	7.2	7.7	7.06	7.45	16490429	122289520
2014/8/27	7.21	7.3	7.13	7.2	4195957	30251886
2014/8/26	7.23	7.4	7.16	7.21	8328169	60656792
2014/8/25	7.31	7.42	7.27	7.27	9191125	67463816
2014/8/22	7.29	7.38	7.21	7.29	7338195	53321888
2014/8/21	7.21	7.51	7.19	7.31	17423887	128547320
2014/8/20	7.27	7.34	7.12	7.23	16670882	120624968
2014/8/19	7.45	7.74	7.28	7.36	43816791	327527648
2014/8/18	6.67	7.34	6.67	7.34	35936856	261550592
2014/8/15	6.69	6.8	6.61	6.67	5370497	35830724
2014/8/14	6.79	6.82	6.61	6.69	6488619	43519988
2014/8/13	6.85	6.86	6.74	6.84	4145402	28180340
2014/8/12	6.84	6.9	6.81	6.87	4128928	28288024
2014/8/11	6.64	6.85	6.62	6.85	6677418	45222412
2014/8/8	6.78	6.84	6.5	6.69	9604687	63985104
2014/8/7	7.04	7.06	6.8	6.8	6241532	43243408
2014/8/6	7.03	7.14	7	7.04	7027745	49536484
2014/8/5	7.04	7.19	6.96	7.15	9702936	68920200
2014/8/4	7	7.09	6.83	7.02	8626959	59956156
2014/8/1	6.83	7.31	6.83	7.08	14369925	102570256
2014/7/31	6.87	6.94	6.78	6.9	5241910	35958660
2014/7/30	6.99	7.04	6.8	6.88	10117622	69839416
2014/7/29	6.3	6.92	6.29	6.92	10106494	67100032
2014/7/28	6.23	6.31	6.19	6.29	4613926	28828220
2014/7/25	6.32	6.56	6.15	6.19	6285947	39054080
2014/7/24	6.43	6.53	6.31	6.32	4903921	31438962
2014/7/23	6.42	6.56	6.36	6.46	7254505	46744416
2014/7/22	6.51	6.68	6.48	6.63	3520651	23237022
2014/7/21	6.83	6.85	6.49	6.55	4968901	33019146
2014/7/18	6.76	6.88	6.75	6.8	4124219	28080622
2014/7/17	6.7	6.9	6.64	6.84	7222140	49220848
2014/7/16	6.6	6.73	6.58	6.66	3858726	25703348
2014/7/15	6.7	6.72	6.54	6.6	4950623	32648588
2014/7/14	6.79	6.82	6.63	6.73	4778422	32215772
2014/7/11	6.76	6.91	6.68	6.8	4618165	31361178
2014/7/10	6.84	6.98	6.73	6.78	8185339	55915448
2014/7/9	6.87	7.11	6.7	6.9	10467018	73314128
2014/7/8	6.61	6.86	6.5	6.86	8900945	59569220
2014/7/7	6.73	6.73	6.42	6.58	9624965	63008664
2014/7/4	7.01	7.14	6.77	6.78	9578058	65863964
2014/7/3	6.73	7.23	6.68	6.98	14380266	99928280
2014/7/2	6.6	6.82	6.5	6.73	9909143	65975224
2014/7/1	6.57	6.63	6.48	6.59	7193413	47185648
2014/6/30	6.3	6.69	6.3	6.57	12100452	78960424
2014/6/27	6.06	6.6	6.01	6.27	12737812	81191088
2014/6/26	5.83	6.07	5.83	6.06	8252960	49383544
2014/6/25	5.93	6	5.8	5.82	4392020	25912968
2014/6/24	5.97	6.04	5.91	5.93	5792663	34484892
2014/6/23	5.75	6.1	5.73	6	9440967	56101648
2014/6/20	5.7	5.81	5.58	5.76	4152384	23789676
2014/6/19	5.66	5.85	5.65	5.72	7813279	44803632
2014/6/18	5.7	5.76	5.55	5.66	5698339	32183456
2014/6/17	5.48	5.78	5.43	5.7	11103694	62852524
2014/6/16	5.4	5.52	5.39	5.5	3928365	21462240
2014/6/13	5.27	5.56	5.23	5.45	5932802	32154708
2014/6/12	5.34	5.34	5.26	5.27	1734840	9164853
2014/6/11	5.29	5.37	5.26	5.32	2905843	15447849
2014/6/10	5.28	5.33	5.18	5.29	2944335	15463055
2014/6/9	5.37	5.4	5.23	5.28	2315799	12377265
2014/6/6	5.4	5.41	5.33	5.36	2545216	13669721
2014/6/5	5.27	5.43	5.21	5.39	3902189	20827472
2014/6/4	5.29	5.32	5.2	5.25	2006325	10549937
2014/6/3	5.25	5.34	5.2	5.3	3331698	17582520
2014/5/30	5.2	5.29	5.2	5.24	2057910	10767856
2014/5/29	5.4	5.4	5.21	5.22	7362067	38762748
2014/5/28	5.48	5.51	5.4	5.47	2760865	15065182
2014/5/27	5.46	5.53	5.43	5.48	3110393	17020412
2014/5/26	5.49	5.54	5.43	5.47	3590793	19584676
2014/5/23	5.43	5.59	5.43	5.49	3792265	20837654
2014/5/22	5.28	5.79	5.26	5.53	8960963	49807592
2014/5/21	5.2	5.34	5.13	5.3	2463796	12865235
2014/5/20	5.26	5.32	5.21	5.22	2096540	11014345
2014/5/19	5.35	5.38	5.22	5.25	1970699	10410774
2014/5/16	5.33	5.42	5.31	5.35	1750655	9393613
2014/5/15	5.52	5.52	5.31	5.37	3373458	18221988
2014/5/14	5.53	5.55	5.48	5.53	2643872	14573826
2014/5/13	5.5	5.55	5.44	5.52	3209870	17613644
2014/5/12	5.48	5.58	5.39	5.5	3709275	20275776
2014/5/9	5.66	5.67	5.25	5.36	5887664	31987698
2014/5/8	5.55	5.77	5.51	5.67	4780438	27136074
2014/5/7	5.7	5.83	5.6	5.6	6296653	35939364
2014/5/6	5.73	5.75	5.61	5.7	7859414	44635536
2014/5/5	5.6	5.96	5.57	5.77	19778521	114104720
2014/4/30	5.01	5.5	5	5.5	7008886	37978896
2014/4/29	4.88	5.01	4.82	5	4803925	23734762
2014/4/28	5.25	5.25	4.89	4.89	8996924	45011692
2014/4/25	5.63	5.63	5.25	5.28	11381603	60697904
2014/4/24	5.85	5.85	5.64	5.64	7155940	40771668
2014/4/23	5.99	6	5.88	5.9	3963136	23493332
2014/4/22	5.98	6.06	5.94	6	3163871	18934896
2014/4/21	6.08	6.09	5.96	5.97	5885791	35381388
2014/4/18	6.1	6.15	6.08	6.11	4272546	26052370
2014/4/17	6.1	6.17	6.09	6.1	3472006	21261728
2014/4/16	6.27	6.27	6.06	6.11	8278284	50762872
2014/4/15	6.42	6.42	6.3	6.32	3765302	23845122
2014/4/14	6.36	6.47	6.36	6.43	3365675	21588362
2014/4/11	6.44	6.44	6.34	6.36	4013469	25566990
2014/4/10	6.46	6.47	6.4	6.44	4479159	28772996
2014/4/9	6.38	6.47	6.37	6.45	4528890	29122550
2014/4/8	6.39	6.44	6.33	6.38	3681320	23556252
2014/4/4	6.3	6.42	6.28	6.41	5231015	33338302
2014/4/3	6.34	6.38	6.26	6.3	3456960	21824136
2014/4/2	6.31	6.43	6.27	6.34	3422200	21783830
2014/4/1	6.11	6.36	6.11	6.31	3320175	20876928
2014/3/31	6.26	6.4	6.24	6.32	4408679	27795456
2014/3/28	6.41	6.43	6.22	6.28	7680262	48341884
2014/3/27	6.57	6.65	6.21	6.43	15747413	101644640
2014/3/26	7.09	7.09	6.39	6.79	23910075	160054960
2014/3/25	7.12	7.17	7.02	7.1	3552096	25183762
2014/3/24	7.2	7.2	7.02	7.13	4618851	32849056
2014/3/21	7.05	7.19	6.9	7.19	4793224	33870156
2014/3/20	7.15	7.28	7.1	7.1	3570966	25631224
2014/3/19	7.25	7.3	7.1	7.18	5561842	39992084
2014/3/18	7.2	7.38	7.12	7.37	5725357	41579060
2014/3/17	7.13	7.23	7.08	7.21	2784921	19986488
2014/3/14	7.18	7.21	7.1	7.15	2495980	17849064
2014/3/13	7.2	7.24	7.11	7.2	3175999	22796774
2014/3/12	7.12	7.23	7.05	7.2	3230277	23163224
2014/3/11	7	7.22	6.9	7.18	3473289	24736094
2014/3/10	7.28	7.28	7.1	7.11	4987888	35755920
2014/3/7	7.47	7.47	7.2	7.25	5373237	39385304
2014/3/6	7.68	7.68	7.32	7.44	4539389	33871264
2014/3/5	7.7	7.79	7.52	7.59	6242975	47755412
2014/3/4	7.55	7.73	7.42	7.55	5490747	41501472
2014/3/3	7.29	7.63	7.02	7.6	6505881	48618652
2014/2/28	7.2	7.36	7.01	7.29	4787539	34270104
2014/2/27	7.3	7.42	7.18	7.2	6300250	45924716
2014/2/26	7.36	7.36	7.07	7.24	8140699	58422124
2014/2/25	7.89	7.92	7.27	7.39	12015697	91695808
2014/2/24	7.78	7.95	7.65	7.88	8299426	64914720
2014/2/21	7.78	7.83	7.58	7.8	9279237	71422864
2014/2/20	8.17	8.23	7.76	7.79	15874917	126616304
2014/2/19	8.29	8.56	8.14	8.15	22147851	185078240
2014/2/18	7.76	8.34	7.76	8.22	21270736	174067472
2014/2/17	7.88	8.02	7.73	7.97	15732955	123982472
2014/2/14	8.12	8.18	7.71	7.99	25918149	206383712
2014/2/13	7.34	8.05	7.19	8.05	22792738	177085680
2014/2/12	7.25	7.4	7.25	7.32	5594576	40915516
2014/2/11	7.18	7.35	7.18	7.25	5121087	37284240
2014/2/10	7.26	7.28	7.1	7.22	5927796	42736156
2014/2/7	6.9	7.05	6.85	7.05	3458932	24165110
2014/1/30	6.88	7.03	6.88	6.9	2235364	15538210
2014/1/29	7.04	7.05	6.9	6.96	3948408	27462824
2014/1/28	6.88	7.07	6.86	7.05	4378727	30672748
2014/1/27	6.96	7.02	6.85	6.88	4035080	27896078
2014/1/24	6.97	7.04	6.9	6.97	3932060	27420472
2014/1/23	7.06	7.09	6.93	6.98	4159320	29045886
2014/1/22	6.8	7.15	6.78	7.05	5958053	41769764
2014/1/21	6.7	6.86	6.66	6.71	3410852	22989862
2014/1/20	6.79	6.86	6.65	6.66	3778210	25532554
2014/1/17	6.89	6.9	6.78	6.79	2127952	14522277
2014/1/16	6.83	6.94	6.83	6.9	2875043	19792198
2014/1/15	6.96	7.03	6.83	6.88	3330370	22938820
2014/1/14	6.9	7	6.8	6.96	4487757	30943166
2014/1/13	6.99	7.14	6.87	6.95	3413941	23805004
2014/1/10	7.15	7.27	6.95	6.96	4569824	32570774
2014/1/9	7.38	7.42	7.16	7.19	4229889	30818854
2014/1/8	7.24	7.43	7.24	7.38	4187099	30882194
2014/1/7	7.13	7.33	7.13	7.24	3598491	26101376
2014/1/6	7.51	7.63	7.22	7.22	8756670	64327220
2014/1/3	8.08	8.24	7.72	7.76	11181294	88574240
2014/1/2	7.77	7.82	7.66	7.7	4283536	33082082
2013/12/31	7.7	7.81	7.6	7.67	4876460	37477644
2013/12/30	7.66	7.97	7.66	7.72	8683006	68046640
2013/12/27	7.59	7.75	7.52	7.59	5750741	43879160
2013/12/26	7.72	7.78	7.54	7.59	6450747	49423636
2013/12/25	7.49	7.72	7.43	7.72	7143949	54225072
2013/12/24	7.51	7.6	7.42	7.53	6273839	47114920
2013/12/23	7.21	7.61	7.11	7.52	9539315	70842552
2013/12/20	7.34	7.4	7.01	7.29	9122816	66030184
2013/12/19	7.8	7.97	7.31	7.31	11048976	84644672
2013/12/18	7.82	8.1	7.61	7.68	13963659	108410400
2013/12/17	7.42	8.09	7.3	7.93	27710770	215348992
2013/12/16	6.92	7.45	6.8	7.45	18787078	135220384
2013/12/13	6.97	6.97	6.49	6.77	11416938	77378368
2013/12/3	6.78	7.19	6.65	7.05	7586953	52640288
2013/12/2	7.39	7.4	6.79	6.81	14068326	98821176
2013/11/29	7.68	7.74	7.52	7.54	8348038	63266564
2013/11/28	7.63	7.89	7.47	7.71	9467013	72769968
2013/11/26	7.86	7.88	7.67	7.73	6793899	52836624
2013/11/25	7.77	7.97	7.54	7.88	7481175	58573588
2013/11/22	7.74	7.9	7.63	7.78	7591929	58940060
2013/11/21	7.94	7.94	7.73	7.77	8337693	64949572
2013/11/20	8.01	8.1	7.86	7.94	8446131	67136312
2013/11/19	8.21	8.25	7.96	8.04	9634503	77719232
2013/11/18	8.26	8.48	8.15	8.19	11280790	93166264
2013/11/15	7.93	8.27	7.9	8.1	10344513	83607056
2013/11/14	7.79	8.06	7.71	7.93	7387587	58340696
2013/11/13	8.27	8.27	7.87	7.89	9027150	73160312
2013/11/12	7.75	8.31	7.64	8.24	13630503	109585896
2013/11/11	7.58	7.76	7.48	7.74	5986704	45510796
2013/11/8	7.65	7.96	7.58	7.6	6892871	52918024
2013/11/7	8.01	8.06	7.69	7.7	10896025	84939104
2013/11/6	8.23	8.36	8.01	8.06	9873451	80452848
2013/11/5	8.17	8.33	8	8.28	10857437	88544088
2013/11/4	8.28	8.42	8.11	8.23	7852098	65173432
2013/11/1	8.2	8.47	7.74	8.22	13051434	106569408
2013/10/31	8.3	8.87	8.22	8.34	18325133	157392896
2013/10/30	7.81	8.58	7.66	8.35	18810698	153674944
2013/10/29	8.32	8.55	7.58	7.86	21278923	170139856
2013/10/28	9.12	9.25	8.21	8.42	20004088	173226816
2013/10/25	9.3	9.62	8.9	9.11	21915699	200776496
2013/10/24	8.71	9.79	8.58	9.47	33873944	317970688
2013/10/23	9.88	9.88	8.93	8.98	34433096	321575584
2013/10/22	9.25	9.78	9.15	9.78	53090590	505182208
2013/10/21	8.02	8.89	7.78	8.89	27386373	233987456
2013/10/18	8.3	9	7.55	8.08	38479938	315264384
2013/10/16	8.13	8.52	8.02	8.39	25181805	209663808
2013/10/15	7.52	8.11	7.52	8.11	22848308	179055488
2013/10/14	7.89	8.25	7.7	7.72	18793322	150043984
2013/10/11	7.8	8.15	7.61	7.99	17641625	139450160
2013/10/10	7.43	7.8	7.16	7.79	17890515	133551992
2013/10/9	7.15	7.43	7.06	7.43	17787664	131131648
2013/10/8	7.1	7.1	6.81	7.08	14417243	100863392
2013/9/30	6.7	6.89	6.65	6.89	10382587	71163464
2013/9/27	6.2	6.56	6.19	6.56	12627991	81815888
2013/9/26	6.48	6.55	6.2	6.25	13801371	86784720
2013/9/25	6.66	6.67	6.51	6.53	8042172	52904740
2013/9/24	6.68	6.86	6.45	6.6	11595086	77474616
2013/9/23	6.95	6.95	6.73	6.73	20078754	135456400
2013/9/18	7.27	7.57	7.01	7.08	25186689	181111392
2013/9/17	7.25	7.27	6.92	7.27	17103457	123989968
2013/8/16	6.79	7.1	6.76	6.92	34677769	242115696
2013/8/15	6.51	6.76	6.44	6.76	25016823	165972048
2013/8/14	6.13	6.44	6.1	6.44	20548017	130905536
2013/8/13	6.15	6.17	6.07	6.13	7339993	44885756
2013/8/12	6.07	6.19	6.05	6.16	8419336	51677280
2013/8/9	6.13	6.17	6.03	6.09	9014804	54929284
2013/8/8	6.2	6.23	6.13	6.15	7816816	48230312
2013/8/7	6.15	6.24	6.08	6.2	9863978	60807204
2013/8/6	6.2	6.21	6.07	6.18	9339097	57428280
2013/8/5	6.17	6.24	6.14	6.21	7157890	44269460
2013/8/2	6.11	6.27	6.06	6.12	9877508	60824436
2013/8/1	5.99	6.17	5.95	6.1	11522364	69924912
2013/7/31	5.99	6.09	5.91	5.99	12885316	77200456
2013/7/30	6.25	6.32	6.01	6.01	23109432	139939984
2013/7/29	6.58	6.58	6.33	6.33	15952108	101695752
2013/7/26	6.75	6.87	6.55	6.66	13354780	89373056
2013/7/25	6.75	6.94	6.66	6.7	16853009	114055680
2013/7/24	6.79	7.25	6.71	6.9	36585901	254733424
2013/7/23	6.32	6.98	6.32	6.98	58587561	388819840
2013/7/22	6.65	6.65	6.65	6.65	1828300	12158195
2013/7/19	8	9.38	7	7	85931781	714211520
2013/4/25	23.87	23.87	23.87	23.87	372712	8896635
2013/4/24	22.73	22.73	22.73	22.73	38813	882219.5
2013/4/23	21.65	21.65	21.65	21.65	24228	524536.19
2013/4/22	20.62	20.62	20.62	20.62	90294	1861862.25
2013/4/19	19.64	19.64	19.64	19.64	26210	514764.41
2012/12/14	18.08	18.8	18.08	18.7	1064630	19795136
2012/12/13	18.2	18.78	18	18.31	1660209	30673302
2012/12/12	17.41	18.4	17.38	18.39	1319860	23821654
2012/12/11	17.8	17.98	17.2	17.56	1856101	32582172
2012/12/10	16.93	17.88	16.9	17.7	2061857	36404308
2012/12/7	16.79	17.14	16.52	17.03	1437797	24375424
2012/12/6	16.12	16.95	16.12	16.8	2964971	49901548
2012/12/5	15.63	16.25	15.55	16.14	1371218	21896504
2012/12/4	15.35	15.62	15.3	15.6	768481	11917055
2012/12/3	14.79	15.77	14.79	15.4	1714166	26461248
2012/11/30	14.8	15.26	14.61	15.22	1400033	21028662
2012/11/29	14.68	15.27	14.21	14.75	1006691	15020364
2012/11/28	14.81	14.98	14.36	14.6	952659	13988909
2012/11/27	15	15.54	14.9	14.9	1544793	23439736
2012/11/26	14.71	15.43	14.65	15.29	2148859	32789940
2012/11/23	14.56	14.79	14.27	14.7	778821	11330270
2012/11/22	13.8	14.46	13.65	14.41	1031195	14613957
2012/11/21	13.6	13.97	13.41	13.89	744090	10157932
2012/11/20	13.6	13.8	13.4	13.71	775199	10556767
2012/11/19	13.72	13.86	13.04	13.73	1706054	22678734
2012/11/16	14.4	14.59	13.7	13.73	2486826	34375508
2012/11/15	14.98	15.12	14.41	14.42	1084286	15963258
2012/11/14	14.82	15	14.8	15	453217	6736836.5
2012/11/13	15.02	15.4	14.9	14.9	816176	12226185
2012/11/12	15.3	15.61	14.95	15.2	719797	10937930
2012/11/9	15.22	15.57	15.2	15.3	456644	7023382.5
2012/11/8	15.35	15.83	15	15.4	1223781	19080354
2012/11/7	15.73	15.73	15.33	15.39	1068545	16584418
2012/11/6	15.45	15.68	15.23	15.63	949853	14681692
2012/11/5	15.35	15.6	15.08	15.37	1525060	23394798
2012/11/2	14.99	15.46	14.85	15.42	1395819	21170230
2012/11/1	14.57	15	14.57	14.92	676419	10064389
2012/10/31	14.75	14.95	14.35	14.55	1213101	17854896
2012/10/30	14.92	15.09	14.79	14.79	902509	13476509
2012/10/29	14.77	15.05	14.64	14.99	1003606	14963951
2012/10/26	15.44	15.44	14.69	14.87	2519735	37688512
2012/10/25	15.05	15.79	14.93	15.45	2720584	41991580
2012/10/24	14.85	15.08	14.81	15.05	1769355	26515314
2012/10/23	14.73	15.05	14.62	14.93	2019219	30040654
2012/10/22	14.5	14.88	14.4	14.73	2038720	30011976
2012/10/19	14.41	14.64	14.3	14.58	1901372	27519430
2012/10/18	14.2	14.5	13.97	14.38	3606679	51376484
2012/10/17	14.14	14.3	13.57	14.29	4020229	55853600
2012/10/16	14.38	14.69	14.06	14.14	3675702	52805228
2012/10/15	13.88	14.83	13.88	14.48	6927510	99572904
2012/10/12	14.61	14.79	14.61	14.61	10034659	146717328
2012/10/11	15.38	15.38	15.38	15.38	69700	1071986
2012/10/10	16.19	16.19	16.19	16.19	80100	1296819
2012/10/9	17.04	17.04	17.04	17.04	64100	1092264
2012/10/8	17.94	17.94	17.94	17.94	17500	313950
2012/8/30	18.48	19.28	18.48	18.88	1765783	33287430
2012/8/29	17.7	18.54	17.61	18.48	1906451	34558544
2012/8/28	18.48	18.48	17.62	17.7	3502798	62383672
2012/8/27	18.58	18.79	17.99	18.55	1439569	26528082
2012/8/24	18.17	18.85	17.95	18.58	1771489	32677168
2012/8/23	18.01	18.88	18	18.2	2338433	43131920
2012/8/22	17.14	18.04	17.13	17.99	1690479	29947510
2012/8/21	17.7	18.18	17.28	17.29	3889876	69083776
2012/8/20	16.48	17.31	16.48	17.31	1548541	26634458
2012/8/17	15.72	16.49	15.72	16.49	1861723	30391744
2012/8/16	16.34	16.68	15.68	15.7	2374952	38188964
2012/8/15	15.77	16.52	15.6	16.51	2785029	45454212
2012/8/14	15.22	15.86	15.22	15.75	1924890	30049628
2012/8/13	15.3	15.88	14.86	15.32	2598767	39861116
2012/8/10	14.68	15.35	14.53	15.34	2655163	40092428
2012/8/9	14.17	14.78	14.11	14.62	1053197	15321397
2012/8/8	14.16	14.29	14.01	14.17	780697	11050779
2012/8/7	14.16	14.39	14.01	14.24	547562	7803473
2012/8/6	13.81	14.26	13.81	14.15	1000019	14106802
2012/8/3	13.51	14.04	13.51	14.04	1015102	14015548
2012/8/2	13.04	13.52	13.02	13.51	1800892	23903590
2012/8/1	12.72	13.96	12.72	13.2	3348755	44741620
2012/7/31	13.39	13.39	13.39	13.39	443900	5943821
2012/7/30	14.09	14.13	14.09	14.09	1489100	20982322
2012/7/27	15	15.45	14.73	14.83	2255625	33954992
2012/7/26	14.08	14.9	14.08	14.9	2493810	36763628
2012/7/25	13.95	14.3	13.86	14.19	923936	13053250
2012/7/24	13.89	14.14	13.85	14.05	401281	5609396
2012/7/23	14.12	14.24	13.84	14.03	1153814	16114674
2012/7/20	14.4	14.43	14.16	14.35	485170	6934841
2012/7/19	14.35	14.55	14.22	14.48	808458	11667023
2012/7/18	14.33	14.33	14.13	14.33	867710	12346838
2012/7/17	13.66	14.21	13.66	14.18	1111536	15500709
2012/7/16	14.54	14.54	13.82	13.82	1475854	20707670
2012/7/13	14.36	14.58	14.27	14.55	815226	11779660
2012/7/12	13.73	14.44	13.62	14.36	1610385	23010048
2012/7/11	13.4	13.85	13.05	13.75	734293	10060974
2012/7/10	13.62	13.97	13.39	13.49	883984	12089619
2012/7/9	13.9	14.27	13.68	13.7	731111	10170574
2012/7/6	13.89	14.3	13.71	14.03	1049926	14705118
2012/7/5	14.05	14.05	13.65	13.83	786609	10870026
2012/7/4	14.12	14.37	13.98	14.05	726622	10301046
2012/7/3	14.38	14.46	14.1	14.14	984834	14050736
2012/7/2	13.78	14.34	13.78	14.34	1061636	15063622
2012/6/29	13.5	13.94	13.29	13.8	1167616	16045691
2012/6/28	13.28	13.73	13.2	13.52	1176652	15954335
2012/6/27	13.73	13.88	13.22	13.28	1158874	15697051
2012/6/26	13.19	13.89	13.17	13.7	1144262	15552141
2012/6/25	13.96	13.96	13.33	13.33	1927263	26272618
2012/6/21	14.38	14.47	13.61	14.03	2010506	28032870
2012/6/20	14.3	14.49	14.15	14.33	1180623	16862162
2012/6/19	14.62	14.73	14.17	14.26	2311537	33186854
2012/6/18	13.85	14.63	13.85	14.63	3170013	46105436
2012/6/15	13.5	13.97	13.41	13.93	2067491	28204726
2012/6/14	12.78	13.91	12.7	13.59	4940782	65807404
2012/6/13	13.25	13.68	13.25	13.25	2146402	28517316
2012/6/5	13.29	13.95	13.11	13.95	4645074	63164580
2012/6/4	12.65	13.29	12.6	13.29	5943522	78289432
2012/6/1	12.68	12.85	12.52	12.66	1714632	21740676
2012/5/31	12.19	12.74	12.18	12.65	2239991	28085016
2012/5/30	12.08	12.2	12.04	12.14	936843	11349074
2012/5/29	11.99	12.17	11.88	12.11	879697	10637090
2012/5/28	11.9	11.95	11.5	11.92	1064060	12476415
2012/5/25	11.77	12.04	11.77	11.95	1061929	12655608
2012/5/24	11.95	11.95	11.75	11.76	789201	9318707
2012/5/23	11.9	12.04	11.82	11.95	885915	10579520
2012/5/22	12	12.12	11.8	11.93	1268610	15109120
2012/5/21	12.09	12.17	11.83	11.99	1769145	21199376
2012/5/18	11.7	12.33	11.66	12.09	3374665	40860936
2012/5/16	11.67	11.93	11.55	11.75	1903142	22448686
2012/5/15	11.38	11.74	11.35	11.67	1777969	20638492
2012/5/14	11.66	11.66	11.4	11.49	1522159	17495232
2012/5/11	11.29	11.76	11.18	11.55	1997412	23069630
2012/5/10	11.24	11.41	11.2	11.3	844927	9572803
2012/5/9	11.21	11.41	11.12	11.25	1167283	13138017
2012/5/8	11.28	11.38	11.11	11.25	953547	10729672
2012/5/7	11.04	11.28	11.04	11.22	1233080	13790247
2012/5/4	10.92	11.41	10.92	11.08	1717057	19256298
2012/5/3	11.25	11.25	10.74	11.01	2865172	31244898
2012/5/2	11.36	11.79	11.3	11.3	4155782	47382504
2012/4/27	11.33	11.9	10.76	11.89	3518110	39788268
2012/4/26	11.44	11.66	11.29	11.33	1719309	19744326
2012/4/25	10.87	11.28	10.72	11.28	2012527	22248710
2012/4/24	11.02	11.12	10.7	10.74	2993419	32497276
2012/4/23	11.81	11.86	11.26	11.26	1566603	18080228
2012/4/20	11.85	11.97	11.75	11.85	1447145	17145934
2012/4/19	11.81	12.15	11.75	11.83	1769025	21115440
2012/4/18	11.63	11.97	11.35	11.86	1844762	21497478
2012/4/17	12.01	12.1	11.51	11.63	1797827	21334060
2012/4/16	12	12.47	11.9	12.12	3005445	36631708
2012/4/13	11.48	11.98	11.2	11.98	2942592	34505332
2012/4/12	11.35	11.49	11.11	11.41	2006813	22623974
2012/4/11	11.22	11.77	11.18	11.35	3082135	35368944
2012/4/10	10.83	11.48	10.83	11.36	4141500	46642516
2012/4/9	10.19	10.94	10.19	10.93	3221224	34669808
2012/4/6	10.39	10.6	10.32	10.42	2584985	27052018
2012/3/30	10.12	10.3	9.78	10.22	3333398	33279132
2012/3/29	10.48	10.51	10.24	10.24	2470323	25428156
2012/3/28	11.34	11.35	10.78	10.78	2094515	23087000
2012/3/27	11.35	11.57	11.24	11.35	2054764	23507846
2012/3/26	11.51	11.64	11.16	11.28	2700463	30891978
2012/3/23	11.29	11.97	11.11	11.68	5065582	58381380
2012/3/22	11.32	11.83	11.32	11.53	8408712	96375960
2012/3/21	11.92	11.92	11.92	11.92	1128200	13448144
2012/3/20	12.55	12.55	12.55	12.55	319800	4013490
2012/3/19	13.21	13.21	13.21	13.21	187600	2478196
2012/3/16	13.9	13.9	13.9	13.9	121600	1690240
2010/4/21	13.96	14.74	13.96	14.63	1478245	21145636
2010/4/20	14	14.26	13.5	14.05	2075792	28775004
2010/4/19	14.77	14.83	14.03	14.05	2421466	34937072
2010/4/16	14.49	14.78	14.15	14.77	1308904	18971644
2010/4/15	14.92	15.02	14.15	14.58	1773170	25945768
2010/4/14	14.55	14.89	14.55	14.88	1111139	16441350
2010/4/13	15.37	15.37	14.57	14.68	4237452	62773100
2010/4/12	14.9	15.34	14.8	15.34	3675738	56145624
2010/4/9	14.51	14.73	14.34	14.61	1751797	25465738
2010/4/8	14.72	14.88	14.52	14.62	1511105	22226986
2010/4/7	14.2	14.77	14.2	14.64	1366660	19946812
2010/4/6	14.35	14.65	14.1	14.35	1540247	22164392
2010/4/2	14.22	14.46	14.1	14.35	1770409	25341706
2010/4/1	13.8	14.2	13.71	14.16	2282135	31874818
2010/3/31	13.7	13.97	13.7	13.8	1186529	16401496
2010/3/30	13.83	13.95	13.68	13.85	1401434	19328020
2010/3/29	14.12	14.18	13.61	13.92	2176511	30150494
2010/3/26	13.99	14.17	13.9	14.09	1901837	26670752
2010/3/25	13.6	14.13	13.59	13.98	2309665	32148726
2010/3/24	13.6	13.75	13.46	13.66	1700492	23109176
2010/3/23	13.65	13.8	13.52	13.72	1802730	24684930
2010/3/22	13.17	13.88	13.11	13.69	2807971	38337176
2010/3/19	12.97	13.34	12.95	13.23	1841158	24193970
2010/3/18	13.18	13.35	13.04	13.06	2367378	31237906
2010/3/17	12.85	13.04	12.78	13.03	1532009	19828042
2010/3/16	12.86	12.98	12.45	12.85	1996102	25443190
2010/3/15	12.96	13.09	12.63	12.92	2069835	26551310
2010/3/12	12.9	13.3	12.77	13.09	3433648	44889692
2010/3/11	12.59	13	12.52	12.87	2586000	33142740
2010/3/10	12.5	12.61	12.36	12.59	1570334	19638716
2010/3/9	12.6	12.6	12.32	12.53	1390283	17302366
2010/3/8	12.52	12.69	12.49	12.6	1395476	17576560
2010/3/5	12.41	12.55	12.16	12.49	1593940	19809872
2010/3/4	12.91	13.09	12.41	12.41	3759053	47440056
2010/3/3	13.01	13.2	12.77	13.06	3455703	44700096
2010/3/2	12.41	13.07	12.41	13.07	6874049	88800440
2010/3/1	12.53	12.59	12.41	12.45	1919306	23966524
2010/2/26	12.38	12.6	12.3	12.49	1802358	22458296
2010/2/25	12.31	12.46	12.12	12.4	1695325	20958434
2010/2/24	11.92	12.45	11.92	12.37	2555370	31329300
2010/2/23	12.08	12.08	11.8	11.99	1125623	13401964
2010/2/22	11.89	12.17	11.88	12.04	1644024	19737682
2010/2/12	12	12.05	11.85	11.96	1490080	17794516
2010/2/11	11.75	12.05	11.69	11.96	1473817	17505030
2010/2/10	11.5	11.83	11.48	11.82	1336165	15584578
2010/2/9	11.81	11.9	11.36	11.45	1631153	18886566
2010/2/8	11.9	12.1	11.78	11.88	1756109	20933646
2010/2/5	11.81	12.06	11.65	11.9	2079016	24641006
2010/2/4	11.88	12.14	11.8	12.08	2783312	33358340
2010/2/2	11.68	12.07	11.68	11.85	2074464	24632102
2010/2/1	11.4	11.81	11.38	11.75	1773347	20593484
2010/1/29	11.23	11.45	11.23	11.42	1566582	17775012
2010/1/28	11.18	11.49	11.18	11.29	1319510	14958719
2010/1/27	11.73	11.76	11.21	11.27	2002937	22803260
2010/1/26	12.31	12.39	11.73	11.73	3254000	38720496
2010/1/25	12.29	12.85	12.1	12.35	2859112	35757520
2010/1/22	12.1	12.68	11.92	12.33	3664982	45036916
2010/1/21	11.98	12.38	11.86	12.32	2896684	35016892
2010/1/20	12.19	12.35	11.73	12.01	3835180	46579968
2010/1/19	12.45	12.5	12.13	12.2	3424110	42038784
2010/1/18	12.02	12.58	12.02	12.45	4963599	61163528
2010/1/15	11.96	12.15	11.85	12.02	3195771	38402460
2010/1/14	11.77	11.95	11.68	11.92	3140613	37270612
2010/1/13	11.66	11.98	11.66	11.79	2757609	32593382
2010/1/12	11.65	11.93	11.47	11.88	3256611	38195796
2010/1/11	11.68	11.75	11.48	11.54	1960476	22754048
2010/1/8	11.15	11.46	11.03	11.46	1101912	12451286
2010/1/7	11.73	11.77	11.13	11.26	2203319	25100012
2010/1/6	11.61	11.73	11.55	11.72	1515349	17627536
2010/1/5	11.81	11.85	11.52	11.6	1762319	20520166
2010/1/4	11.95	12.08	11.79	11.81	1920679	22836716
2009/12/31	11.8	11.99	11.78	11.86	1999541	23748268
2009/12/30	11.72	12	11.52	11.9	2702524	31765178
2009/12/29	11.63	11.83	11.48	11.63	1956378	22776372
2009/12/28	11.5	11.85	11.36	11.7	1963297	22949512
2009/12/25	11.12	11.5	11.08	11.37	1675091	18966950
2009/12/24	10.77	11.19	10.76	11.08	1473017	16205652
2009/12/23	10.6	10.88	10.6	10.82	1196852	12886404
2009/12/22	10.99	11	10.5	10.58	1412830	15178555
2009/12/21	10.67	11.07	10.67	10.98	1654591	18062490
2009/12/18	11	11.27	10.72	10.72	2236424	24588358
2009/12/17	11.9	11.94	11.28	11.28	2589494	29763108
2009/12/16	12.37	12.37	11.76	11.87	3015167	35957284
2009/12/15	12	12.25	11.92	12.1	3181593	38436824
2009/12/14	11.6	12	11.5	11.94	3661205	43137232
2009/12/11	11.53	11.78	11.44	11.58	2743087	31819734
2009/12/10	11.22	11.66	11.22	11.52	4188762	48062944
2009/12/9	11.12	11.28	10.91	11.22	2288021	25569844
2009/12/8	11.1	11.22	10.88	11.09	1896689	20929818
2009/12/7	10.87	11.3	10.7	11.09	2659891	29482894
2009/12/4	11.42	11.59	10.88	10.95	4797325	53392376
2009/12/3	11.45	11.59	11.22	11.45	2727171	31102378
2009/12/2	11.15	11.67	11.15	11.42	3440895	39369516
2009/12/1	10.84	11.2	10.82	11.15	2644496	29225278
2009/11/30	10.6	10.99	10.5	10.98	2902781	31255800
2009/11/27	10.8	10.94	10.5	10.5	4272368	45318736
2009/11/26	11.58	12.1	10.99	11.05	4523135	52178908
2009/11/25	11.36	11.63	10.97	11.57	4815789	54541960
2009/11/24	12.02	12.49	11.55	11.55	6053948	72209640
2009/11/23	11.75	12.18	11.62	12.16	4053237	48424716
2009/11/20	11.4	11.84	11.32	11.7	3791476	44207736
2009/11/19	11.48	11.58	11.24	11.37	2817528	32016378
2009/11/18	11.22	11.67	11.12	11.41	3704147	42315968
2009/11/17	11.43	11.43	11.05	11.21	3639024	40864088
2009/11/13	11.42	11.53	11.01	11.19	4512401	50824268
2009/11/12	10.88	11.42	10.87	11.41	7740445	87928624
2009/11/11	10.52	10.95	10.52	10.88	3014230	32620110
2009/11/10	11.19	11.19	10.57	10.6	5004893	53798032
2009/11/9	10.9	11.28	10.9	11.09	3942250	43718412
2009/11/6	10.51	11.05	10.51	10.95	4328394	46967044
2009/11/5	10.48	10.65	10.3	10.53	4356915	45730900
2009/11/4	10.8	11.18	10.46	10.52	7721294	83574464
2009/11/3	10.16	10.65	10.04	10.65	4183339	43542392
2009/11/2	9.6	10.19	9.57	10.14	3128557	31265106
2009/10/30	9.66	9.95	9.66	9.79	2414089	23701548
2009/10/29	9.6	10.01	9.49	9.64	3674500	36047988
2009/10/28	9.3	9.71	9.27	9.71	4229976	40376288
2009/10/27	9.16	9.45	9.05	9.25	3068836	28554476
2009/10/26	9.25	9.27	9.14	9.22	1489689	13679888
2009/10/23	9.2	9.33	9.17	9.21	2089990	19295658
2009/10/22	9.37	9.45	9.06	9.16	2468512	22758686
2009/10/21	9.32	9.69	9.3	9.46	2338828	22184142
2009/10/20	9.39	9.49	9.32	9.33	1675006	15727377
2009/10/19	9.27	9.47	9.23	9.4	2471551	23097878
2009/10/16	8.94	9.39	8.92	9.39	2921332	26829070
2009/10/15	8.98	9.08	8.88	8.94	1576100	14140452
2009/10/14	8.95	9.09	8.85	8.88	1878635	16867100
2009/10/13	8.58	8.96	8.58	8.96	1621452	14344325
2009/10/12	8.59	8.8	8.5	8.62	1288245	11159242
2009/10/9	8.38	8.61	8.29	8.6	1917015	16212140
2009/9/30	8.25	8.42	8.15	8.25	1529448	12671405
2009/9/29	8.5	8.58	8.15	8.2	2439209	20087252
2009/9/28	8.99	9.09	8.51	8.58	1697644	15078231
2009/9/25	8.91	9.37	8.85	8.96	2404812	22015524
2009/9/24	8.65	9.03	8.48	8.98	3555927	31686244
2009/9/23	8.75	8.96	8.53	8.6	1646176	14424550
2009/9/22	8.91	9.19	8.6	8.87	2111231	19036072
2009/9/21	8.98	9.2	8.61	8.91	2847849	25500946
2009/9/18	8.8	9.22	8.77	9.04	4639790	41788220
2009/9/17	8.55	8.88	8.45	8.78	2328547	20248098
2009/9/16	8.5	8.65	8.37	8.55	1746750	14820374
2009/9/15	8.46	8.7	8.34	8.58	2192467	18753686
2009/9/14	8.27	8.58	8.21	8.45	2270923	19139816
2009/9/11	8.1	8.27	8.08	8.27	2016348	16476880
2009/9/10	8	8.16	7.9	8.1	1636971	13180796
2009/9/9	8.02	8.05	7.88	8.03	1431812	11438139
2009/9/8	7.91	8.08	7.81	8.02	1242711	9895147
2009/9/7	7.91	8.08	7.88	7.92	1534892	12248923
2009/9/4	7.74	7.98	7.7	7.93	1876092	14672227
2009/9/3	7.57	7.82	7.56	7.81	1800156	13855572
2009/9/2	7.4	7.57	7.24	7.45	1133686	8424610
2009/9/1	7.51	7.7	7.47	7.47	2148049	16159573
2009/8/31	8.16	8.16	7.86	7.86	1014704	8001557.5
2009/8/28	8.2	8.38	8.12	8.27	2384986	19717674
2009/8/27	8.03	8.29	8	8.2	2473237	20112478
2009/8/26	7.81	8.1	7.68	8.05	2147563	17149964
2009/8/25	8.11	8.11	7.7	7.78	2815028	21894172
2009/8/24	7.91	8.2	7.86	8.11	2186217	17583528
2009/8/21	7.77	7.98	7.67	7.94	2354987	18526046
2009/8/20	7.72	8.1	7.35	7.84	3314034	25444862
2009/8/19	7.71	8.06	7.71	7.71	3934124	30665416
2009/8/18	8.12	8.12	8.12	8.12	234400	1903328
2009/8/17	8.61	8.61	8.55	8.55	830200	7106014
2009/8/14	9.45	9.55	8.95	9	3796858	34567248
2009/8/13	9.42	9.51	9.11	9.42	2548678	23646862
2009/8/12	10	10	9.55	9.55	2262919	21891308
2009/8/11	9.9	10.15	9.75	10.05	2706743	26849226
2009/8/10	10.25	10.27	9.8	9.87	6707485	67529160
2009/8/7	9.79	10.2	9.78	10.2	7535251	76661208
2009/8/6	9.8	9.89	9.58	9.71	2536984	24602410
2009/8/5	9.64	9.92	9.58	9.84	3682443	36027960
2009/8/4	9.68	9.8	9.46	9.64	1820248	17516710
2009/8/3	9.45	9.72	9.42	9.64	2227180	21409796
2009/7/31	9.23	9.55	9.22	9.55	2092942	19642734
2009/7/30	9.39	9.53	8.96	9.2	2648797	24387934
2009/7/29	9.92	9.97	9.42	9.42	3852988	37169316
2009/7/28	9.7	9.94	9.62	9.92	3409470	33426872
2009/7/27	9.55	9.74	9.55	9.69	2350778	22685876
2009/7/24	9.71	9.88	9.32	9.58	3156754	30423398
2009/7/23	9.76	9.79	9.61	9.71	2031065	19650542
2009/7/22	9.58	9.83	9.58	9.76	2051676	19960862
2009/7/21	10.04	10.04	9.55	9.62	3219683	31495174
2009/7/20	9.8	10.05	9.78	9.99	4188796	41751612
2009/7/17	9.76	9.95	9.73	9.8	2073962	20375098
2009/7/16	9.96	9.99	9.73	9.78	3511918	34541216
2009/7/15	10.17	10.33	9.95	9.99	4055158	41020208
2009/7/14	9.9	10.24	9.89	10.11	4474757	45016952
2009/7/13	9.88	10.12	9.81	9.94	4423576	43877640
2009/7/10	9.66	9.97	9.57	9.9	4041282	39681720
2009/7/9	9.36	9.67	9.28	9.62	3986300	38085552
2009/7/8	9.43	9.43	9.21	9.37	2055303	19099836
2009/7/7	9.5	9.5	9.29	9.37	1863924	17508652
2009/7/6	9.3	9.57	9.2	9.43	2371372	22363594
2009/7/3	9.24	9.34	9.14	9.3	1248385	11557609
2009/7/2	9.24	9.35	9.17	9.2	1531285	14168905
2009/7/1	8.98	9.28	8.93	9.25	2216221	20351322
2009/6/30	9.33	9.34	8.86	8.95	3165528	28718482
2009/6/29	9.24	9.38	9.24	9.33	1658975	15454826
2009/6/26	9.45	9.46	9.24	9.29	1916478	17852082
2009/6/25	9.4	9.47	9.34	9.43	1202865	11311111
2009/6/24	9.48	9.49	9.31	9.4	1537547	14425415
2009/6/23	9.3	9.53	9.24	9.46	1427880	13462561
2009/6/22	9.61	9.61	9.3	9.38	2576596	24219534
2009/6/19	9.8	9.8	9.48	9.5	3591298	34369464
2009/6/18	9.88	9.95	9.7	9.78	3632645	35673288
2009/6/17	9.75	9.94	9.66	9.85	2071570	20369336
2009/6/16	9.89	10.06	9.65	9.69	2609054	25676726
2009/6/15	9.63	9.98	9.48	9.93	2854658	28015072
2009/6/12	9.75	9.98	9.45	9.55	3662587	35401688
2009/6/11	10.05	10.2	9.75	9.75	4557028	45515644
2009/6/10	9.6	10.05	9.55	10.05	5244281	52230252
2009/6/9	9.3	9.7	9.3	9.57	2759907	26289162
2009/6/8	9.49	9.52	9.21	9.38	1603471	14994330
2009/6/5	9.51	9.57	9.35	9.48	2223874	21085292
2009/6/4	9.4	9.51	9.23	9.46	2649932	24903592
2009/6/3	9.27	9.49	9.13	9.39	1583040	14839335
2009/6/2	9.39	9.39	9.08	9.27	1708516	15769537
2009/6/1	9.21	9.53	9.21	9.35	1836403	17248216
2009/5/27	9.11	9.25	9.11	9.2	1237022	11357065
2009/5/26	9.1	9.25	8.98	9.11	2150650	19606068
2009/5/25	8.89	9.17	8.84	9.03	2480119	22155860
2009/5/22	9.39	9.47	9.2	9.3	1264819	11807513
2009/5/21	9.52	9.72	9.32	9.39	2207700	20995306
2009/5/20	9.89	9.89	9.5	9.53	2005200	19433434
2009/5/19	9.68	10	9.61	9.85	2886100	28402288
2009/5/18	9.55	9.64	9.35	9.6	1305200	12388571
2009/5/15	9.6	9.68	9.48	9.65	1388700	13264664
2009/5/14	9.75	9.75	9.42	9.5	1994400	19007912
2009/5/12	9.34	9.8	9.25	9.8	3212100	30779726
2009/5/11	9.76	9.76	9.27	9.33	2868300	27069142
2009/5/8	9.6	9.85	9.4	9.69	2683900	25981148
2009/5/7	10.13	10.19	9.58	9.63	5612400	54449444
2009/5/6	10.19	10.27	9.93	10.08	2816100	28503388
2009/5/5	9.74	10.22	9.7	10.2	3541600	35422408
2009/5/4	9.67	9.89	9.6	9.74	3045400	29680006
2009/4/30	9.49	9.64	9.35	9.64	4522700	43229868
2009/4/29	8.85	9.18	8.85	9.18	1735600	15795539
2009/4/28	9.22	9.22	8.71	8.74	3254200	28671918
2009/4/27	9.83	9.85	9.17	9.17	3714400	34367004
2009/4/24	9.68	9.97	9.52	9.65	3910700	38113848
2009/4/23	10	10.05	9.62	9.62	7291000	70527440
2009/4/22	10.39	10.63	9.61	10.13	7971400	82972816
2009/4/21	9.58	10.12	9.41	10.12	6782200	68026320
2009/4/20	9.33	9.78	9.2	9.64	3010400	28902924
2009/4/17	9.4	9.72	9.3	9.42	4335400	41240128
2009/4/16	9.58	9.79	9.31	9.32	4901400	45976112
2009/4/15	9.85	10.05	9.39	9.8	4378100	42703448
2009/4/14	9.4	9.75	9.25	9.75	4498400	43430404
2009/4/13	9.27	9.48	9.14	9.29	4256100	39538964
2009/4/10	9.15	9.23	8.89	9.23	6425100	59223312
2009/4/9	8.4	8.79	8.33	8.79	4572500	39849124
2009/4/8	8.32	8.71	8.25	8.37	2025700	17223342
2009/4/7	8.21	8.34	8.2	8.3	1156200	9558209
2009/4/3	8.45	8.45	8.18	8.3	1788700	14830329
2009/4/2	8.6	8.6	8.22	8.5	2614000	21932876
2009/4/1	8.5	8.63	8.41	8.61	2106700	17935122
2009/3/31	8.48	8.59	8.3	8.59	5747400	47908932
2009/3/30	8.7	8.85	8.58	8.74	2525500	22049824
2009/3/27	8.38	8.73	8.21	8.73	2867000	24642864
2009/3/26	8.29	8.35	8.18	8.31	2426000	20046186
2009/3/25	7.97	8.28	7.97	8.27	4064000	33366552
2009/3/24	7.94	7.97	7.78	7.89	3252500	25505950
2009/3/23	7.92	7.97	7.75	7.97	4533600	35887092
2009/3/20	7.54	7.69	7.43	7.59	2356200	17812554
2009/3/19	7.45	7.72	7.26	7.6	3430100	25783870
2009/3/18	7.5	7.62	7.18	7.42	6665200	49686252
2009/3/17	6.93	7.26	6.91	7.26	1342300	9657408
2009/3/16	6.8	7.03	6.71	6.91	1180200	8176797.5
2009/3/13	7.03	7.08	6.81	6.85	2104500	14578243
2009/3/12	6.79	7.1	6.57	7.03	3280100	22442882
2009/3/11	6.97	6.98	6.76	6.8	1812700	12446059
2009/3/10	6.66	6.93	6.54	6.91	2525000	16852522
2009/3/9	7.18	7.18	6.84	6.84	3345400	23178404
2009/3/6	7.03	7.29	6.91	7.2	4025600	28701556
2009/3/5	6.99	6.99	6.89	6.99	4214500	29441542
2009/3/4	6.43	6.66	6.31	6.66	1820500	12055702
2009/3/3	6.24	6.47	6.15	6.34	950900	6005579.5
2009/3/2	6.29	6.57	6.05	6.36	1821200	11639970
2009/2/27	6.31	6.58	6.08	6.33	2782800	17698838
2009/2/26	6.54	6.65	6.27	6.4	2253100	14557011
2009/2/25	6.66	6.8	6.42	6.6	1396000	9181303
2009/2/24	6.88	7.1	6.61	6.66	2668200	18332330
2009/2/23	6.69	6.99	6.69	6.92	1361900	9357323
2009/2/20	6.59	6.75	6.52	6.72	1243100	8296525
2009/2/19	6.6	6.68	6.45	6.66	1335000	8733258
2009/2/18	6.81	6.97	6.54	6.58	2350700	15737004
2009/2/17	6.97	7.26	6.75	6.88	2973100	20743586
2009/2/16	7.04	7.29	6.87	7.03	3002400	21162616
2009/2/13	6.8	7	6.7	6.99	2770300	18982132
2009/2/12	6.45	6.8	6.41	6.8	3184900	21228570
2009/2/11	6.3	6.64	6.21	6.48	2646400	16971414
2009/2/10	6.36	6.42	6.2	6.4	1846200	11671683
2009/2/9	6.44	6.5	6.23	6.37	2650200	16833354
2009/2/6	6.27	6.4	6.15	6.4	2933400	18327008
2009/2/5	6.09	6.22	6.01	6.22	4350500	27015272
2009/2/3	5.9	6.04	5.9	5.92	1794100	10678958
2009/2/2	5.8	5.97	5.7	5.88	1175800	6920756
2009/1/23	5.75	5.95	5.7	5.76	1248000	7253204
2009/1/22	5.66	5.8	5.66	5.75	952600	5473468
2009/1/21	5.67	5.71	5.6	5.67	759000	4295681.5
2009/1/20	5.65	5.68	5.57	5.68	375900	2109945.75
2009/1/19	5.76	5.76	5.57	5.64	726300	4107378
2009/1/16	5.58	5.82	5.51	5.76	1549900	8785804
2009/1/15	5.5	5.57	5.47	5.56	736100	4063985
2009/1/14	5.44	5.61	5.39	5.51	807300	4455756
2009/1/13	5.51	5.61	5.41	5.41	712100	3919174
2009/1/12	5.6	5.68	5.46	5.55	818000	4580399.5
2009/1/9	5.58	5.65	5.48	5.59	614200	3420932.5
2009/1/8	5.4	5.68	5.36	5.55	668200	3692379.5
2009/1/7	5.35	5.53	5.32	5.48	541000	2930366.75
2009/1/6	5.22	5.46	5.22	5.37	492900	2635914.75
2009/1/5	5.25	5.27	5.13	5.26	468600	2446193.75

:						
000010 *ST  						
      	    	    	    	    	    	    