000001	平安银行	1.21	15.90	0.19	15.90	15.91	1007706	13071	0.00	0.59	15.85	
000002	万科Ａ	-0.84	26.00	-0.22	26.00	26.01	397930	8578	0.00	0.41	26.21	
000004	国农科技	1.51	18.88	0.28	18.88	18.89	6679	179	0.27	0.81	18.68	
000005	世纪星源	1.94	3.16	0.06	3.15	3.16	84953	2007	0.00	0.80	3.14	
000006	深振业Ａ	0.00	5.10	0.00	5.10	5.11	57092	1358	0.20	0.42	5.12	
000007	全新好	-1.97	8.46	-0.17	8.46	8.47	86867	1637	-0.93	2.81	8.30	
000008	神州高铁	0.29	3.48	0.01	3.48	3.49	969799	4027	0.29	3.74	3.47	
000009	中国宝安	1.35	4.50	0.06	4.50	4.51	113796	888	0.00	0.45	4.49	
000010	*ST美丽	-0.59	3.37	-0.02	3.37	3.38	7031	60	0.60	0.13	3.30	
000011	深物业Ａ	0.21	9.75	0.02	9.74	9.75	17551	269	-0.09	0.33	9.80	
000012	南玻Ａ	0.71	4.26	0.03	4.25	4.26	72632	1069	0.24	0.37	4.23	
000014	沙河股份	-1.14	9.54	-0.11	9.53	9.54	28877	669	0.21	1.43	9.64	
000016	深康佳Ａ	1.44	4.22	0.06	4.22	4.23	81515	616	-0.23	0.51	4.15	
000017	深中华Ａ	2.74	4.87	0.13	4.86	4.87	95317	898	0.00	3.15	4.76	
000018	*ST神城	-1.02	0.97	-0.01	0.97	0.98	253258	2472	-1.01	2.54	0.98	
000019	深粮控股	0.82	6.15	0.05	6.15	6.16	22073	734	-0.15	0.53	6.12	
000020	深华发Ａ	3.30	11.27	0.36	11.27	11.28	15952	172	-0.08	0.88	10.91	
000021	深科技	4.06	11.28	0.44	11.28	11.29	509269	5408	-0.17	3.47	10.80	
000023	深天地Ａ	2.87	13.25	0.37	13.25	13.26	20573	388	0.23	1.48	12.98	
000025	特力Ａ	-0.15	20.47	-0.03	20.47	20.48	30386	851	-0.04	0.77	20.38
000026	飞亚达Ａ	4.79	7.87	0.36	7.86	7.87	58126	683	0.00	1.63	7.55	
000027	深圳能源	-1.70	5.79	-0.10	5.78	5.79	68889	777	0.00	0.17	5.85	
000028	国药一致	-0.73	43.33	-0.32	43.33	43.41	19734	316	-0.22	0.64	43.43	
000029	深深房Ａ	--	10.97	--	--	0	0	--	--	--  	
000030	富奥股份	-0.85	4.69	-0.04	4.68	4.69	18037	228	-0.20	0.10	4.79	
000031	大悦城	0.00	6.71	0.00	6.71	6.72	73681	458	-0.14	0.41	6.71	
000032	深桑达Ａ	1.76	11.55	0.20	11.54	11.55	49187	287	-0.08	1.20	11.31	
000034	神州数码	2.72	16.23	0.43	16.23	16.26	146648	1906	-0.17	3.02	15.78	
000035	中国天楹	-1.52	5.83	-0.09	5.83	5.84	79927	1180	-0.16	0.62	5.89	
000036	华联控股	0.00	4.14	0.00	4.14	4.15	36073	389	0.00	0.24	4.13	
000037	深南电Ａ	2.49	13.98	0.34	13.96	13.98	16808	522	0.22	0.50	13.46	
000038	深大通	0.33	12.11	0.04	12.11	12.12	109749	2288	-0.24	4.79	12.22	
000039	中集集团	0.62	9.78	0.06	9.78	9.79	42934	465	0.10	0.28	9.70	
000040	东旭蓝天	0.39	5.20	0.02	5.19	5.20	114540	1521	0.19	1.08	5.19	
000042	中洲控股	2.66	9.27	0.24	9.27	9.28	7415	41	-0.10	0.11	9.04	
000043	中航善达	5.29	17.32	0.87	17.31	17.32	121682	1038	-0.16	1.82	16.40	
000045	深纺织Ａ	-0.40	7.40	-0.03	7.40	7.41	43299	1416	-0.26	0.95	7.39	
000046	泛海控股	0.69	4.37	0.03	4.37	4.38	158129	3298	0.23	0.31	4.34	
000048	*ST康达	3.50	25.71	0.87	25.70	25.71	16646	132	-0.22	0.43	24.92	
000049	德赛电池	4.64	41.30	1.83	41.29	41.30	105038	946	0.34	5.12	39.65	
000050	深天马Ａ	1.22	14.07	0.17	14.07	14.08	150357	2218	0.00	0.82	13.98	
000055	方大集团	1.30	4.67	0.06	4.66	4.67	26495	252	0.00	0.39	4.63	
000056	皇庭国际	0.86	4.67	0.04	4.66	4.67	140391	1848	0.00	1.55	4.66	
000058	深赛格	0.48	8.37	0.04	8.37	8.38	264878	5960	0.24	4.92	8.33	
000059	华锦股份	0.00	5.74	0.00	5.74	5.75	39030	2519	-0.16	0.24	5.74	
000060	中金岭南	0.74	4.07	0.03	4.07	4.08	143992	875	0.00	0.40	4.04	
000061	农产品	-0.58	5.17	-0.03	5.16	5.17	46504	547	0.00	0.27	5.23	
000062	深圳华强	1.93	14.81	0.28	14.81	14.82	89938	841	-0.39	0.86	14.71	
000063	中兴通讯	1.81	33.20	0.59	33.20	33.21	581602	8045	0.06	1.69	32.51	
000065	北方国际	1.77	8.63	0.15	8.62	8.63	33280	979	0.00	0.53	8.52	
000066	中国长城	1.52	13.40	0.20	13.40	13.41	1583487	32960	-0.29	6.36	13.11	
000068	华控赛格	1.24	4.07	0.05	4.07	4.08	93351	1619	-0.24	0.93	4.04	
000069	华侨城Ａ	-0.98	7.10	-0.07	7.10	7.11	234618	512	0.14	0.33	7.20	
000070	特发信息	-0.41	12.19	-0.05	12.19	12.20	245621	4014	-0.15	3.16	12.03	
000078	海王生物	0.30	3.33	0.01	3.33	3.34	56924	315	-0.29	0.22	3.32	
000088	盐田港	1.21	5.85	0.07	5.84	5.85	25765	538	0.17	0.13	5.77	
000089	深圳机场	-0.63	11.00	-0.07	11.00	11.01	252802	5109	0.36	1.23	11.11	
000090	天健集团	0.58	5.22	0.03	5.22	5.23	53341	1196	0.00	0.29	5.16	
000096	广聚能源	1.50	10.12	0.15	10.12	10.14	9432	106	-0.29	0.18	9.96	
000099	中信海直	1.78	7.45	0.13	7.44	7.45	34080	594	0.00	0.56	7.37	
000100	TCL集团	1.11	3.65	0.04	3.65	3.66	1484180	34618	0.27	1.17	3.61	
000150	宜华健康	2.67	5.39	0.14	5.39	5.40	166305	1146	0.00	2.06	5.26	
000151	中成股份	0.20	9.80	0.02	9.80	9.81	16039	240	-0.09	0.60	9.84	
000153	丰原药业	0.99	6.13	0.06	6.13	6.15	17044	130	-0.32	0.55	6.07	
000155	川能动力	2.30	4.00	0.09	4.00	4.01	61569	1364	0.00	0.48	3.93	
000156	华数传媒	-0.11	9.46	-0.01	9.46	9.47	31850	266	0.32	0.25	9.47	
000157	中联重科	-0.18	5.69	-0.01	5.69	5.70	166641	3081	-0.17	0.27	5.72	
000158	常山北明	0.37	5.43	0.02	5.43	5.44	85258	1731	-0.17	0.52	5.45	
000159	国际实业	0.31	6.57	0.02	6.56	6.57	82195	1831	0.15	1.71	6.61	
000166	申万宏源	0.21	4.81	0.01	4.81	4.82	212108	2162	0.00	0.09	4.80	
000301	东方盛虹	-0.96	5.15	-0.05	5.15	5.16	43577	325	-0.18	0.36	5.19	
000333	美的集团	0.63	51.32	0.32	51.31	51.32	199733	2390	0.10	0.29	51.00	
000338	潍柴动力	0.80	11.33	0.09	11.32	11.33	243428	1620	0.27	0.57	11.25	
000400	许继电气	-1.16	8.51	-0.10	8.51	8.52	52484	1105	-0.11	0.52	8.61	
000401	冀东水泥	-0.46	15.31	-0.07	15.31	15.32	117928	1018	-0.06	0.88	15.38	
000402	金融街	-1.05	7.57	-0.08	7.57	7.58	54642	727	0.26	0.18	7.65	
000403	振兴生化	-1.34	32.34	-0.44	32.34	32.35	11425	131	0.25	0.42	32.01	
000404	长虹华意	0.78	3.88	0.03	3.88	3.89	22661	167	-0.25	0.33	3.86	
000407	胜利股份	0.00	3.42	0.00	3.42	3.43	46275	330	-0.28	0.53	3.41	
000408	藏格控股	0.00	8.56	0.00	8.56	8.57	36017	376	0.00	0.78	8.45	
000409	*ST地矿	0.00	5.68	0.00	5.67	5.68	55480	3147	1.97	1.37	5.68	
000410	*ST沈机	-5.03	6.61	-0.35	--  	6.61	182178	571	0.00	2.46	6.76	
000411	英特集团	4.33	13.25	0.55	13.23	13.25	22309	248	-0.44	1.08	12.67	
000413	东旭光电	6.80	5.81	0.37	5.80	5.81	2574580	37925	0.00	5.29	5.39	
000415	渤海租赁	0.28	3.63	0.01	3.62	3.63	77287	955	0.28	0.22	3.62	
000416	民生控股	0.72	5.59	0.04	5.59	5.60	43118	728	0.00	0.81	5.56	
000417	合肥百货	0.68	4.46	0.03	4.46	4.48	26463	1222	-0.21	0.34	4.45	
000419	通程控股	1.64	4.33	0.07	4.32	4.33	15002	248	0.46	0.28	4.26	
000420	吉林化纤	0.44	2.27	0.01	2.26	2.27	38285	79	0.44	0.21	2.25	
000421	南京公用	0.23	4.31	0.01	4.31	4.32	20692	47	-0.22	0.36	4.31	
000422	*ST宜化	0.35	2.84	0.01	2.83	2.84	35378	166	0.00	0.39	2.83	
000423	东阿阿胶	0.30	30.45	0.09	30.44	30.45	19829	131	0.03	0.30	30.41	
000425	徐工机械	-0.88	4.48	-0.04	4.47	4.48	474717	4664	0.22	0.68	4.52	
000426	兴业矿业	0.18	5.43	0.01	5.42	5.43	102515	2688	0.37	0.79	5.43	
000428	华天酒店	2.33	2.64	0.06	2.63	2.64	13997	835	0.76	0.14	2.58	
000429	粤高速Ａ	0.13	7.67	0.01	7.66	7.67	20094	212	0.00	0.15	7.65	
000430	张家界	0.00	5.41	0.00	5.41	5.42	22086	346	0.37	0.67	5.43	
000488	晨鸣纸业	0.21	4.76	0.01	4.75	4.76	58215	753	0.00	0.35	4.76	
000498	山东路桥	0.63	4.83	0.03	4.83	4.84	27541	692	0.21	0.25	4.81	
000501	鄂武商Ａ	-0.69	10.03	-0.07	10.03	10.04	27290	843	0.10	0.36	10.04	
000502	绿景控股	1.49	6.83	0.10	6.81	6.83	15303	114	0.15	0.83	6.73	
000503	国新健康	2.84	17.72	0.49	17.72	17.73	172394	1585	0.06	1.92	17.25	
000504	*ST生物	-0.46	8.72	-0.04	8.71	8.72	2391	113	0.23	0.08	8.68	
000505	京粮控股	0.55	5.52	0.03	5.51	5.52	23753	680	-0.17	0.58	5.53	
000506	中润资源	1.41	2.88	0.04	2.87	2.88	119828	3362	-0.34	1.29	2.83	
000507	珠海港	1.30	5.45	0.07	5.44	5.45	19344	411	0.18	0.25	5.39	
000509	华塑控股	0.41	2.47	0.01	2.47	2.48	62453	2089	0.00	0.76	2.47	
000510	新金路	0.50	4.01	0.02	4.01	4.02	37192	929	0.25	0.68	3.98	
000513	丽珠集团	0.04	26.25	0.01	26.24	26.25	56995	1013	0.00	0.96	26.21	
000514	渝开发	0.76	3.99	0.03	3.99	4.00	20588	315	-0.24	0.24	3.96	
000516	国际医学	0.21	4.85	0.01	4.85	4.86	62566	185	-0.20	0.32	4.83	
000517	荣安地产	-0.74	2.69	-0.02	2.69	2.70	88924	1276	0.00	0.29	2.71	
000518	四环生物	0.97	3.12	0.03	3.12	3.13	35004	255	-0.31	0.34	3.11	
000519	中兵红箭	-0.24	8.31	-0.02	8.31	8.32	279888	3672	-0.11	3.00	8.29	
000520	长航凤凰	2.49	4.12	0.10	4.12	4.13	94902	2469	0.49	0.94	4.02	
000521	长虹美菱	0.61	3.28	0.02	3.28	3.29	48524	675	0.31	0.60	3.26	
000523	广州浪奇	1.17	5.18	0.06	5.17	5.18	30869	383	-0.18	0.49	5.18	
000524	岭南控股	0.78	7.75	0.06	7.74	7.75	16760	255	0.26	0.62	7.65	
000525	红太阳	0.00	11.09	0.00	11.08	11.09	16108	203	0.00	0.28	10.98	
000526	紫光学大	0.00	26.97	0.00	26.78	26.98	6630	86	0.33	0.69	26.97	
000528	柳工	-0.32	6.20	-0.02	6.20	6.21	81193	2534	-0.15	0.56	6.19	
000529	广弘控股	2.36	6.06	0.14	6.06	6.07	31991	270	0.17	0.56	5.92	
000530	大冷股份	0.48	4.16	0.02	4.15	4.16	27540	429	0.00	0.46	4.13	
000531	穗恒运Ａ	1.38	6.63	0.09	6.63	6.64	23733	295	0.45	0.35	6.54	
000532	华金资本	3.20	9.67	0.30	9.65	9.67	32142	586	0.73	0.94	9.46	
000533	顺钠股份	2.00	2.55	0.05	2.55	2.56	47216	2501	0.39	0.69	2.49	
000534	万泽股份	1.35	10.48	0.14	10.41	10.48	33039	1000	1.26	0.67	10.34	
000536	华映科技	9.92	2.77	0.25	2.77	--  	533339	3409	0.00	2.66	2.53	
000537	广宇发展	0.15	6.48	0.01	6.47	6.48	34757	367	-0.14	0.68	6.47	
000538	云南白药	-0.80	76.46	-0.62	76.45	76.46	25505	378	0.01	0.42	76.35	
000539	粤电力Ａ	0.77	3.94	0.03	3.93	3.94	22820	23	0.00	0.09	3.89	
000540	中天金融	0.29	3.42	0.01	3.41	3.42	121941	1405	0.29	0.19	3.40	
000541	佛山照明	0.00	5.05	0.00	5.05	5.06	31799	452	-0.19	0.30	5.06	
000543	皖能电力	-0.45	4.44	-0.02	4.44	4.45	73936	1127	0.00	0.41	4.48	
000544	中原环保	-0.74	6.67	-0.05	6.67	6.68	60580	1424	-0.14	0.62	6.71	
000545	金浦钛业	1.62	3.14	0.05	3.13	3.14	39252	659	0.00	0.41	3.09	
000546	金圆股份	0.62	9.75	0.06	9.74	9.75	27200	382	0.41	0.41	9.92	
000547	航天发展	0.19	10.67	0.02	10.67	10.68	215758	2995	-0.08	1.96	10.71	
000548	湖南投资	1.73	4.12	0.07	4.11	4.12	14751	45	-0.23	0.30	4.05	
000550	江铃汽车	-2.82	16.90	-0.49	16.90	16.91	45180	617	0.24	0.87	17.59	
000551	创元科技	0.76	6.63	0.05	6.63	6.64	20746	392	-0.29	0.52	6.58	
000552	靖远煤电	-0.40	2.49	-0.01	2.48	2.49	60394	2426	0.00	0.26	2.49	
000553	安道麦A	-0.44	9.13	-0.04	9.12	9.13	15377	237	0.33	0.33	9.17	
000554	泰山石油	0.20	5.00	0.01	4.99	5.00	31494	316	0.20	0.87	4.98	
000555	神州信息	6.13	12.63	0.73	12.62	12.63	254416	3339	-0.07	2.72	11.90	
000557	西部创业	1.51	3.37	0.05	3.36	3.37	32490	760	0.30	0.56	3.31	
000558	莱茵体育	0.58	3.49	0.02	3.48	3.49	34975	792	0.00	0.27	3.46	
000559	万向钱潮	0.00	5.24	0.00	5.23	5.24	35838	1148	0.00	0.13	5.24	
000560	我爱我家	-0.45	4.39	-0.02	4.39	4.40	62989	383	-0.22	0.35	4.40	
000561	烽火电子	1.03	6.84	0.07	6.84	6.85	25709	671	-0.14	0.43	6.82	
000563	陕国投Ａ	0.97	4.16	0.04	4.16	4.17	226578	4440	0.00	0.57	4.12	
000564	供销大集	10.00	2.42	0.22	2.42	--  	175053	3453	0.00	0.93	2.36	
000565	渝三峡Ａ	1.13	5.35	0.06	5.34	5.35	17536	240	0.19	0.40	5.29	
000566	海南海药	-0.31	6.48	-0.02	6.48	6.49	70914	895	-0.14	0.59	6.45	
000567	海德股份	2.13	8.63	0.18	8.63	8.64	48080	588	0.12	2.21	8.52	
000568	泸州老窖	-0.59	87.22	-0.52	87.22	87.25	110955	997	0.26	0.76	87.21	
000570	苏常柴Ａ	2.40	4.70	0.11	4.70	4.71	22755	198	-0.41	0.55	4.53	
000571	*ST大洲	0.43	2.35	0.01	2.35	2.36	10820	779	0.00	0.13	2.34	
000572	*ST海马	0.53	1.91	0.01	1.90	1.91	314769	1486	0.00	1.92	1.91	
000573	粤宏远Ａ	1.42	2.85	0.04	2.85	2.86	39468	369	-0.34	0.63	2.84	
000576	广东甘化	-0.37	7.98	-0.03	7.98	7.99	42977	242	0.13	1.00	7.98	
000581	威孚高科	0.92	16.53	0.15	16.53	16.54	39495	812	0.12	0.47	16.43	
000582	北部湾港	-0.46	8.70	-0.04	8.70	8.73	14243	138	-0.45	0.54	8.84	
000584	哈工智能	-1.65	6.55	-0.11	6.55	6.56	39378	602	0.31	0.66	6.64	
000585	*ST东电	0.00	1.87	0.00	1.87	1.88	10797	141	-0.52	0.18	1.87	
000586	汇源通信	-0.50	11.83	-0.06	11.83	11.84	45209	1279	-0.07	2.34	12.02	
000587	金洲慈航	-0.97	2.05	-0.02	2.04	2.05	142440	3516	0.00	1.17	2.07	
000589	贵州轮胎	0.00	4.42	0.00	4.41	4.42	62204	817	0.00	0.80	4.42	
000590	启迪古汉	1.70	10.76	0.18	10.76	10.77	24960	236	0.37	1.12	10.58	
000591	太阳能	-0.63	3.13	-0.02	3.13	3.14	61785	415	0.00	0.30	3.15	
000592	平潭发展	0.00	2.75	0.00	2.75	2.76	106881	3077	-0.35	0.56	2.75	
000593	大通燃气	1.46	6.26	0.09	6.25	6.26	27550	907	0.16	0.77	6.21	
000595	宝塔实业	0.87	3.46	0.03	3.45	3.46	177223	8808	0.00	2.36	3.51	
000596	古井贡酒	0.33	115.38	0.38	115.38	115.39	15209	177	0.24	0.40	115.28	
000597	东北制药	-0.39	7.70	-0.03	7.70	7.71	21017	191	0.00	0.26	7.73	
000598	兴蓉环境	2.51	4.91	0.12	4.91	4.92	306378	4898	0.00	1.03	4.79	
000599	青岛双星	2.44	4.62	0.11	4.62	4.63	87317	661	0.22	1.14	4.55	
000600	建投能源	-1.48	5.31	-0.08	5.31	5.32	72079	71	0.00	0.66	5.36	
000601	韶能股份	-2.36	5.79	-0.14	5.79	5.83	70256	364	-0.33	0.65	5.92	
000603	盛达矿业	-0.80	13.69	-0.11	13.68	13.69	98962	1548	0.29	1.69	13.72
000605	渤海股份	0.84	7.20	0.06	7.20	7.21	9334	232	-0.27	0.34	7.16	
000606	顺利办	-0.17	5.87	-0.01	5.86	5.87	77044	272	0.51	1.09	5.81	
000607	华媒控股	1.18	5.16	0.06	5.15	5.16	260202	3707	-0.57	2.94	4.98	
000608	阳光股份	0.96	5.25	0.05	5.24	5.25	11482	265	-0.18	0.15	5.23	
000609	中迪投资	1.99	4.62	0.09	4.61	4.62	37378	273	0.22	1.28	4.55	
000610	西安旅游	0.00	10.21	0.00	10.20	10.21	87096	2084	-0.09	3.70	10.17	
000611	*ST天首	2.31	3.54	0.08	3.54	3.55	13105	345	-0.27	0.41	3.45	
000612	焦作万方	-2.87	4.40	-0.13	4.40	4.41	92297	1955	-0.22	0.78	4.48	
000613	大东海A	1.88	4.88	0.09	4.88	4.89	41119	802	0.21	1.55	4.75	
000615	京汉股份	-3.14	5.24	-0.17	5.23	5.24	104382	1580	0.19	1.62	5.36	
000616	海航投资	1.61	2.52	0.04	2.51	2.52	51504	1413	0.40	0.36	2.46	
000617	中油资本	-0.16	12.31	-0.02	12.23	12.31	13632	84	0.74	0.47	12.32	
000619	海螺型材	0.37	5.39	0.02	5.39	5.40	11939	40	0.00	0.33	5.37	
000620	新华联	0.23	4.41	0.01	4.40	4.41	31669	188	0.00	0.17	4.36	
000622	恒立实业	0.65	4.63	0.03	4.63	4.64	50974	861	0.43	1.20	4.61	
000623	吉林敖东	0.13	15.53	0.02	15.53	15.54	43962	609	0.06	0.38	15.51	
000625	长安汽车	-1.60	7.39	-0.12	7.39	7.40	258201	1826	0.00	0.69	7.55	
000626	远大控股	0.41	7.38	0.03	7.38	7.39	11443	171	-0.53	0.25	7.31	
000627	天茂集团	0.86	7.02	0.06	7.01	7.02	43269	1251	0.00	0.10	7.01	
000628	高新发展	0.83	9.75	0.08	9.74	9.75	11756	292	0.31	0.63	9.73	

数据来源:通达信
代码	名称	涨幅%	现价	涨跌	买价	卖价	总量	现量	涨速%	换手%	今开
数据来源:通达信
